 Vistelius (1995)
SiO2 TiO2 Al2O3 Fe2O3 FeO MnO MgO CaO Na2O K2O
2822 P 0 1 72.40805 0.25484 14.66216 0.67580 1.92443 0.04222 0.70724 1.45269 3.80999 4.06258
2823 P 0 1 72.40866 0.25483 14.66199 0.67596 1.92417 0.04222 0.70711 1.45240 3.80998 4.06268
2824 P 0 1 71.78362 0.28001 14.83179 0.62567 2.11401 0.04414 0.83800 1.70529 3.81848 3.95898
2825 P 0 1 71.78384 0.28000 14.83174 0.62571 2.11393 0.04413 0.83796 1.70520 3.81848 3.95902
2826 P 0 1 71.78297 0.28004 14.83196 0.62565 2.11418 0.04414 0.83814 1.70555 3.81848 3.95888
2827 P 0 1 71.78103 0.28011 14.83244 0.62551 2.11476 0.04414 0.83856 1.70635 3.81850 3.95857
2828 P 0 1 71.77805 0.28023 14.83318 0.62528 2.11567 0.04415 0.83920 1.70759 3.81853 3.95810
2829 P 0 1 71.77412 0.28039 14.83415 0.62498 2.11686 0.04416 0.84005 1.70923 3.81857 3.95748
2830 P 0 1 71.76934 0.28058 14.83533 0.62461 2.11831 0.04418 0.84109 1.71122 3.81862 3.95672
3275 P 0 1 72.40811 0.25485 14.66215 0.67589 1.92435 0.04222 0.70722 1.45262 3.80999 4.06259
3276 P 0 1 72.40916 0.25482 14.66187 0.67619 1.92388 0.04222 0.70699 1.45212 3.80997 4.06278
3277 P 0 1 71.79282 0.27964 14.82949 0.62630 2.11129 0.04411 0.83602 1.70150 3.81838 3.96044
3278 P 0 1 71.79552 0.27953 14.82883 0.62655 2.11044 0.04410 0.83544 1.70037 3.81836 3.96087
3279 P 0 1 71.79709 0.27947 14.82845 0.62670 2.10994 0.04410 0.83510 1.69970 3.81834 3.96112
3280 P 0 1 71.79743 0.27946 14.82837 0.62675 2.10981 0.04409 0.83502 1.69955 3.81834 3.96118
3281 P 0 1 71.79647 0.27950 14.82861 0.62669 2.11010 0.04410 0.83523 1.69994 3.81835 3.96102
3282 P 0 1 71.79419 0.27959 14.82918 0.62652 2.11078 0.04410 0.83572 1.70088 3.81837 3.96066
3283 P 0 1 71.79066 0.27973 14.83005 0.62624 2.11185 0.04411 0.83648 1.70235 3.81841 3.96010
3284 P 0 1 71.78597 0.27992 14.83122 0.62588 2.11328 0.04413 0.83749 1.70430 3.81845 3.95936
3285 P 0 1 71.78029 0.28014 14.83262 0.62543 2.11501 0.04415 0.83872 1.70667 3.81851 3.95846
3286 P 0 1 71.77379 0.28040 14.83422 0.62492 2.11698 0.04416 0.84013 1.70938 3.81858 3.95743
3287 P 0 1 71.76670 0.28068 14.83597 0.62438 2.11914 0.04419 0.84166 1.71234 3.81865 3.95630
3288 P 0 1 71.75922 0.28098 14.83781 0.62380 2.12140 0.04421 0.84328 1.71545 3.81872 3.95512
3728 P 0 1 72.40720 0.25488 14.66240 0.67568 1.92472 0.04223 0.70742 1.45304 3.81000 4.06243
3729 P 0 1 72.40859 0.25484 14.66204 0.67610 1.92408 0.04222 0.70711 1.45237 3.80998 4.06268
3730 P 0 1 71.79698 0.27946 14.82843 0.62649 2.11013 0.04410 0.83514 1.69983 3.81834 3.96110
3731 P 0 1 71.80238 0.27925 14.82709 0.62696 2.10845 0.04408 0.83397 1.69756 3.81829 3.96196
3732 P 0 1 71.80687 0.27908 14.82599 0.62736 2.10705 0.04407 0.83300 1.69568 3.81824 3.96268
3733 P 0 1 71.81021 0.27895 14.82517 0.62766 2.10600 0.04406 0.83227 1.69427 3.81821 3.96321
3734 P 0 1 71.81222 0.27887 14.82467 0.62785 2.10536 0.04405 0.83184 1.69342 3.81819 3.96353
3735 P 0 1 71.81273 0.27885 14.82455 0.62792 2.10518 0.04405 0.83173 1.69319 3.81818 3.96361
3736 P 0 1 71.81166 0.27890 14.82482 0.62785 2.10549 0.04405 0.83196 1.69363 3.81819 3.96344
3737 P 0 1 71.80899 0.27900 14.82549 0.62765 2.10630 0.04406 0.83253 1.69474 3.81822 3.96302
3738 P 0 1 71.80479 0.27917 14.82654 0.62732 2.10758 0.04407 0.83344 1.69649 3.81826 3.96235
3739 P 0 1 71.79918 0.27939 14.82793 0.62687 2.10929 0.04409 0.83465 1.69882 3.81832 3.96146
3740 P 0 1 71.79239 0.27966 14.82962 0.62634 2.11136 0.04411 0.83611 1.70165 3.81839 3.96038
3741 P 0 1 71.78464 0.27997 14.83153 0.62573 2.11372 0.04413 0.83778 1.70488 3.81847 3.95915
3742 P 0 1 71.77622 0.28030 14.83361 0.62507 2.11628 0.04416 0.83960 1.70839 3.81855 3.95781
3743 P 0 1 71.76740 0.28065 14.83579 0.62440 2.11895 0.04418 0.84151 1.71206 3.81864 3.95641
3744 P 0 1 71.75842 0.28101 14.83801 0.62372 2.12167 0.04421 0.84345 1.71580 3.81873 3.95499
3745 P 0 1 71.74951 0.28136 14.84020 0.62305 2.12435 0.04424 0.84538 1.71951 3.81881 3.95359
4181 P 0 1 72.40545 0.25493 14.66287 0.67520 1.92550 0.04224 0.70780 1.45386 3.81004 4.06212
4182 P 0 1 72.40702 0.25489 14.66246 0.67568 1.92477 0.04223 0.70745 1.45310 3.81001 4.06240
4183 P 0 1 72.40864 0.25484 14.66203 0.67617 1.92402 0.04222 0.70710 1.45232 3.80998 4.06269
4184 P 0 1 71.80314 0.27921 14.82686 0.62684 2.10836 0.04408 0.83382 1.69733 3.81828 3.96208
4185 P 0 1 71.81043 0.27893 14.82506 0.62747 2.10610 0.04406 0.83224 1.69427 3.81820 3.96324
4186 P 0 1 71.81696 0.27867 14.82344 0.62804 2.10407 0.04404 0.83083 1.69153 3.81814 3.96428
4187 P 0 1 71.82246 0.27846 14.82208 0.62853 2.10235 0.04402 0.82964 1.68922 3.81808 3.96516
4188 P 0 1 71.82662 0.27830 14.82105 0.62891 2.10104 0.04401 0.82874 1.68747 3.81804 3.96582
4189 P 0 1 71.82919 0.27820 14.82042 0.62915 2.10022 0.04400 0.82819 1.68639 3.81801 3.96623
4190 P 0 1 71.82995 0.27817 14.82024 0.62924 2.09997 0.04400 0.82802 1.68606 3.81800 3.96636
4191 P 0 1 71.82877 0.27822 14.82054 0.62917 2.10031 0.04400 0.82827 1.68654 3.81801 3.96617
4192 P 0 1 71.82563 0.27834 14.82132 0.62892 2.10127 0.04401 0.82895 1.68784 3.81805 3.96567
4193 P 0 1 71.82061 0.27854 14.82258 0.62852 2.10280 0.04403 0.83003 1.68993 3.81810 3.96487
4194 P 0 1 71.81388 0.27881 14.82426 0.62798 2.10486 0.04405 0.83148 1.69273 3.81817 3.96379
4195 P 0 1 71.80572 0.27913 14.82629 0.62733 2.10735 0.04407 0.83324 1.69613 3.81825 3.96250
4196 P 0 1 72.79905 0.22440 14.48999 0.47799 1.99045 0.04281 0.64623 1.39854 3.80154 4.12899
4197 P 0 1 72.79869 0.22429 14.48953 0.47646 1.99203 0.04283 0.64637 1.39935 3.80151 4.12894
4198 P 0 1 72.79886 0.22415 14.48885 0.47483 1.99357 0.04284 0.64641 1.40002 3.80148 4.12898
4199 P 0 1 72.79957 0.22398 14.48799 0.47314 1.99502 0.04286 0.64636 1.40053 3.80143 4.12912
4200 P 0 1 72.80080 0.22378 14.48695 0.47145 1.99635 0.04287 0.64621 1.40085 3.80138 4.12935
4201 P 0 1 72.80251 0.22357 14.48576 0.46979 1.99753 0.04288 0.64597 1.40099 3.80131 4.12967
4635 P 0 1 72.40475 0.25495 14.66306 0.67502 1.92579 0.04224 0.70795 1.45419 3.81005 4.06199
4636 P 0 1 72.40643 0.25490 14.66262 0.67555 1.92501 0.04223 0.70758 1.45337 3.81002 4.06229
4637 P 0 1 71.79774 0.27941 14.82815 0.62622 2.11017 0.04410 0.83499 1.69967 3.81833 3.96122
4638 P 0 1 71.80712 0.27904 14.82583 0.62699 2.10728 0.04407 0.83297 1.69575 3.81823 3.96271
4639 P 0 1 71.81631 0.27868 14.82355 0.62777 2.10444 0.04404 0.83099 1.69190 3.81814 3.96418
4640 P 0 1 71.82503 0.27834 14.82139 0.62852 2.10173 0.04401 0.82910 1.68825 3.81805 3.96557
4641 P 0 1 71.83294 0.27803 14.81942 0.62922 2.09927 0.04399 0.82740 1.68493 3.81797 3.96683
4642 P 0 1 71.83969 0.27777 14.81774 0.62982 2.09715 0.04397 0.82594 1.68210 3.81790 3.96791
4643 P 0 1 71.84490 0.27757 14.81645 0.63030 2.09552 0.04395 0.82482 1.67991 3.81784 3.96874
4644 P 0 1 71.84820 0.27744 14.81563 0.63061 2.09447 0.04394 0.82411 1.67852 3.81781 3.96927
4645 P 0 1 71.84931 0.27740 14.81536 0.63074 2.09410 0.04394 0.82386 1.67804 3.81779 3.96945
4646 P 0 1 72.79950 0.22505 14.49282 0.48614 1.98254 0.04274 0.64576 1.39475 3.80168 4.12903
4647 P 0 1 72.79666 0.22514 14.49361 0.48582 1.98358 0.04275 0.64630 1.39589 3.80172 4.12852
4648 P 0 1 72.79415 0.22519 14.49415 0.48508 1.98493 0.04276 0.64679 1.39711 3.80176 4.12808
4649 P 0 1 72.79206 0.22518 14.49442 0.48397 1.98653 0.04278 0.64723 1.39834 3.80178 4.12772
4650 P 0 1 72.79045 0.22513 14.49441 0.48254 1.98830 0.04279 0.64760 1.39955 3.80178 4.12744
4651 P 0 1 72.78941 0.22504 14.49413 0.48087 1.99018 0.04281 0.64787 1.40066 3.80177 4.12727
4652 P 0 1 72.78897 0.22490 14.49358 0.47903 1.99206 0.04283 0.64803 1.40164 3.80175 4.12720
4653 P 0 1 72.78918 0.22473 14.49279 0.47708 1.99389 0.04285 0.64809 1.40244 3.80171 4.12725
4654 P 0 1 72.79002 0.22453 14.49177 0.47510 1.99559 0.04286 0.64802 1.40303 3.80165 4.12742
4655 P 0 1 72.79149 0.22431 14.49056 0.47313 1.99713 0.04288 0.64784 1.40339 3.80159 4.12769
4656 P 0 1 72.79354 0.22406 14.48917 0.47121 1.99847 0.04289 0.64756 1.40353 3.80151 4.12807
4657 P 0 1 72.79611 0.22380 14.48764 0.46938 1.99960 0.04290 0.64717 1.40344 3.80142 4.12854
4658 P 0 1 72.79913 0.22353 14.48600 0.46764 2.00052 0.04291 0.64669 1.40316 3.80133 4.12909
5089 P 0 1 72.40374 0.25498 14.66333 0.67475 1.92624 0.04224 0.70817 1.45466 3.81007 4.06181
5090 P 0 1 72.40545 0.25493 14.66288 0.67529 1.92543 0.04223 0.70779 1.45383 3.81004 4.06212
5091 P 0 1 71.79780 0.27939 14.82810 0.62604 2.11029 0.04410 0.83499 1.69972 3.81833 3.96123
5092 P 0 1 71.80855 0.27897 14.82543 0.62692 2.10700 0.04407 0.83267 1.69524 3.81822 3.96294
5093 P 0 1 71.81948 0.27854 14.82272 0.62782 2.10363 0.04403 0.83032 1.69067 3.81811 3.96468
5094 P 0 1 71.83031 0.27812 14.82002 0.62874 2.10028 0.04400 0.82798 1.68614 3.81799 3.96641
5095 P 0 1 71.84074 0.27771 14.81742 0.62964 2.09705 0.04397 0.82574 1.68178 3.81788 3.96808
5096 P 0 1 71.85034 0.27733 14.81502 0.63049 2.09405 0.04394 0.82367 1.67776 3.81778 3.96961
5097 P 0 1 71.85866 0.27701 14.81294 0.63124 2.09145 0.04391 0.82187 1.67427 3.81769 3.97095
5098 P 0 1 72.80198 0.22515 14.49289 0.48855 1.97961 0.04271 0.64519 1.39280 3.80167 4.12945
5099 P 0 1 72.79802 0.22540 14.49456 0.48968 1.97957 0.04271 0.64586 1.39370 3.80177 4.12875
5100 P 0 1 72.79420 0.22561 14.49601 0.49034 1.97994 0.04271 0.64653 1.39476 3.80185 4.12807
5101 P 0 1 72.79057 0.22577 14.49722 0.49048 1.98074 0.04272 0.64718 1.39597 3.80192 4.12742
5102 P 0 1 72.78722 0.22588 14.49815 0.49008 1.98197 0.04273 0.64782 1.39733 3.80198 4.12683
5103 P 0 1 72.78424 0.22593 14.49878 0.48917 1.98361 0.04275 0.64841 1.39879 3.80202 4.12631
5104 P 0 1 73.12050 0.20407 14.34831 0.39446 1.99273 0.04277 0.59196 1.32407 3.79289 4.18824
5105 P 0 1 73.12111 0.20386 14.34707 0.39249 1.99480 0.04279 0.59190 1.32477 3.79281 4.18841
5106 P 0 1 73.12307 0.20355 14.34518 0.39015 1.99693 0.04281 0.59162 1.32517 3.79269 4.18883
5107 P 0 1 73.12630 0.20317 14.34272 0.38757 1.99901 0.04283 0.59112 1.32525 3.79253 4.18950
5108 P 0 1 73.13068 0.20273 14.33978 0.38485 2.00096 0.04285 0.59043 1.32499 3.79234 4.19038
5109 P 0 1 73.13608 0.20225 14.33646 0.38208 2.00271 0.04286 0.58956 1.32442 3.79213 4.19145
5110 P 0 1 73.14234 0.20173 14.33285 0.37933 2.00422 0.04287 0.58853 1.32353 3.79189 4.19269
5111 P 0 1 73.14932 0.20119 14.32902 0.37666 2.00547 0.04289 0.58738 1.32237 3.79164 4.19406
5112 P 0 1 72.78655 0.22429 14.49113 0.47055 2.00093 0.04291 0.64887 1.40630 3.80163 4.12684
5113 P 0 1 72.79014 0.22398 14.48923 0.46860 2.00192 0.04292 0.64829 1.40591 3.80152 4.12749
5114 P 0 1 72.79416 0.22366 14.48725 0.46679 2.00265 0.04293 0.64764 1.40530 3.80140 4.12822
5543 P 0 1 72.40248 0.25502 14.66366 0.67438 1.92681 0.04225 0.70845 1.45527 3.81009 4.06159
5544 P 0 1 72.40415 0.25497 14.66323 0.67492 1.92602 0.04224 0.70808 1.45445 3.81006 4.06189
5545 P 0 1 71.79550 0.27947 14.82862 0.62568 2.11114 0.04411 0.83550 1.70076 3.81835 3.96087
5546 P 0 1 71.80727 0.27900 14.82570 0.62661 2.10755 0.04407 0.83296 1.69586 3.81823 3.96274
5547 P 0 1 71.81959 0.27852 14.82263 0.62761 2.10378 0.04403 0.83031 1.69073 3.81810 3.96470
5548 P 0 1 71.83226 0.27802 14.81947 0.62865 2.09988 0.04400 0.82758 1.68545 3.81797 3.96672
5549 P 0 1 71.84500 0.27752 14.81629 0.62973 2.09595 0.04396 0.82484 1.68013 3.81784 3.96876
5550 P 0 1 71.85745 0.27703 14.81317 0.63081 2.09208 0.04392 0.82216 1.67493 3.81770 3.97075
5551 P 0 1 72.80330 0.22512 14.49257 0.48885 1.97899 0.04270 0.64493 1.39221 3.80165 4.12969
5552 P 0 1 72.79858 0.22549 14.49486 0.49106 1.97813 0.04269 0.64568 1.39289 3.80178 4.12884
5553 P 0 1 72.79392 0.22583 14.49701 0.49294 1.97756 0.04269 0.64645 1.39370 3.80190 4.12801
5554 P 0 1 72.78935 0.22613 14.49896 0.49436 1.97741 0.04269 0.64721 1.39469 3.80201 4.12719
5555 P 0 1 73.11166 0.20524 14.35566 0.40309 1.98547 0.04270 0.59325 1.32316 3.79336 4.18641
5556 P 0 1 73.10595 0.20551 14.35777 0.40351 1.98653 0.04271 0.59423 1.32494 3.79350 4.18536
5557 P 0 1 73.10177 0.20563 14.35896 0.40311 1.98809 0.04273 0.59497 1.32657 3.79357 4.18460
5558 P 0 1 73.09921 0.20562 14.35921 0.40192 1.99009 0.04275 0.59545 1.32800 3.79359 4.18416
5559 P 0 1 73.09833 0.20547 14.35854 0.40003 1.99243 0.04277 0.59566 1.32917 3.79355 4.18404
5560 P 0 1 73.50140 0.19724 14.25439 0.49864 1.78847 0.04067 0.52246 1.15122 3.78558 4.25992
5561 P 0 1 73.68908 0.18758 14.17403 0.46533 1.76876 0.04043 0.49386 1.10415 3.78002 4.29676
5562 P 0 1 73.70266 0.18685 14.16792 0.46239 1.76785 0.04041 0.49185 1.10100 3.77959 4.29946
5563 P 0 1 73.71837 0.18604 14.16094 0.45934 1.76648 0.04040 0.48952 1.09722 3.77910 4.30259
5564 P 0 1 73.73567 0.18515 14.15332 0.45630 1.76470 0.04037 0.48694 1.09294 3.77855 4.30606
5565 P 0 1 73.75411 0.18423 14.14525 0.45333 1.76254 0.04035 0.48417 1.08828 3.77797 4.30976
5566 P 0 1 73.77326 0.18330 14.13692 0.45049 1.76008 0.04032 0.48130 1.08335 3.77737 4.31362
5567 P 0 1 73.79274 0.18236 14.12847 0.44781 1.75738 0.04028 0.47838 1.07826 3.77675 4.31756
5568 P 0 1 73.15063 0.20078 14.32658 0.37315 2.00926 0.04292 0.58722 1.32356 3.79148 4.19441
5569 P 0 1 73.16010 0.20016 14.32197 0.37064 2.00969 0.04292 0.58564 1.32146 3.79118 4.19624
5998 P 0 1 72.40262 0.25502 14.66364 0.67447 1.92671 0.04225 0.70842 1.45518 3.81009 4.06161
5999 P 0 1 71.79102 0.27963 14.82969 0.62515 2.11265 0.04412 0.83648 1.70271 3.81839 3.96015
6000 P 0 1 71.80337 0.27914 14.82662 0.62609 2.10891 0.04409 0.83382 1.69758 3.81827 3.96212
6001 P 0 1 71.81660 0.27862 14.82332 0.62713 2.10489 0.04405 0.83097 1.69208 3.81813 3.96422
6002 P 0 1 71.83061 0.27807 14.81982 0.62825 2.10060 0.04400 0.82795 1.68625 3.81799 3.96646
6003 P 0 1 71.84522 0.27749 14.81616 0.62945 2.09612 0.04396 0.82481 1.68017 3.81783 3.96879
6004 P 0 1 71.86013 0.27690 14.81242 0.63072 2.09151 0.04391 0.82160 1.67395 3.81767 3.97118
6005 P 0 1 72.80124 0.22528 14.49356 0.48978 1.97864 0.04270 0.64526 1.39252 3.80171 4.12932
6006 P 0 1 72.79581 0.22574 14.49632 0.49271 1.97729 0.04269 0.64611 1.39314 3.80186 4.12834
6007 P 0 1 73.11806 0.20500 14.35357 0.40318 1.98365 0.04268 0.59214 1.32090 3.79323 4.18758
6008 P 0 1 73.10729 0.20571 14.35866 0.40620 1.98320 0.04268 0.59392 1.32324 3.79355 4.18554
6009 P 0 1 73.09755 0.20631 14.36307 0.40858 1.98319 0.04268 0.59554 1.32552 3.79383 4.18370
6010 P 0 1 73.08916 0.20679 14.36662 0.41013 1.98375 0.04269 0.59696 1.32772 3.79406 4.18213
6011 P 0 1 73.27489 0.20821 14.34394 0.52544 1.82435 0.04108 0.55899 1.21491 3.79166 4.21654
6012 P 0 1 73.44170 0.19949 14.27575 0.49604 1.80640 0.04086 0.53256 1.17179 3.78718 4.24824
6013 P 0 1 73.44193 0.19938 14.27524 0.49451 1.80769 0.04088 0.53261 1.17234 3.78716 4.24826
6014 P 0 1 73.44622 0.19905 14.27302 0.49222 1.80860 0.04089 0.53203 1.17187 3.78703 4.24907
6015 P 0 1 73.45423 0.19854 14.26926 0.48934 1.80907 0.04089 0.53087 1.17042 3.78679 4.25060
6016 P 0 1 73.40211 0.20411 14.30220 0.54502 1.77518 0.04055 0.53599 1.16504 3.78843 4.24137
6017 P 0 1 73.41532 0.20339 14.29668 0.54201 1.77423 0.04054 0.53398 1.16192 3.78807 4.24387
6018 P 0 1 73.43055 0.20258 14.29040 0.53900 1.77275 0.04052 0.53162 1.15814 3.78766 4.24678
6019 P 0 1 73.44732 0.20172 14.28355 0.53609 1.77080 0.04050 0.52901 1.15383 3.78720 4.24999
6020 P 0 1 73.46515 0.20083 14.27631 0.53334 1.76844 0.04047 0.52622 1.14912 3.78671 4.25342
6021 P 0 1 73.63850 0.19316 14.20842 0.52347 1.73148 0.04005 0.49835 1.09720 3.78177 4.28759
6022 P 0 1 73.65957 0.19217 14.19976 0.52106 1.72797 0.04001 0.49510 1.09143 3.78115 4.29178
6023 P 0 1 73.78905 0.18241 14.12946 0.44643 1.75968 0.04031 0.47904 1.07999 3.77685 4.31680
6024 P 0 1 73.81102 0.18138 14.12006 0.44389 1.75618 0.04027 0.47572 1.07407 3.77615 4.32125
6025 P 0 1 73.52336 0.18959 14.21373 0.40590 1.87172 0.04150 0.52364 1.18287 3.78362 4.26406
6452 P 0 1 72.40096 0.25507 14.66407 0.67397 1.92748 0.04226 0.70878 1.45598 3.81011 4.06132
6453 P 0 1 72.40256 0.25502 14.66366 0.67450 1.92671 0.04225 0.70842 1.45519 3.81009 4.06161
6454 P 0 1 71.79715 0.27938 14.82811 0.62541 2.11096 0.04411 0.83517 1.70025 3.81833 3.96113
6455 P 0 1 71.81076 0.27883 14.82472 0.62644 2.10685 0.04406 0.83224 1.69462 3.81819 3.96329
6456 P 0 1 71.82549 0.27825 14.82103 0.62757 2.10239 0.04402 0.82907 1.68850 3.81804 3.96564
6457 P 0 1 71.84128 0.27762 14.81707 0.62882 2.09757 0.04397 0.82568 1.68195 3.81787 3.96816
6458 P 0 1 72.80615 0.22479 14.49073 0.48624 1.98073 0.04272 0.64454 1.39236 3.80155 4.13020
6459 P 0 1 72.80006 0.22532 14.49391 0.48969 1.97903 0.04270 0.64548 1.39298 3.80173 4.12911
6460 P 0 1 73.12600 0.20444 14.34958 0.40052 1.98447 0.04269 0.59083 1.31938 3.79297 4.18910
6461 P 0 1 73.11208 0.20541 14.35646 0.40498 1.98327 0.04268 0.59312 1.32215 3.79341 4.18644
6462 P 0 1 72.98342 0.21415 14.41745 0.44540 1.97464 0.04262 0.61434 1.34847 3.79720 4.16232
6463 P 0 1 73.27301 0.20842 14.34512 0.52750 1.82308 0.04107 0.55917 1.21469 3.79172 4.21621
6464 P 0 1 73.42277 0.20061 14.28420 0.50151 1.80654 0.04087 0.53539 1.17577 3.78772 4.24463
6465 P 0 1 73.40833 0.20130 14.28991 0.50310 1.80892 0.04090 0.53772 1.17987 3.78811 4.24185
6466 P 0 1 73.33871 0.20761 14.32855 0.56012 1.77935 0.04061 0.54568 1.17984 3.79011 4.22942
6467 P 0 1 73.33409 0.20776 14.33007 0.55924 1.78124 0.04063 0.54653 1.18171 3.79023 4.22851
6468 P 0 1 73.33446 0.20764 14.32956 0.55735 1.78265 0.04064 0.54660 1.18234 3.79022 4.22854
6469 P 0 1 73.33958 0.20727 14.32715 0.55466 1.78350 0.04065 0.54592 1.18172 3.79009 4.22947
6470 P 0 1 73.34896 0.20669 14.32306 0.55142 1.78370 0.04065 0.54455 1.17992 3.78984 4.23121
6471 P 0 1 73.36196 0.20595 14.31756 0.54788 1.78322 0.04064 0.54259 1.17706 3.78949 4.23364
6472 P 0 1 73.37787 0.20507 14.31096 0.54425 1.78207 0.04063 0.54014 1.17329 3.78907 4.23665
6473 P 0 1 73.39601 0.20411 14.30353 0.54069 1.78030 0.04060 0.53732 1.16876 3.78859 4.24009
6474 P 0 1 73.41577 0.20310 14.29551 0.53732 1.77795 0.04058 0.53422 1.16363 3.78805 4.24386
6475 P 0 1 73.43661 0.20205 14.28711 0.53419 1.77514 0.04054 0.53094 1.15807 3.78749 4.24786
6476 P 0 1 73.45806 0.20100 14.27851 0.53134 1.77193 0.04051 0.52754 1.15222 3.78690 4.25199
6477 P 0 1 73.47973 0.19996 14.26986 0.52878 1.76843 0.04047 0.52410 1.14619 3.78630 4.25619
6478 P 0 1 73.27200 0.20492 14.33050 0.47537 1.86966 0.04154 0.56248 1.23670 3.79127 4.21556
6479 P 0 1 73.28747 0.20410 14.32416 0.47271 1.86809 0.04152 0.55997 1.23264 3.79086 4.21848
6480 P 0 1 73.43350 0.19756 14.26867 0.46314 1.83858 0.04119 0.53581 1.18809 3.78705 4.24640
6481 P 0 1 73.44957 0.19676 14.26208 0.46093 1.83642 0.04117 0.53325 1.18372 3.78660 4.24950
6906 P 0 1 72.39929 0.25511 14.66451 0.67345 1.92826 0.04226 0.70915 1.45680 3.81014 4.06102
6907 P 0 1 72.40067 0.25508 14.66415 0.67392 1.92758 0.04226 0.70884 1.45611 3.81012 4.06127
6908 P 0 1 71.78912 0.27968 14.83006 0.62462 2.11353 0.04413 0.83691 1.70367 3.81841 3.95985
6909 P 0 1 71.80257 0.27914 14.82671 0.62559 2.10951 0.04409 0.83402 1.69812 3.81827 3.96199
6910 P 0 1 71.81738 0.27855 14.82300 0.62668 2.10506 0.04405 0.83083 1.69199 3.81812 3.96434
6911 P 0 1 71.83359 0.27790 14.81893 0.62790 2.10016 0.04400 0.82735 1.68528 3.81795 3.96693
6912 P 0 1 72.80673 0.22465 14.49004 0.48483 1.98192 0.04273 0.64450 1.39278 3.80151 4.13031
6913 P 0 1 72.79999 0.22523 14.49352 0.48854 1.98013 0.04271 0.64555 1.39351 3.80171 4.12910
6914 P 0 1 73.12596 0.20437 14.34923 0.39979 1.98529 0.04270 0.59086 1.31973 3.79295 4.18911
6915 P 0 1 72.99191 0.21347 14.41304 0.44156 1.97633 0.04264 0.61298 1.34724 3.79693 4.16390
6916 P 0 1 73.28196 0.20791 14.34137 0.52529 1.82265 0.04106 0.55778 1.21262 3.79148 4.21789
6917 P 0 1 73.42339 0.20057 14.28389 0.50119 1.80666 0.04087 0.53531 1.17570 3.78770 4.24474
6918 P 0 1 73.39771 0.20187 14.29437 0.50527 1.80980 0.04091 0.53937 1.18248 3.78840 4.23983
6919 P 0 1 73.31684 0.20876 14.33734 0.56425 1.78167 0.04063 0.54912 1.18540 3.79067 4.22531
6920 P 0 1 73.29980 0.20957 14.34386 0.56587 1.78476 0.04067 0.55192 1.19038 3.79112 4.22207
6921 P 0 1 73.28821 0.21008 14.34812 0.56618 1.78748 0.04070 0.55389 1.19408 3.79141 4.21985
6922 P 0 1 73.28274 0.21025 14.34989 0.56505 1.78978 0.04072 0.55491 1.19634 3.79155 4.21878
6923 P 0 1 73.28352 0.21007 14.34912 0.56259 1.79153 0.04074 0.55495 1.19705 3.79153 4.21887
6924 P 0 1 73.29018 0.20960 14.34602 0.55913 1.79260 0.04075 0.55406 1.19624 3.79136 4.22007
6925 P 0 1 73.30196 0.20887 14.34092 0.55503 1.79287 0.04075 0.55233 1.19398 3.79106 4.22224
6926 P 0 1 73.31791 0.20795 14.33422 0.55067 1.79230 0.04074 0.54990 1.19045 3.79065 4.22521
6927 P 0 1 73.33711 0.20689 14.32631 0.54631 1.79090 0.04072 0.54693 1.18586 3.79014 4.22882
6928 P 0 1 73.35870 0.20575 14.31754 0.54215 1.78874 0.04070 0.54354 1.18042 3.78957 4.23290
6929 P 0 1 73.38194 0.20456 14.30818 0.53828 1.78591 0.04067 0.53987 1.17433 3.78895 4.23731
6930 P 0 1 73.40621 0.20334 14.29847 0.53477 1.78253 0.04063 0.53601 1.16778 3.78830 4.24195
6931 P 0 1 73.21712 0.20765 14.35203 0.48237 1.87754 0.04163 0.57154 1.25221 3.79268 4.20523
6932 P 0 1 73.23522 0.20666 14.34455 0.47883 1.87608 0.04161 0.56861 1.24760 3.79220 4.20863
6933 P 0 1 73.25324 0.20570 14.33718 0.47563 1.87434 0.04159 0.56568 1.24290 3.79173 4.21202
6934 P 0 1 73.27088 0.20478 14.33002 0.47275 1.87241 0.04156 0.56281 1.23819 3.79126 4.21534
6935 P 0 1 73.28789 0.20390 14.32315 0.47017 1.87036 0.04154 0.56004 1.23357 3.79081 4.21855
6936 P 0 1 73.30410 0.20308 14.31665 0.46788 1.86826 0.04152 0.55739 1.22912 3.79039 4.22162
7361 P 0 1 72.39884 0.25513 14.66463 0.67335 1.92845 0.04227 0.70925 1.45700 3.81015 4.06094
7362 P 0 1 71.77983 0.28004 14.83233 0.62378 2.11645 0.04416 0.83893 1.70760 3.81850 3.95838
7363 P 0 1 71.79268 0.27952 14.82912 0.62466 2.11265 0.04412 0.83616 1.70230 3.81837 3.96041
7364 P 0 1 71.80700 0.27895 14.82553 0.62565 2.10839 0.04408 0.83308 1.69640 3.81822 3.96269
7365 P 0 1 71.82291 0.27831 14.82154 0.62679 2.10364 0.04403 0.82967 1.68984 3.81806 3.96522
7366 P 0 1 72.80851 0.22440 14.48870 0.48271 1.98348 0.04274 0.64428 1.39310 3.80144 4.13064
7367 P 0 1 73.14669 0.20286 14.33847 0.39236 1.98807 0.04272 0.58747 1.31599 3.79226 4.19311
7368 P 0 1 73.00724 0.21225 14.40501 0.43465 1.97941 0.04267 0.61053 1.34502 3.79645 4.16678
7369 P 0 1 72.99281 0.21330 14.41205 0.43993 1.97775 0.04265 0.61289 1.34765 3.79688 4.16409
7370 P 0 1 73.44876 0.19918 14.27308 0.49574 1.80482 0.04085 0.53139 1.16959 3.78699 4.24961
7371 P 0 1 73.41515 0.20090 14.28691 0.50122 1.80878 0.04089 0.53669 1.17839 3.78792 4.24315
7372 P 0 1 73.32340 0.20839 14.33460 0.56245 1.78142 0.04063 0.54812 1.18395 3.79051 4.22652
7373 P 0 1 73.29349 0.20988 14.34631 0.56669 1.78572 0.04068 0.55294 1.19213 3.79128 4.22087
7374 P 0 1 73.26705 0.21120 14.35656 0.57023 1.78969 0.04073 0.55724 1.19947 3.79195 4.21589
7375 P 0 1 73.24588 0.21222 14.36463 0.57252 1.79329 0.04077 0.56073 1.20557 3.79249 4.21190
7376 P 0 1 73.23157 0.21286 14.36987 0.57305 1.79653 0.04080 0.56317 1.21011 3.79285 4.20919
7377 P 0 1 73.22511 0.21305 14.37191 0.57158 1.79934 0.04083 0.56440 1.21285 3.79301 4.20793
7378 P 0 1 73.22662 0.21280 14.37073 0.56831 1.80154 0.04085 0.56438 1.21365 3.79297 4.20814
7379 P 0 1 73.23542 0.21217 14.36668 0.56376 1.80291 0.04087 0.56318 1.21254 3.79275 4.20972
7380 P 0 1 73.25034 0.21124 14.36027 0.55856 1.80327 0.04087 0.56096 1.20967 3.79237 4.21245
7381 P 0 1 73.27001 0.21010 14.35208 0.55320 1.80255 0.04086 0.55795 1.20529 3.79187 4.21609
7382 P 0 1 73.29318 0.20883 14.34262 0.54803 1.80081 0.04084 0.55432 1.19969 3.79128 4.22042
7383 P 0 1 73.31880 0.20747 14.33230 0.54321 1.79816 0.04080 0.55027 1.19315 3.79061 4.22523
7384 P 0 1 73.34602 0.20608 14.32144 0.53885 1.79473 0.04076 0.54592 1.18592 3.78990 4.23039
7385 P 0 1 73.17172 0.20985 14.36936 0.48720 1.88494 0.04171 0.57915 1.26551 3.79381 4.19675
7386 P 0 1 73.19243 0.20870 14.36079 0.48292 1.88349 0.04169 0.57578 1.26032 3.79327 4.20061
7387 P 0 1 73.21328 0.20757 14.35228 0.47907 1.88161 0.04167 0.57238 1.25491 3.79273 4.20451
7388 P 0 1 73.23389 0.20648 14.34395 0.47562 1.87943 0.04164 0.56901 1.24942 3.79219 4.20837
7389 P 0 1 73.25394 0.20544 14.33589 0.47254 1.87706 0.04161 0.56573 1.24398 3.79167 4.21214
7390 P 0 1 73.27317 0.20446 14.32821 0.46980 1.87459 0.04159 0.56257 1.23868 3.79117 4.21577
7391 P 0 1 73.29134 0.20355 14.32098 0.46737 1.87210 0.04156 0.55960 1.23361 3.79069 4.21920
7392 P 0 1 73.30831 0.20271 14.31424 0.46522 1.86966 0.04153 0.55681 1.22883 3.79024 4.22242
7816 P 0 1 72.39821 0.25515 14.66480 0.67318 1.92872 0.04227 0.70938 1.45729 3.81016 4.06083
7817 P 0 1 71.78179 0.27995 14.83179 0.62371 2.11604 0.04415 0.83852 1.70689 3.81848 3.95869
7818 P 0 1 71.79518 0.27940 14.82843 0.62458 2.11211 0.04412 0.83564 1.70138 3.81834 3.96081
7819 P 0 1 71.81020 0.27880 14.82466 0.62559 2.10767 0.04407 0.83242 1.69521 3.81819 3.96320
7820 P 0 1 72.81150 0.22406 14.48678 0.48008 1.98522 0.04276 0.64385 1.39321 3.80134 4.13119
7821 P 0 1 73.02686 0.21076 14.39502 0.42672 1.98252 0.04269 0.60735 1.34178 3.79584 4.17046
7822 P 0 1 73.01263 0.21176 14.40185 0.43149 1.98127 0.04268 0.60969 1.34457 3.79626 4.16780
7823 P 0 1 73.31648 0.20593 14.32678 0.51659 1.82114 0.04104 0.55243 1.20470 3.79057 4.22435
7824 P 0 1 73.45604 0.19871 14.26962 0.49297 1.80536 0.04085 0.53035 1.16834 3.78677 4.25099
7825 P 0 1 73.35789 0.20656 14.32064 0.55563 1.77801 0.04059 0.54273 1.17532 3.78960 4.23303
7826 P 0 1 73.32012 0.20844 14.33549 0.56086 1.78353 0.04065 0.54880 1.18566 3.79059 4.22586
7827 P 0 1 73.28210 0.21035 14.35037 0.56636 1.78890 0.04071 0.55493 1.19603 3.79157 4.21868
7828 P 0 1 73.24552 0.21220 14.36462 0.57180 1.79395 0.04077 0.56085 1.20598 3.79250 4.21182
7829 P 0 1 73.21260 0.21386 14.37734 0.57660 1.79858 0.04083 0.56621 1.21501 3.79332 4.20567
7830 P 0 1 73.18598 0.21518 14.38746 0.57992 1.80275 0.04087 0.57060 1.22255 3.79397 4.20070
7831 P 0 1 73.16811 0.21600 14.39399 0.58086 1.80657 0.04092 0.57366 1.22815 3.79441 4.19734
7832 P 0 1 73.16051 0.21621 14.39632 0.57889 1.81004 0.04095 0.57514 1.23148 3.79460 4.19586
7833 P 0 1 73.16327 0.21584 14.39448 0.57439 1.81289 0.04098 0.57499 1.23236 3.79453 4.19628
7834 P 0 1 73.17516 0.21498 14.38907 0.56832 1.81467 0.04100 0.57334 1.23082 3.79424 4.19840
7835 P 0 1 73.19425 0.21379 14.38094 0.56170 1.81510 0.04100 0.57048 1.22710 3.79377 4.20187
7836 P 0 1 73.21856 0.21238 14.37092 0.55519 1.81414 0.04099 0.56671 1.22161 3.79316 4.20634
7837 P 0 1 73.24645 0.21085 14.35966 0.54913 1.81192 0.04096 0.56230 1.21476 3.79246 4.21152
7838 P 0 1 73.27668 0.20926 14.34761 0.54368 1.80862 0.04092 0.55746 1.20691 3.79169 4.21718
7839 P 0 1 73.11951 0.21240 14.38914 0.49288 1.89334 0.04180 0.58796 1.28083 3.79508 4.18705
7840 P 0 1 73.14294 0.21106 14.37944 0.48770 1.89199 0.04178 0.58414 1.27507 3.79448 4.19139
7841 P 0 1 73.16683 0.20975 14.36970 0.48307 1.89004 0.04176 0.58023 1.26893 3.79387 4.19583
7842 P 0 1 73.19073 0.20847 14.36007 0.47894 1.88763 0.04173 0.57629 1.26259 3.79326 4.20028
7843 P 0 1 73.21423 0.20725 14.35068 0.47527 1.88491 0.04170 0.57242 1.25620 3.79265 4.20468
7844 P 0 1 73.23696 0.20609 14.34166 0.47202 1.88200 0.04167 0.56867 1.24992 3.79207 4.20894
7845 P 0 1 73.25860 0.20500 14.33311 0.46915 1.87903 0.04163 0.56511 1.24385 3.79151 4.21302
7846 P 0 1 73.27891 0.20400 14.32510 0.46661 1.87609 0.04160 0.56176 1.23811 3.79098 4.21685
7847 P 0 1 73.29771 0.20307 14.31770 0.46438 1.87326 0.04157 0.55866 1.23275 3.79049 4.22041
8270 P 0 1 72.39645 0.25519 14.66525 0.67261 1.92956 0.04228 0.70978 1.45816 3.81019 4.06052
8271 P 0 1 71.77052 0.28039 14.83456 0.62279 2.11950 0.04419 0.84096 1.71160 3.81859 3.95690
8272 P 0 1 71.78269 0.27989 14.83151 0.62354 2.11596 0.04415 0.83834 1.70662 3.81847 3.95883
8273 P 0 1 71.79643 0.27933 14.82805 0.62440 2.11196 0.04411 0.83539 1.70099 3.81833 3.96101
8274 P 0 1 72.81559 0.22366 14.48440 0.47719 1.98695 0.04277 0.64324 1.39306 3.80120 4.13193
8275 P 0 1 73.03494 0.21012 14.39071 0.42313 1.98417 0.04271 0.60605 1.34060 3.79557 4.17200
8276 P 0 1 73.02070 0.21109 14.39745 0.42760 1.98322 0.04270 0.60840 1.34352 3.79599 4.16933
8277 P 0 1 73.33108 0.20509 14.32054 0.51285 1.82057 0.04103 0.55018 1.20139 3.79017 4.22710
8278 P 0 1 73.47220 0.19778 14.26250 0.48883 1.80480 0.04084 0.52791 1.16474 3.78630 4.25409
8279 P 0 1 73.37122 0.20578 14.31496 0.55172 1.77772 0.04058 0.54075 1.17250 3.78925 4.23552
8280 P 0 1 73.32956 0.20783 14.33129 0.55706 1.78414 0.04066 0.54746 1.18406 3.79035 4.22759
8281 P 0 1 73.28547 0.21002 14.34851 0.56305 1.79067 0.04073 0.55459 1.19623 3.79148 4.21925
8282 P 0 1 73.24006 0.21231 14.36616 0.56960 1.79709 0.04081 0.56195 1.20867 3.79263 4.21073
8283 P 0 1 73.19521 0.21459 14.38352 0.57645 1.80312 0.04088 0.56925 1.22086 3.79375 4.20236
8284 P 0 1 73.15384 0.21672 14.39945 0.58299 1.80853 0.04094 0.57601 1.23207 3.79476 4.19470
8285 P 0 1 73.11980 0.21846 14.41238 0.58798 1.81328 0.04099 0.58163 1.24149 3.79557 4.18841
8286 P 0 1 73.09708 0.21953 14.42068 0.58971 1.81770 0.04104 0.58552 1.24844 3.79611 4.18420
8287 P 0 1 73.08824 0.21976 14.42326 0.58696 1.82207 0.04109 0.58729 1.25251 3.79632 4.18248
8288 P 0 1 73.09322 0.21917 14.42029 0.58048 1.82589 0.04113 0.58689 1.25345 3.79621 4.18327
8289 P 0 1 73.10964 0.21800 14.41293 0.57227 1.82822 0.04115 0.58458 1.25123 3.79581 4.18617
8290 P 0 1 73.13428 0.21646 14.40257 0.56392 1.82863 0.04115 0.58083 1.24631 3.79522 4.19063
8291 P 0 1 73.16429 0.21473 14.39037 0.55619 1.82723 0.04113 0.57610 1.23937 3.79449 4.19612
8292 P 0 1 73.03535 0.21685 14.42201 0.50652 1.90281 0.04191 0.60205 1.30379 3.79712 4.17158
8293 P 0 1 73.06009 0.21532 14.41147 0.49945 1.90278 0.04191 0.59806 1.29833 3.79650 4.17610
8294 P 0 1 73.08624 0.21379 14.40060 0.49317 1.90171 0.04189 0.59379 1.29206 3.79584 4.18090
8295 P 0 1 73.11327 0.21227 14.38959 0.48762 1.89979 0.04187 0.58934 1.28521 3.79516 4.18588
8296 P 0 1 73.14066 0.21079 14.37860 0.48272 1.89720 0.04184 0.58481 1.27797 3.79447 4.19095
8297 P 0 1 73.16794 0.20936 14.36776 0.47838 1.89412 0.04180 0.58029 1.27056 3.79378 4.19603
8298 P 0 1 73.19463 0.20799 14.35724 0.47455 1.89072 0.04176 0.57585 1.26314 3.79310 4.20101
8299 P 0 1 73.22030 0.20670 14.34717 0.47117 1.88718 0.04172 0.57159 1.25590 3.79245 4.20581
8300 P 0 1 73.24457 0.20549 14.33768 0.46819 1.88362 0.04168 0.56756 1.24898 3.79183 4.21037
8301 P 0 1 73.26717 0.20439 14.32886 0.46557 1.88017 0.04164 0.56382 1.24250 3.79125 4.21463
8302 P 0 1 73.28789 0.20339 14.32077 0.46328 1.87690 0.04161 0.56040 1.23651 3.79071 4.21855
8725 P 0 1 72.39564 0.25522 14.66547 0.67238 1.92993 0.04228 0.70996 1.45855 3.81021 4.06037
8726 P 0 1 71.77020 0.28039 14.83458 0.62256 2.11977 0.04419 0.84104 1.71183 3.81859 3.95685
8727 P 0 1 71.78244 0.27988 14.83151 0.62327 2.11624 0.04416 0.83841 1.70683 3.81847 3.95879
8728 P 0 1 72.82054 0.22321 14.48170 0.47422 1.98854 0.04279 0.64247 1.39264 3.80105 4.13283
8729 P 0 1 73.04460 0.20939 14.38576 0.41933 1.98566 0.04272 0.60448 1.33897 3.79526 4.17382
8730 P 0 1 73.03088 0.21030 14.39216 0.42336 1.98501 0.04271 0.60676 1.34191 3.79566 4.17125
8731 P 0 1 73.35021 0.20404 14.31254 0.50869 1.81920 0.04101 0.54719 1.19676 3.78966 4.23072
8732 P 0 1 73.49547 0.19652 14.25248 0.48392 1.80309 0.04082 0.52434 1.15915 3.78563 4.25858
8733 P 0 1 73.39352 0.20457 14.30576 0.54690 1.77588 0.04056 0.53731 1.16710 3.78866 4.23974
8734 P 0 1 73.35065 0.20664 14.32252 0.55181 1.78295 0.04064 0.54423 1.17921 3.78979 4.23154
8735 P 0 1 73.30368 0.20894 14.34080 0.55749 1.79045 0.04073 0.55186 1.19243 3.79102 4.22262
8736 P 0 1 73.25289 0.21145 14.36046 0.56403 1.79823 0.04082 0.56013 1.20663 3.79231 4.21305
8737 P 0 1 73.19915 0.21415 14.38117 0.57150 1.80603 0.04091 0.56892 1.22153 3.79365 4.20300
8738 P 0 1 73.14433 0.21695 14.40222 0.57982 1.81343 0.04099 0.57791 1.23653 3.79499 4.19284
8739 P 0 1 73.09187 0.21969 14.42229 0.58854 1.81993 0.04107 0.58653 1.25066 3.79623 4.18320
8740 P 0 1 73.04738 0.22203 14.43919 0.59619 1.82525 0.04113 0.59387 1.26260 3.79727 4.17508
8741 P 0 1 73.01774 0.22351 14.45009 0.59966 1.83006 0.04118 0.59892 1.27125 3.79795 4.16965
8742 P 0 1 73.00769 0.22371 14.45281 0.59555 1.83577 0.04124 0.60103 1.27631 3.79818 4.16771
8743 P 0 1 73.01669 0.22276 14.44783 0.58564 1.84123 0.04130 0.60015 1.27727 3.79798 4.16916
8744 P 0 1 73.03992 0.22111 14.43761 0.57457 1.84411 0.04132 0.59680 1.27388 3.79744 4.17325
8745 P 0 1 73.07188 0.21914 14.42443 0.56444 1.84412 0.04132 0.59182 1.26718 3.79668 4.17899
8746 P 0 1 72.96638 0.22036 14.44787 0.51550 1.91258 0.04202 0.61385 1.32370 3.79871 4.15902
8747 P 0 1 72.99343 0.21861 14.43621 0.50682 1.91336 0.04202 0.60951 1.31808 3.79804 4.16391
8748 P 0 1 73.02227 0.21687 14.42418 0.49926 1.91275 0.04201 0.60479 1.31139 3.79732 4.16915
8749 P 0 1 73.05233 0.21514 14.41194 0.49265 1.91100 0.04199 0.59982 1.30390 3.79658 4.17465
8750 P 0 1 73.08319 0.21345 14.39959 0.48687 1.90832 0.04196 0.59468 1.29581 3.79582 4.18032
8751 P 0 1 73.11438 0.21179 14.38729 0.48179 1.90491 0.04192 0.58946 1.28733 3.79505 4.18608
8752 P 0 1 73.14536 0.21019 14.37517 0.47732 1.90101 0.04187 0.58428 1.27868 3.79428 4.19182
8753 P 0 1 73.36754 0.19791 14.28142 0.43352 1.88498 0.04167 0.54833 1.22261 3.78822 4.23379
8754 P 0 1 73.40219 0.19621 14.26738 0.42930 1.88001 0.04161 0.54271 1.21288 3.78727 4.24044
8755 P 0 1 73.43467 0.19464 14.25421 0.42554 1.87514 0.04156 0.53745 1.20370 3.78637 4.24671
8756 P 0 1 73.46467 0.19320 14.24203 0.42220 1.87053 0.04150 0.53262 1.19520 3.78553 4.25252
8757 P 0 1 73.49199 0.19190 14.23091 0.41923 1.86624 0.04146 0.52824 1.18745 3.78476 4.25783
8758 P 0 1 73.51965 0.19013 14.21719 0.41066 1.86771 0.04146 0.52405 1.18203 3.78384 4.26328
9180 P 0 1 71.75820 0.28086 14.83755 0.62169 2.12337 0.04423 0.84363 1.71681 3.81871 3.95495
9181 P 0 1 71.76888 0.28042 14.83486 0.62226 2.12033 0.04420 0.84134 1.71247 3.81860 3.95664
9182 P 0 1 72.82607 0.22274 14.47884 0.47133 1.98992 0.04280 0.64160 1.39198 3.80089 4.13384
9183 P 0 1 73.05520 0.20862 14.38048 0.41557 1.98690 0.04273 0.60274 1.33701 3.79493 4.17583
9184 P 0 1 73.04245 0.20945 14.38635 0.41908 1.98651 0.04273 0.60486 1.33984 3.79530 4.17343
9185 P 0 1 73.37227 0.20286 14.30342 0.50450 1.81711 0.04099 0.54371 1.19118 3.78906 4.23491
9186 P 0 1 73.52353 0.19505 14.24055 0.47877 1.80035 0.04079 0.52000 1.15210 3.78482 4.26403
9187 P 0 1 73.42223 0.20309 14.29408 0.54181 1.77261 0.04052 0.53283 1.15974 3.78788 4.24521
9188 P 0 1 73.38060 0.20506 14.31033 0.54600 1.77994 0.04060 0.53956 1.17169 3.78900 4.23721
9189 P 0 1 73.33400 0.20729 14.32841 0.55089 1.78798 0.04070 0.54714 1.18506 3.79023 4.22831
9190 P 0 1 73.28210 0.20979 14.34843 0.55661 1.79669 0.04079 0.55562 1.19991 3.79157 4.21847
9191 P 0 1 73.22478 0.21259 14.37040 0.56333 1.80598 0.04090 0.56505 1.21626 3.79302 4.20769
9192 P 0 1 73.16238 0.21569 14.39417 0.57125 1.81561 0.04101 0.57537 1.23392 3.79455 4.19605
9193 P 0 1 73.09618 0.21905 14.41927 0.58056 1.82507 0.04112 0.58636 1.25242 3.79614 4.18383
9194 P 0 1 73.02953 0.22253 14.44449 0.59134 1.83352 0.04122 0.59743 1.27060 3.79768 4.17166
9195 P 0 1 72.96974 0.22576 14.46713 0.60266 1.83985 0.04129 0.60733 1.28635 3.79903 4.16086
9196 P 0 1 72.92931 0.22794 14.48226 0.61018 1.84425 0.04134 0.61408 1.29712 3.79992 4.15361
9197 P 0 1 72.91851 0.22801 14.48467 0.60320 1.85232 0.04143 0.61657 1.30365 3.80016 4.15148
9198 P 0 1 72.93516 0.22637 14.47599 0.58730 1.86052 0.04151 0.61473 1.30442 3.79979 4.15421
9199 P 0 1 72.96874 0.22409 14.46174 0.57348 1.86304 0.04153 0.60965 1.29859 3.79903 4.16011
9200 P 0 1 73.00983 0.22165 14.44529 0.56229 1.86167 0.04151 0.60304 1.28916 3.79809 4.16748
9201 P 0 1 72.92010 0.22223 14.46297 0.51457 1.92531 0.04216 0.62225 1.34012 3.79968 4.15062
9202 P 0 1 72.95171 0.22026 14.44975 0.50560 1.92523 0.04215 0.61707 1.33302 3.79891 4.15631
9203 P 0 1 72.98455 0.21832 14.43638 0.49789 1.92376 0.04213 0.61160 1.32499 3.79812 4.16226
9204 P 0 1 73.01848 0.21642 14.42286 0.49120 1.92112 0.04210 0.60591 1.31617 3.79730 4.16845
9205 P 0 1 73.21969 0.20501 14.33934 0.44910 1.90866 0.04193 0.57279 1.26563 3.79209 4.20576
9206 P 0 1 73.26242 0.20282 14.32214 0.44302 1.90340 0.04187 0.56573 1.25381 3.79097 4.21381
9207 P 0 1 73.30454 0.20072 14.30527 0.43759 1.89766 0.04181 0.55880 1.24198 3.78985 4.22179
9208 P 0 1 73.34530 0.19872 14.28897 0.43274 1.89171 0.04174 0.55211 1.23040 3.78876 4.22956
9209 P 0 1 73.38399 0.19685 14.27349 0.42841 1.88578 0.04167 0.54579 1.21934 3.78771 4.23697
9210 P 0 1 73.42002 0.19513 14.25904 0.42454 1.88009 0.04161 0.53994 1.20900 3.78672 4.24390
9211 P 0 1 73.45299 0.19357 14.24578 0.42111 1.87478 0.04155 0.53460 1.19954 3.78581 4.25027
9212 P 0 1 73.20578 0.20407 14.33679 0.43104 1.93056 0.04215 0.57597 1.27828 3.79203 4.20332
9213 P 0 1 73.22652 0.20304 14.32860 0.42852 1.92765 0.04212 0.57251 1.27234 3.79149 4.20722
9635 P 0 1 71.75619 0.28093 14.83800 0.62138 2.12411 0.04423 0.84408 1.71772 3.81873 3.95463
9636 P 0 1 71.76655 0.28050 14.83539 0.62189 2.12119 0.04420 0.84186 1.71353 3.81862 3.95627
9637 P 0 1 73.06616 0.20786 14.37514 0.41199 1.98785 0.04273 0.60093 1.33484 3.79460 4.17790
9638 P 0 1 73.05466 0.20859 14.38038 0.41499 1.98767 0.04274 0.60285 1.33746 3.79493 4.17574
9639 P 0 1 73.39571 0.20165 14.29381 0.50052 1.81448 0.04096 0.54000 1.18508 3.78842 4.23938
9640 P 0 1 73.55410 0.19350 14.22766 0.47377 1.79683 0.04074 0.51527 1.14421 3.78394 4.27000
9641 P 0 1 73.45456 0.20147 14.28103 0.53692 1.76824 0.04047 0.52774 1.15114 3.78700 4.25143
9642 P 0 1 73.41592 0.20327 14.29610 0.54032 1.77545 0.04055 0.53399 1.16239 3.78805 4.24395
9643 P 0 1 73.37218 0.20531 14.31306 0.54427 1.78352 0.04064 0.54111 1.17515 3.78922 4.23555
9644 P 0 1 73.32270 0.20764 14.33210 0.54888 1.79252 0.04074 0.54921 1.18959 3.79052 4.22610
9645 P 0 1 73.26687 0.21030 14.35343 0.55427 1.80249 0.04086 0.55841 1.20590 3.79195 4.21551
9646 P 0 1 73.20407 0.21331 14.37723 0.56062 1.81346 0.04098 0.56885 1.22425 3.79353 4.20371
9647 P 0 1 73.13388 0.21673 14.40359 0.56816 1.82533 0.04111 0.58060 1.24473 3.79523 4.19063
9648 P 0 1 73.05643 0.22056 14.43244 0.57720 1.83782 0.04126 0.59366 1.26721 3.79706 4.17636
9649 P 0 1 72.97338 0.22477 14.46319 0.58827 1.85011 0.04139 0.60774 1.29095 3.79895 4.16123
9650 P 0 1 72.89120 0.22913 14.49367 0.60194 1.86014 0.04151 0.62165 1.31353 3.80076 4.14648
9651 P 0 1 72.83025 0.23236 14.51589 0.61178 1.86784 0.04160 0.63209 1.33052 3.80205 4.13563
9652 P 0 1 72.82054 0.23201 14.51661 0.59854 1.88053 0.04173 0.63487 1.33932 3.80224 4.13362
9653 P 0 1 72.85370 0.22947 14.50189 0.58051 1.88647 0.04178 0.63008 1.33529 3.80152 4.13929
9654 P 0 1 72.90213 0.22656 14.48281 0.56723 1.88497 0.04176 0.62216 1.32407 3.80045 4.14786
9655 P 0 1 72.84144 0.22602 14.49084 0.52142 1.93939 0.04231 0.63617 1.36457 3.80136 4.13649
9656 P 0 1 72.87667 0.22380 14.47627 0.51133 1.93938 0.04230 0.63032 1.35663 3.80053 4.14278
9657 P 0 1 72.91199 0.22169 14.46196 0.50271 1.93810 0.04228 0.62440 1.34806 3.79970 4.14912
9658 P 0 1 73.09120 0.21123 14.38828 0.46241 1.92944 0.04216 0.59451 1.30367 3.79525 4.18184
9659 P 0 1 73.13748 0.20875 14.36971 0.45477 1.92475 0.04211 0.58677 1.29115 3.79408 4.19043
9660 P 0 1 73.18465 0.20631 14.35096 0.44796 1.91905 0.04204 0.57889 1.27803 3.79288 4.19923
9661 P 0 1 73.23224 0.20392 14.33216 0.44187 1.91254 0.04197 0.57096 1.26453 3.79165 4.20816
9662 P 0 1 73.27938 0.20161 14.31359 0.43640 1.90554 0.04189 0.56313 1.25097 3.79043 4.21706
9663 P 0 1 73.00315 0.21401 14.41410 0.45309 1.96171 0.04250 0.61050 1.33817 3.79696 4.16581
9664 P 0 1 73.03432 0.21244 14.40223 0.44929 1.95733 0.04245 0.60514 1.32906 3.79622 4.17152
9665 P 0 1 72.95224 0.21450 14.42327 0.43526 1.99328 0.04281 0.62030 1.36393 3.79759 4.15683
