 Vistelius (1995)
SiO2 TiO2 Al2O3 Fe2O3 FeO MnO MgO CaO Na2O K2O
2822 P 0 1 72.36967 0.25669 14.67424 0.67743 1.93259 0.04231 0.71464 1.46577 3.81064 4.05603
2823 P 0 1 72.37231 0.25656 14.67341 0.67731 1.93204 0.04230 0.71413 1.46487 3.81059 4.05648
2824 P 0 1 72.37387 0.25648 14.67292 0.67723 1.93171 0.04230 0.71383 1.46434 3.81057 4.05674
2825 P 0 1 72.37425 0.25647 14.67280 0.67722 1.93163 0.04230 0.71376 1.46421 3.81056 4.05681
2826 P 0 1 72.37340 0.25651 14.67307 0.67726 1.93181 0.04230 0.71392 1.46450 3.81057 4.05666
2827 P 0 1 72.37135 0.25661 14.67371 0.67735 1.93224 0.04231 0.71432 1.46520 3.81061 4.05631
2828 P 0 1 72.36816 0.25676 14.67471 0.67749 1.93291 0.04231 0.71493 1.46628 3.81066 4.05577
2829 P 0 1 72.36399 0.25696 14.67602 0.67768 1.93379 0.04232 0.71574 1.46770 3.81073 4.05506
2830 P 0 1 72.35902 0.25720 14.67758 0.67791 1.93483 0.04233 0.71670 1.46939 3.81081 4.05422
3275 P 0 1 72.37326 0.25651 14.67311 0.67726 1.93184 0.04230 0.71395 1.46455 3.81058 4.05664
3276 P 0 1 72.37859 0.25626 14.67144 0.67702 1.93072 0.04229 0.71292 1.46274 3.81049 4.05755
3277 P 0 1 72.38304 0.25604 14.67004 0.67682 1.92978 0.04228 0.71206 1.46122 3.81041 4.05830
3278 P 0 1 72.38637 0.25588 14.66899 0.67667 1.92908 0.04227 0.71142 1.46009 3.81036 4.05887
3279 P 0 1 72.38837 0.25579 14.66836 0.67657 1.92866 0.04227 0.71104 1.45941 3.81032 4.05921
3280 P 0 1 72.38889 0.25576 14.66819 0.67655 1.92855 0.04227 0.71093 1.45924 3.81031 4.05930
3281 P 0 1 72.38787 0.25581 14.66851 0.67660 1.92876 0.04227 0.71113 1.45958 3.81033 4.05913
3282 P 0 1 72.38533 0.25593 14.66932 0.67671 1.92930 0.04228 0.71162 1.46045 3.81037 4.05869
3283 P 0 1 72.38137 0.25612 14.67056 0.67689 1.93013 0.04228 0.71238 1.46179 3.81044 4.05802
3284 P 0 1 72.37620 0.25637 14.67219 0.67713 1.93122 0.04230 0.71338 1.46355 3.81053 4.05714
3285 P 0 1 72.37006 0.25667 14.67412 0.67741 1.93251 0.04231 0.71456 1.46564 3.81063 4.05609
3286 P 0 1 72.36323 0.25700 14.67626 0.67772 1.93395 0.04232 0.71588 1.46796 3.81074 4.05493
3287 P 0 1 72.35600 0.25734 14.67853 0.67805 1.93547 0.04234 0.71728 1.47042 3.81086 4.05370
3288 P 0 1 72.34864 0.25770 14.68083 0.67838 1.93701 0.04236 0.71870 1.47293 3.81099 4.05245
3728 P 0 1 72.37108 0.25662 14.67380 0.67736 1.93230 0.04231 0.71437 1.46529 3.81061 4.05627
3729 P 0 1 72.37879 0.25625 14.67137 0.67701 1.93068 0.04229 0.71288 1.46267 3.81048 4.05758
3730 P 0 1 72.38610 0.25589 14.66907 0.67668 1.92914 0.04227 0.71147 1.46018 3.81036 4.05883
3731 P 0 1 72.39272 0.25558 14.66699 0.67638 1.92775 0.04226 0.71020 1.45794 3.81025 4.05995
3732 P 0 1 72.39830 0.25531 14.66522 0.67612 1.92657 0.04225 0.70913 1.45604 3.81016 4.06091
3733 P 0 1 72.40252 0.25510 14.66389 0.67593 1.92568 0.04224 0.70831 1.45461 3.81008 4.06163
3734 P 0 1 72.40509 0.25498 14.66308 0.67581 1.92514 0.04223 0.70782 1.45374 3.81004 4.06207
3735 P 0 1 72.40582 0.25495 14.66285 0.67578 1.92499 0.04223 0.70768 1.45349 3.81003 4.06219
3736 P 0 1 72.40459 0.25500 14.66324 0.67584 1.92525 0.04223 0.70792 1.45391 3.81005 4.06198
3737 P 0 1 72.40143 0.25516 14.66424 0.67598 1.92591 0.04224 0.70852 1.45498 3.81010 4.06144
3738 P 0 1 72.39649 0.25539 14.66579 0.67620 1.92695 0.04225 0.70947 1.45666 3.81019 4.06060
3739 P 0 1 72.39004 0.25570 14.66783 0.67650 1.92831 0.04227 0.71071 1.45884 3.81030 4.05950
3740 P 0 1 72.38243 0.25607 14.67023 0.67685 1.92991 0.04228 0.71218 1.46143 3.81042 4.05820
3741 P 0 1 72.37402 0.25648 14.67287 0.67723 1.93168 0.04230 0.71380 1.46429 3.81056 4.05677
3742 P 0 1 72.36520 0.25690 14.67564 0.67763 1.93353 0.04232 0.71550 1.46729 3.81071 4.05527
3743 P 0 1 72.35631 0.25733 14.67843 0.67803 1.93540 0.04234 0.71722 1.47032 3.81086 4.05376
3744 P 0 1 72.34763 0.25775 14.68115 0.67843 1.93722 0.04236 0.71890 1.47327 3.81100 4.05228
3745 P 0 1 72.33938 0.25815 14.68373 0.67880 1.93896 0.04238 0.72050 1.47609 3.81114 4.05089
4181 P 0 1 72.36356 0.25698 14.67616 0.67770 1.93388 0.04232 0.71582 1.46785 3.81074 4.05499
4182 P 0 1 72.37270 0.25654 14.67329 0.67729 1.93196 0.04230 0.71405 1.46474 3.81059 4.05654
4183 P 0 1 72.38207 0.25609 14.67034 0.67686 1.92998 0.04228 0.71225 1.46155 3.81043 4.05814
4184 P 0 1 72.39142 0.25564 14.66740 0.67644 1.92802 0.04226 0.71045 1.45838 3.81027 4.05973
4185 P 0 1 72.40040 0.25521 14.66456 0.67603 1.92613 0.04224 0.70872 1.45533 3.81012 4.06127
4186 P 0 1 72.40862 0.25481 14.66196 0.67565 1.92440 0.04222 0.70714 1.45254 3.80998 4.06267
4187 P 0 1 72.41564 0.25447 14.65974 0.67533 1.92292 0.04221 0.70580 1.45016 3.80986 4.06387
4188 P 0 1 72.42103 0.25421 14.65803 0.67509 1.92178 0.04220 0.70476 1.44834 3.80977 4.06479
4189 P 0 1 72.42438 0.25405 14.65697 0.67493 1.92108 0.04219 0.70412 1.44721 3.80971 4.06537
4190 P 0 1 72.42538 0.25400 14.65665 0.67489 1.92087 0.04219 0.70393 1.44687 3.80969 4.06554
4191 P 0 1 72.42390 0.25408 14.65712 0.67495 1.92118 0.04219 0.70421 1.44737 3.80972 4.06528
4192 P 0 1 72.41995 0.25427 14.65837 0.67513 1.92201 0.04220 0.70497 1.44870 3.80979 4.06461
4193 P 0 1 72.41376 0.25456 14.66033 0.67542 1.92332 0.04221 0.70616 1.45080 3.80989 4.06355
4194 P 0 1 72.40568 0.25495 14.66289 0.67579 1.92502 0.04223 0.70771 1.45354 3.81003 4.06217
4195 P 0 1 72.39619 0.25541 14.66589 0.67622 1.92701 0.04225 0.70953 1.45676 3.81019 4.06055
4196 P 0 1 72.38581 0.25591 14.66916 0.67669 1.92920 0.04227 0.71153 1.46028 3.81037 4.05878
4197 P 0 1 72.37504 0.25643 14.67255 0.67718 1.93146 0.04230 0.71360 1.46394 3.81055 4.05694
4198 P 0 1 72.36432 0.25694 14.67592 0.67767 1.93372 0.04232 0.71567 1.46759 3.81073 4.05512
4199 P 0 1 72.35398 0.25744 14.67916 0.67814 1.93589 0.04235 0.71767 1.47111 3.81090 4.05336
4200 P 0 1 72.34430 0.25791 14.68219 0.67858 1.93793 0.04237 0.71954 1.47441 3.81106 4.05172
4201 P 0 1 72.33542 0.25834 14.68496 0.67898 1.93979 0.04239 0.72126 1.47744 3.81120 4.05021
4635 P 0 1 72.36172 0.25707 14.67674 0.67779 1.93426 0.04233 0.71617 1.46847 3.81077 4.05468
4636 P 0 1 72.37186 0.25658 14.67355 0.67733 1.93213 0.04231 0.71422 1.46502 3.81060 4.05640
4637 P 0 1 72.38263 0.25606 14.67017 0.67684 1.92987 0.04228 0.71214 1.46136 3.81042 4.05823
4638 P 0 1 72.39381 0.25552 14.66664 0.67633 1.92751 0.04226 0.70999 1.45756 3.81023 4.06014
4639 P 0 1 72.40512 0.25498 14.66307 0.67581 1.92513 0.04223 0.70781 1.45373 3.81004 4.06207
4640 P 0 1 72.41615 0.25445 14.65958 0.67531 1.92281 0.04221 0.70570 1.44999 3.80985 4.06396
4641 P 0 1 72.42639 0.25396 14.65633 0.67484 1.92066 0.04218 0.70374 1.44653 3.80968 4.06571
4642 P 0 1 72.43527 0.25353 14.65350 0.67443 1.91878 0.04216 0.70204 1.44352 3.80952 4.06723
4643 P 0 1 72.44219 0.25320 14.65130 0.67412 1.91733 0.04215 0.70071 1.44118 3.80940 4.06842
4644 P 0 1 72.44657 0.25299 14.64990 0.67392 1.91640 0.04214 0.69988 1.43970 3.80933 4.06917
4645 P 0 1 72.44799 0.25292 14.64945 0.67385 1.91610 0.04214 0.69961 1.43923 3.80930 4.06942
4646 P 0 1 72.44620 0.25301 14.65002 0.67393 1.91648 0.04214 0.69995 1.43983 3.80933 4.06911
4647 P 0 1 72.44124 0.25324 14.65160 0.67416 1.91752 0.04215 0.70089 1.44150 3.80942 4.06826
4648 P 0 1 71.73813 0.28759 14.86074 0.70534 2.06386 0.04366 0.84171 1.68708 3.81936 3.95253
4649 P 0 1 71.71828 0.28857 14.86623 0.70620 2.06793 0.04370 0.84587 1.69423 3.81958 3.94940
4650 P 0 1 71.69451 0.28975 14.87278 0.70722 2.07281 0.04375 0.85086 1.70283 3.81984 3.94565
4651 P 0 1 71.66806 0.29107 14.88003 0.70835 2.07823 0.04381 0.85644 1.71240 3.82012 3.94150
4652 P 0 1 71.64021 0.29245 14.88762 0.70953 2.08393 0.04387 0.86233 1.72251 3.82041 3.93715
4653 P 0 1 71.61210 0.29386 14.89523 0.71073 2.08968 0.04392 0.86829 1.73274 3.82069 3.93276
4654 P 0 1 71.58466 0.29523 14.90263 0.71190 2.09528 0.04398 0.87413 1.74274 3.82096 3.92849
4655 P 0 1 71.55862 0.29653 14.90961 0.71300 2.10060 0.04403 0.87969 1.75226 3.82122 3.92446
4656 P 0 1 71.53448 0.29773 14.91604 0.71402 2.10552 0.04408 0.88486 1.76110 3.82144 3.92072
4657 P 0 1 71.51254 0.29883 14.92186 0.71494 2.10998 0.04412 0.88958 1.76915 3.82165 3.91734
4658 P 0 1 71.49294 0.29981 14.92704 0.71577 2.11397 0.04416 0.89379 1.77635 3.82183 3.91433
5089 P 0 1 72.35783 0.25726 14.67796 0.67796 1.93508 0.04234 0.71693 1.46980 3.81083 4.05402
5090 P 0 1 72.36853 0.25674 14.67460 0.67748 1.93283 0.04231 0.71486 1.46616 3.81066 4.05583
5091 P 0 1 72.38023 0.25618 14.67092 0.67695 1.93037 0.04229 0.71260 1.46218 3.81046 4.05783
5092 P 0 1 72.39283 0.25557 14.66695 0.67637 1.92772 0.04226 0.71018 1.45790 3.81025 4.05997
5093 P 0 1 72.40611 0.25493 14.66275 0.67577 1.92493 0.04223 0.70762 1.45339 3.81002 4.06224
5094 P 0 1 72.41975 0.25428 14.65843 0.67514 1.92205 0.04220 0.70501 1.44877 3.80979 4.06457
5095 P 0 1 72.43328 0.25363 14.65414 0.67453 1.91920 0.04217 0.70242 1.44420 3.80956 4.06689
5096 P 0 1 72.44605 0.25301 14.65007 0.67394 1.91651 0.04214 0.69998 1.43988 3.80934 4.06908
5097 P 0 1 72.45733 0.25247 14.64647 0.67343 1.91413 0.04212 0.69782 1.43607 3.80914 4.07102
5098 P 0 1 72.46627 0.25204 14.64361 0.67302 1.91225 0.04210 0.69612 1.43306 3.80898 4.07256
5099 P 0 1 72.47207 0.25176 14.64175 0.67275 1.91102 0.04208 0.69502 1.43110 3.80888 4.07356
5100 P 0 1 71.82178 0.28344 14.83736 0.70174 2.04665 0.04349 0.82429 1.65704 3.81841 3.96580
5101 P 0 1 71.81879 0.28359 14.83821 0.70187 2.04727 0.04350 0.82491 1.65811 3.81844 3.96533
5102 P 0 1 71.80773 0.28414 14.84132 0.70234 2.04954 0.04352 0.82720 1.66207 3.81857 3.96356
5103 P 0 1 71.78918 0.28505 14.84652 0.70315 2.05336 0.04356 0.83106 1.66872 3.81879 3.96061
5104 P 0 1 71.76429 0.28629 14.85347 0.70422 2.05848 0.04361 0.83624 1.67766 3.81907 3.95667
5105 P 0 1 71.73464 0.28776 14.86171 0.70549 2.06457 0.04367 0.84244 1.68833 3.81940 3.95198
5106 P 0 1 71.70197 0.28938 14.87073 0.70690 2.07128 0.04374 0.84929 1.70013 3.81976 3.94683
5107 P 0 1 71.66795 0.29107 14.88006 0.70835 2.07825 0.04381 0.85646 1.71244 3.82012 3.94148
5108 P 0 1 71.63403 0.29276 14.88929 0.70980 2.08519 0.04388 0.86364 1.72476 3.82047 3.93618
5109 P 0 1 71.60137 0.29439 14.89813 0.71119 2.09187 0.04394 0.87057 1.73664 3.82080 3.93109
5110 P 0 1 71.57081 0.29592 14.90634 0.71248 2.09811 0.04401 0.87709 1.74780 3.82110 3.92634
5111 P 0 1 71.54287 0.29731 14.91381 0.71366 2.10381 0.04406 0.88307 1.75803 3.82137 3.92202
5112 P 0 1 71.51782 0.29857 14.92047 0.71472 2.10891 0.04411 0.88844 1.76721 3.82160 3.91815
5113 P 0 1 71.49575 0.29967 14.92630 0.71565 2.11340 0.04416 0.89319 1.77532 3.82180 3.91476
5114 P 0 1 71.47661 0.30063 14.93135 0.71645 2.11729 0.04420 0.89732 1.78236 3.82197 3.91182
5543 P 0 1 72.35218 0.25753 14.67972 0.67822 1.93627 0.04235 0.71802 1.47172 3.81093 4.05306
5544 P 0 1 72.36294 0.25701 14.67635 0.67773 1.93401 0.04233 0.71594 1.46806 3.81075 4.05488
5545 P 0 1 72.37499 0.25643 14.67257 0.67718 1.93147 0.04230 0.71361 1.46396 3.81055 4.05693
5546 P 0 1 72.38836 0.25579 14.66836 0.67658 1.92866 0.04227 0.71104 1.45942 3.81032 4.05921
5547 P 0 1 72.40297 0.25508 14.66375 0.67591 1.92559 0.04224 0.70823 1.45446 3.81008 4.06171
5548 P 0 1 72.41864 0.25433 14.65879 0.67519 1.92229 0.04220 0.70522 1.44915 3.80981 4.06438
5549 P 0 1 72.43502 0.25354 14.65358 0.67445 1.91884 0.04217 0.70208 1.44361 3.80953 4.06719
5550 P 0 1 72.45156 0.25275 14.64831 0.67369 1.91535 0.04213 0.69892 1.43802 3.80924 4.07003
5551 P 0 1 72.46752 0.25198 14.64321 0.67296 1.91198 0.04209 0.69588 1.43264 3.80896 4.07278
5552 P 0 1 72.48189 0.25129 14.63860 0.67230 1.90895 0.04206 0.69315 1.42780 3.80871 4.07525
5553 P 0 1 72.49354 0.25074 14.63486 0.67176 1.90649 0.04203 0.69094 1.42388 3.80850 4.07726
5554 P 0 1 71.88074 0.28053 14.82065 0.69918 2.03449 0.04337 0.81211 1.63600 3.81770 3.97524
5555 P 0 1 71.88768 0.28019 14.81867 0.69887 2.03305 0.04335 0.81069 1.63353 3.81761 3.97635
5556 P 0 1 71.88438 0.28035 14.81961 0.69902 2.03374 0.04336 0.81137 1.63470 3.81766 3.97582
5557 P 0 1 71.87061 0.28103 14.82354 0.69962 2.03658 0.04339 0.81420 1.63961 3.81782 3.97361
5558 P 0 1 71.84717 0.28219 14.83019 0.70064 2.04142 0.04344 0.81903 1.64796 3.81811 3.96986
5559 P 0 1 71.81576 0.28374 14.83906 0.70200 2.04789 0.04350 0.82554 1.65919 3.81848 3.96484
5560 P 0 1 71.77861 0.28558 14.84948 0.70360 2.05554 0.04358 0.83326 1.67252 3.81891 3.95894
5561 P 0 1 71.73813 0.28759 14.86074 0.70534 2.06386 0.04366 0.84171 1.68708 3.81936 3.95253
5562 P 0 1 71.69656 0.28965 14.87222 0.70713 2.07239 0.04375 0.85043 1.70208 3.81982 3.94598
5563 P 0 1 71.65575 0.29168 14.88339 0.70887 2.08075 0.04383 0.85904 1.71687 3.82025 3.93958
5564 P 0 1 71.61707 0.29361 14.89389 0.71052 2.08866 0.04391 0.86724 1.73093 3.82064 3.93353
5565 P 0 1 71.58143 0.29539 14.90349 0.71203 2.09594 0.04399 0.87482 1.74392 3.82099 3.92799
5566 P 0 1 71.54935 0.29699 14.91208 0.71339 2.10249 0.04405 0.88168 1.75565 3.82130 3.92302
5567 P 0 1 71.52104 0.29841 14.91961 0.71458 2.10825 0.04411 0.88775 1.76603 3.82157 3.91865
5568 P 0 1 71.49647 0.29964 14.92611 0.71562 2.11326 0.04416 0.89304 1.77505 3.82180 3.91487
5569 P 0 1 71.47547 0.30069 14.93164 0.71650 2.11753 0.04420 0.89757 1.78278 3.82198 3.91164
5998 P 0 1 72.35556 0.25737 14.67867 0.67807 1.93556 0.04234 0.71737 1.47057 3.81087 4.05363
5999 P 0 1 72.36737 0.25680 14.67496 0.67753 1.93308 0.04232 0.71508 1.46655 3.81068 4.05564
6000 P 0 1 72.38078 0.25615 14.67075 0.67692 1.93026 0.04229 0.71250 1.46199 3.81045 4.05792
6001 P 0 1 72.39586 0.25542 14.66599 0.67623 1.92708 0.04225 0.70959 1.45687 3.81020 4.06049
6002 P 0 1 72.41262 0.25462 14.66069 0.67547 1.92356 0.04222 0.70637 1.45119 3.80991 4.06335
6003 P 0 1 72.43091 0.25374 14.65489 0.67463 1.91970 0.04217 0.70287 1.44499 3.80960 4.06649
6004 P 0 1 72.45043 0.25280 14.64867 0.67374 1.91559 0.04213 0.69914 1.43840 3.80926 4.06984
6005 P 0 1 72.47058 0.25184 14.64223 0.67282 1.91134 0.04209 0.69530 1.43160 3.80891 4.07330
6006 P 0 1 72.49047 0.25088 14.63585 0.67190 1.90714 0.04204 0.69152 1.42491 3.80855 4.07673
6007 P 0 1 71.90190 0.27949 14.81460 0.69825 2.03012 0.04332 0.80777 1.62847 3.81744 3.97864
6008 P 0 1 71.93218 0.27800 14.80591 0.69693 2.02385 0.04326 0.80157 1.61773 3.81706 3.98352
6009 P 0 1 71.95357 0.27694 14.79973 0.69600 2.01943 0.04321 0.79720 1.61016 3.81678 3.98698
6010 P 0 1 71.96340 0.27646 14.79688 0.69556 2.01739 0.04319 0.79520 1.60668 3.81666 3.98857
6011 P 0 1 71.95989 0.27663 14.79790 0.69572 2.01812 0.04320 0.79592 1.60792 3.81670 3.98800
6012 P 0 1 71.94260 0.27748 14.80290 0.69648 2.02170 0.04324 0.79944 1.61404 3.81692 3.98520
6013 P 0 1 71.91271 0.27895 14.81150 0.69778 2.02788 0.04330 0.80555 1.62463 3.81730 3.98038
6014 P 0 1 71.87273 0.28092 14.82293 0.69952 2.03614 0.04338 0.81376 1.63885 3.81780 3.97395
6015 P 0 1 71.82593 0.28324 14.83619 0.70156 2.04579 0.04348 0.82343 1.65555 3.81836 3.96647
6016 P 0 1 71.77569 0.28572 14.85029 0.70373 2.05614 0.04359 0.83386 1.67356 3.81894 3.95847
6017 P 0 1 71.72497 0.28824 14.86439 0.70591 2.06656 0.04369 0.84446 1.69182 3.81951 3.95045
6018 P 0 1 71.67607 0.29067 14.87784 0.70800 2.07659 0.04379 0.85475 1.70950 3.82003 3.94276
6019 P 0 1 71.63056 0.29294 14.89024 0.70995 2.08590 0.04389 0.86437 1.72602 3.82051 3.93564
6020 P 0 1 71.58937 0.29499 14.90136 0.71170 2.09432 0.04397 0.87313 1.74102 3.82092 3.92923
6021 P 0 1 71.55294 0.29681 14.91112 0.71324 2.10175 0.04404 0.88091 1.75434 3.82127 3.92358
6022 P 0 1 71.52133 0.29839 14.91954 0.71457 2.10819 0.04411 0.88769 1.76592 3.82157 3.91869
6023 P 0 1 71.49435 0.29974 14.92667 0.71571 2.11368 0.04416 0.89349 1.77583 3.82181 3.91454
6024 P 0 1 71.47168 0.30088 14.93264 0.71666 2.11829 0.04421 0.89838 1.78418 3.82202 3.91106
6025 P 0 1 71.45289 0.30182 14.93757 0.71745 2.12211 0.04424 0.90245 1.79110 3.82218 3.90818
6452 P 0 1 72.34702 0.25778 14.68134 0.67845 1.93735 0.04236 0.71902 1.47348 3.81101 4.05218
6453 P 0 1 72.35804 0.25725 14.67789 0.67795 1.93504 0.04234 0.71688 1.46973 3.81083 4.05405
6454 P 0 1 72.37080 0.25663 14.67389 0.67737 1.93236 0.04231 0.71442 1.46539 3.81062 4.05622
6455 P 0 1 72.38547 0.25592 14.66927 0.67671 1.92927 0.04228 0.71159 1.46040 3.81037 4.05872
6456 P 0 1 72.40222 0.25512 14.66398 0.67594 1.92574 0.04224 0.70837 1.45471 3.81009 4.06158
6457 P 0 1 72.42115 0.25421 14.65799 0.67508 1.92176 0.04220 0.70474 1.44830 3.80977 4.06481
6458 P 0 1 72.44223 0.25320 14.65129 0.67412 1.91732 0.04215 0.70070 1.44117 3.80940 4.06843
6459 P 0 1 72.46523 0.25209 14.64395 0.67306 1.91247 0.04210 0.69632 1.43341 3.80900 4.07238
6460 P 0 1 72.48958 0.25093 14.63613 0.67195 1.90733 0.04204 0.69169 1.42521 3.80857 4.07658
6461 P 0 1 71.92189 0.27850 14.80887 0.69738 2.02598 0.04328 0.80367 1.62138 3.81719 3.98186
6462 P 0 1 71.96781 0.27624 14.79560 0.69537 2.01648 0.04318 0.79430 1.60512 3.81660 3.98929
6463 P 0 1 72.00726 0.27431 14.78411 0.69364 2.00830 0.04310 0.78630 1.59122 3.81608 3.99570
6464 P 0 1 72.03607 0.27290 14.77566 0.69237 2.00232 0.04304 0.78048 1.58109 3.81569 4.00040
6465 P 0 1 72.05019 0.27220 14.77150 0.69174 1.99938 0.04301 0.77763 1.57613 3.81550 4.00271
6466 P 0 1 72.04670 0.27238 14.77253 0.69190 2.00011 0.04301 0.77833 1.57736 3.81554 4.00214
6467 P 0 1 72.02479 0.27345 14.77898 0.69287 2.00466 0.04306 0.78275 1.58505 3.81584 3.99856
6468 P 0 1 71.98621 0.27534 14.79025 0.69456 2.01266 0.04314 0.79056 1.59863 3.81636 3.99227
6469 P 0 1 71.93484 0.27786 14.80514 0.69682 2.02330 0.04325 0.80102 1.61679 3.81702 3.98395
6470 P 0 1 71.87556 0.28079 14.82213 0.69940 2.03556 0.04338 0.81318 1.63784 3.81776 3.97441
6471 P 0 1 71.81314 0.28387 14.83980 0.70211 2.04843 0.04351 0.82608 1.66013 3.81851 3.96443
6472 P 0 1 72.73262 0.23936 14.55611 0.66066 1.85579 0.04149 0.64634 1.34449 3.80395 4.11919
6473 P 0 1 72.71118 0.24038 14.56332 0.66167 1.86036 0.04154 0.65028 1.35153 3.80438 4.11538
6474 P 0 1 72.69561 0.24111 14.56854 0.66239 1.86367 0.04157 0.65314 1.35665 3.80469 4.11261
6475 P 0 1 71.59322 0.29480 14.90032 0.71153 2.09353 0.04396 0.87231 1.73962 3.82088 3.92982
6476 P 0 1 71.55243 0.29684 14.91126 0.71326 2.10186 0.04404 0.88102 1.75452 3.82127 3.92350
6477 P 0 1 71.51768 0.29857 14.92050 0.71473 2.10894 0.04411 0.88847 1.76726 3.82160 3.91813
6478 P 0 1 71.48858 0.30003 14.92819 0.71595 2.11486 0.04417 0.89474 1.77795 3.82187 3.91365
6479 P 0 1 71.46457 0.30124 14.93451 0.71696 2.11974 0.04422 0.89992 1.78680 3.82208 3.90997
6480 P 0 1 71.44505 0.30222 14.93962 0.71778 2.12370 0.04426 0.90415 1.79400 3.82225 3.90698
6481 P 0 1 71.42941 0.30300 14.94369 0.71843 2.12688 0.04429 0.90754 1.79978 3.82239 3.90459
6906 P 0 1 72.33798 0.25821 14.68416 0.67886 1.93925 0.04238 0.72077 1.47657 3.81116 4.05065
6907 P 0 1 72.34783 0.25774 14.68109 0.67842 1.93718 0.04236 0.71886 1.47321 3.81100 4.05232
6908 P 0 1 72.35937 0.25718 14.67747 0.67789 1.93476 0.04233 0.71663 1.46927 3.81081 4.05428
6909 P 0 1 72.37287 0.25653 14.67323 0.67728 1.93192 0.04230 0.71402 1.46468 3.81058 4.05657
6910 P 0 1 72.38860 0.25577 14.66828 0.67656 1.92861 0.04227 0.71099 1.45933 3.81032 4.05925
6911 P 0 1 72.40684 0.25490 14.66252 0.67573 1.92477 0.04223 0.70748 1.45315 3.81001 4.06237
6912 P 0 1 72.42781 0.25389 14.65588 0.67478 1.92036 0.04218 0.70346 1.44605 3.80965 4.06595
6913 P 0 1 72.45165 0.25274 14.64828 0.67369 1.91533 0.04213 0.69891 1.43799 3.80924 4.07005
6914 P 0 1 72.47830 0.25147 14.63976 0.67246 1.90971 0.04207 0.69383 1.42901 3.80877 4.07463
6915 P 0 1 71.91994 0.27860 14.80943 0.69747 2.02639 0.04328 0.80407 1.62207 3.81721 3.98154
6916 P 0 1 71.97974 0.27566 14.79214 0.69485 2.01401 0.04316 0.79188 1.60091 3.81644 3.99122
6917 P 0 1 72.03778 0.27281 14.77516 0.69229 2.00196 0.04303 0.78013 1.58049 3.81567 4.00068
6918 P 0 1 72.08941 0.27029 14.75989 0.69001 1.99122 0.04292 0.76975 1.56241 3.81495 4.00915
6919 P 0 1 72.12869 0.26837 14.74817 0.68826 1.98304 0.04284 0.76190 1.54871 3.81439 4.01562
6920 P 0 1 72.14932 0.26736 14.74198 0.68734 1.97874 0.04279 0.75780 1.54153 3.81409 4.01904
6921 P 0 1 72.14636 0.26751 14.74287 0.68748 1.97936 0.04280 0.75839 1.54256 3.81413 4.01855
6922 P 0 1 72.89145 0.23189 14.50175 0.65315 1.82189 0.04112 0.61756 1.29284 3.80061 4.14776
6923 P 0 1 72.85150 0.23376 14.51558 0.65505 1.83043 0.04121 0.62473 1.30575 3.80147 4.14052
6924 P 0 1 72.80757 0.23583 14.53066 0.65713 1.83981 0.04131 0.63267 1.32001 3.80240 4.13260
6925 P 0 1 72.76427 0.23787 14.54541 0.65917 1.84905 0.04142 0.64055 1.33413 3.80330 4.12484
6926 P 0 1 72.72531 0.23971 14.55857 0.66100 1.85735 0.04151 0.64768 1.34689 3.80409 4.11789
6927 P 0 1 72.69297 0.24124 14.56942 0.66252 1.86423 0.04158 0.65363 1.35752 3.80474 4.11215
6928 P 0 1 72.66830 0.24241 14.57766 0.66367 1.86947 0.04164 0.65819 1.36566 3.80523 4.10778
6929 P 0 1 72.65140 0.24321 14.58327 0.66446 1.87306 0.04168 0.66132 1.37124 3.80556 4.10480
6930 P 0 1 72.64180 0.24366 14.58646 0.66491 1.87510 0.04170 0.66310 1.37442 3.80574 4.10311
6931 P 0 1 72.63867 0.24381 14.58749 0.66505 1.87576 0.04170 0.66368 1.37546 3.80580 4.10256
6932 P 0 1 72.64106 0.24370 14.58670 0.66494 1.87526 0.04170 0.66324 1.37467 3.80576 4.10298
6933 P 0 1 72.64792 0.24337 14.58443 0.66462 1.87380 0.04168 0.66196 1.37239 3.80562 4.10419
6934 P 0 1 72.65824 0.24288 14.58100 0.66414 1.87161 0.04166 0.66005 1.36898 3.80542 4.10601
6935 P 0 1 71.43368 0.30279 14.94258 0.71825 2.12601 0.04428 0.90661 1.79820 3.82235 3.90525
6936 P 0 1 71.41826 0.30356 14.94659 0.71890 2.12914 0.04431 0.90996 1.80390 3.82248 3.90289
7361 P 0 1 72.33748 0.25824 14.68432 0.67889 1.93936 0.04238 0.72087 1.47674 3.81117 4.05056
7362 P 0 1 72.34747 0.25776 14.68120 0.67843 1.93726 0.04236 0.71893 1.47333 3.81101 4.05226
7363 P 0 1 72.35928 0.25719 14.67750 0.67790 1.93478 0.04233 0.71664 1.46930 3.81081 4.05426
7364 P 0 1 72.37323 0.25651 14.67312 0.67726 1.93184 0.04230 0.71395 1.46456 3.81058 4.05663
7365 P 0 1 72.38968 0.25572 14.66794 0.67652 1.92838 0.04227 0.71078 1.45897 3.81030 4.05944
7366 P 0 1 72.40902 0.25479 14.66183 0.67563 1.92431 0.04222 0.70707 1.45241 3.80997 4.06274
7367 P 0 1 72.43166 0.25370 14.65465 0.67460 1.91954 0.04217 0.70273 1.44474 3.80958 4.06661
7368 P 0 1 72.45796 0.25244 14.64627 0.67340 1.91400 0.04211 0.69770 1.43586 3.80913 4.07113
7369 P 0 1 71.89528 0.27981 14.81650 0.69854 2.03148 0.04334 0.80913 1.63083 3.81752 3.97757
7370 P 0 1 71.96382 0.27644 14.79676 0.69555 2.01730 0.04319 0.79511 1.60653 3.81665 3.98864
7371 P 0 1 72.03626 0.27289 14.77561 0.69236 2.00228 0.04304 0.78044 1.58102 3.81569 4.00043
7372 P 0 1 72.10919 0.26932 14.75400 0.68913 1.98711 0.04288 0.76580 1.55550 3.81467 4.01240
7373 P 0 1 72.17690 0.26602 14.73366 0.68611 1.97299 0.04273 0.75233 1.53196 3.81368 4.02361
7374 P 0 1 72.23112 0.26339 14.71717 0.68369 1.96165 0.04262 0.74163 1.51322 3.81286 4.03265
7375 P 0 1 72.95892 0.22874 14.47814 0.64993 1.80743 0.04096 0.60553 1.27116 3.79911 4.16007
7376 P 0 1 72.93440 0.22988 14.48676 0.65111 1.81269 0.04102 0.60989 1.27902 3.79966 4.15558
7377 P 0 1 72.89356 0.23179 14.50101 0.65305 1.82143 0.04111 0.61718 1.29216 3.80056 4.14814
7378 P 0 1 72.84060 0.23427 14.51933 0.65557 1.83276 0.04124 0.62670 1.30928 3.80170 4.13855
7379 P 0 1 72.78282 0.23699 14.53911 0.65830 1.84510 0.04137 0.63717 1.32807 3.80292 4.12815
7380 P 0 1 72.80460 0.23597 14.53168 0.65727 1.84045 0.04132 0.63321 1.32097 3.80246 4.13206
7381 P 0 1 72.76121 0.23801 14.54645 0.65932 1.84970 0.04142 0.64111 1.33513 3.80336 4.12429
7382 P 0 1 72.72794 0.23958 14.55769 0.66088 1.85679 0.04150 0.64720 1.34603 3.80404 4.11836
7383 P 0 1 72.70519 0.24066 14.56533 0.66195 1.86163 0.04155 0.65138 1.35350 3.80450 4.11431
7384 P 0 1 72.69237 0.24127 14.56963 0.66255 1.86436 0.04158 0.65374 1.35772 3.80475 4.11204
7385 P 0 1 72.68837 0.24146 14.57096 0.66273 1.86521 0.04159 0.65448 1.35904 3.80483 4.11133
7386 P 0 1 72.58769 0.24624 14.60428 0.66742 1.88658 0.04182 0.67319 1.39239 3.80677 4.09362
7387 P 0 1 72.59355 0.24596 14.60236 0.66715 1.88533 0.04181 0.67210 1.39044 3.80666 4.09465
7388 P 0 1 72.60446 0.24544 14.59878 0.66664 1.88302 0.04178 0.67006 1.38681 3.80646 4.09656
7389 P 0 1 72.61912 0.24474 14.59395 0.66596 1.87991 0.04175 0.66732 1.38194 3.80618 4.09913
7390 P 0 1 72.63637 0.24392 14.58825 0.66516 1.87625 0.04171 0.66411 1.37622 3.80585 4.10216
7391 P 0 1 72.65518 0.24303 14.58202 0.66428 1.87226 0.04167 0.66062 1.36999 3.80548 4.10547
7392 P 0 1 71.39290 0.30484 14.95316 0.71995 2.13428 0.04436 0.91548 1.81329 3.82269 3.89903
7816 P 0 1 72.33593 0.25831 14.68480 0.67896 1.93968 0.04239 0.72117 1.47727 3.81119 4.05030
7817 P 0 1 72.34581 0.25784 14.68172 0.67851 1.93761 0.04236 0.71925 1.47390 3.81103 4.05197
7818 P 0 1 72.35756 0.25727 14.67804 0.67798 1.93514 0.04234 0.71698 1.46989 3.81084 4.05397
7819 P 0 1 72.37155 0.25660 14.67365 0.67734 1.93220 0.04231 0.71428 1.46513 3.81061 4.05635
7820 P 0 1 72.38822 0.25579 14.66841 0.67658 1.92869 0.04227 0.71106 1.45947 3.81033 4.05919
7821 P 0 1 72.40808 0.25484 14.66213 0.67568 1.92451 0.04223 0.70725 1.45273 3.80999 4.06258
7822 P 0 1 72.43171 0.25370 14.65464 0.67460 1.91953 0.04217 0.70272 1.44473 3.80958 4.06662
7823 P 0 1 71.85180 0.28196 14.82888 0.70043 2.04046 0.04343 0.81808 1.64631 3.81805 3.97060
7824 P 0 1 71.92213 0.27849 14.80880 0.69737 2.02593 0.04328 0.80362 1.62129 3.81719 3.98190
7825 P 0 1 72.00082 0.27462 14.78600 0.69392 2.00963 0.04311 0.78760 1.59348 3.81616 3.99465
7826 P 0 1 72.08683 0.27041 14.76066 0.69012 1.99176 0.04293 0.77027 1.56331 3.81499 4.00872
7827 P 0 1 72.17719 0.26601 14.73357 0.68610 1.97293 0.04273 0.75227 1.53187 3.81368 4.02366
7828 P 0 1 72.97263 0.22810 14.47331 0.64928 1.80449 0.04093 0.60311 1.26678 3.79880 4.16259
7829 P 0 1 72.98217 0.22765 14.46994 0.64882 1.80244 0.04090 0.60142 1.26373 3.79858 4.16434
7830 P 0 1 72.97708 0.22789 14.47174 0.64906 1.80354 0.04092 0.60232 1.26536 3.79870 4.16340
7831 P 0 1 73.00650 0.22652 14.46132 0.64765 1.79722 0.04085 0.59713 1.25598 3.79802 4.16882
7832 P 0 1 72.95229 0.22905 14.48048 0.65025 1.80885 0.04098 0.60671 1.27328 3.79926 4.15886
7833 P 0 1 72.88238 0.23231 14.50489 0.65359 1.82383 0.04114 0.61918 1.29576 3.80080 4.14611
7834 P 0 1 72.80948 0.23574 14.53001 0.65704 1.83941 0.04131 0.63233 1.31939 3.80236 4.13294
7835 P 0 1 72.74424 0.23881 14.55219 0.66011 1.85332 0.04146 0.64421 1.34068 3.80371 4.12126
7836 P 0 1 73.07235 0.22346 14.43777 0.64448 1.78306 0.04069 0.58560 1.23509 3.79648 4.18102
7837 P 0 1 72.91739 0.23068 14.49271 0.65192 1.81633 0.04106 0.61292 1.28449 3.80004 4.15248
7838 P 0 1 72.91241 0.23091 14.49445 0.65216 1.81740 0.04107 0.61381 1.28609 3.80015 4.15157
7839 P 0 1 72.91892 0.23060 14.49217 0.65185 1.81601 0.04105 0.61265 1.28399 3.80000 4.15276
7840 P 0 1 72.93490 0.22986 14.48658 0.65108 1.81258 0.04102 0.60980 1.27886 3.79965 4.15567
7841 P 0 1 72.95840 0.22876 14.47833 0.64996 1.80754 0.04096 0.60563 1.27133 3.79912 4.15997
7842 P 0 1 72.64271 0.24362 14.58615 0.66486 1.87491 0.04170 0.66293 1.37412 3.80572 4.10327
7843 P 0 1 72.66298 0.24266 14.57943 0.66392 1.87060 0.04165 0.65917 1.36742 3.80533 4.10685
7844 P 0 1 72.68686 0.24153 14.57147 0.66280 1.86553 0.04159 0.65476 1.35954 3.80486 4.11107
7845 P 0 1 72.59749 0.24577 14.60107 0.66696 1.88450 0.04180 0.67136 1.38912 3.80659 4.09534
7846 P 0 1 72.62160 0.24462 14.59313 0.66585 1.87939 0.04174 0.66686 1.38112 3.80613 4.09956
7847 P 0 1 72.64601 0.24346 14.58506 0.66471 1.87421 0.04169 0.66232 1.37303 3.80566 4.10385
8270 P 0 1 72.32533 0.25883 14.68811 0.67944 1.94191 0.04241 0.72322 1.48089 3.81137 4.04850
8271 P 0 1 72.33327 0.25844 14.68563 0.67908 1.94024 0.04239 0.72168 1.47818 3.81124 4.04985
8272 P 0 1 72.34273 0.25799 14.68268 0.67865 1.93825 0.04237 0.71985 1.47495 3.81108 4.05145
8273 P 0 1 72.35404 0.25744 14.67914 0.67814 1.93588 0.04235 0.71766 1.47109 3.81090 4.05337
8274 P 0 1 72.36757 0.25679 14.67490 0.67752 1.93303 0.04232 0.71504 1.46648 3.81067 4.05567
8275 P 0 1 72.38383 0.25600 14.66979 0.67678 1.92962 0.04228 0.71191 1.46095 3.81040 4.05844
8276 P 0 1 72.40340 0.25506 14.66361 0.67589 1.92550 0.04224 0.70815 1.45431 3.81007 4.06178
8277 P 0 1 71.79652 0.28469 14.84447 0.70283 2.05185 0.04354 0.82953 1.66609 3.81870 3.96178
8278 P 0 1 71.86232 0.28144 14.82589 0.69998 2.03829 0.04341 0.81591 1.64256 3.81792 3.97228
8279 P 0 1 71.93844 0.27769 14.80410 0.69666 2.02256 0.04324 0.80029 1.61551 3.81698 3.98453
8280 P 0 1 72.02580 0.27340 14.77868 0.69282 2.00445 0.04306 0.78255 1.58470 3.81583 3.99872
8281 P 0 1 72.92816 0.23017 14.48894 0.65140 1.81403 0.04103 0.61100 1.28103 3.79980 4.15444
8282 P 0 1 72.94909 0.22919 14.48160 0.65040 1.80954 0.04098 0.60728 1.27431 3.79933 4.15827
8283 P 0 1 72.97295 0.22808 14.47320 0.64926 1.80442 0.04093 0.60305 1.26668 3.79879 4.16265
8284 P 0 1 73.04929 0.22453 14.44605 0.64559 1.78802 0.04074 0.58963 1.24238 3.79703 4.17674
8285 P 0 1 73.04642 0.22467 14.44708 0.64573 1.78864 0.04075 0.59013 1.24329 3.79709 4.17621
8286 P 0 1 73.01185 0.22627 14.45941 0.64739 1.79607 0.04083 0.59619 1.25427 3.79790 4.16981
8287 P 0 1 73.02224 0.22579 14.45571 0.64689 1.79384 0.04081 0.59436 1.25097 3.79766 4.17173
8288 P 0 1 72.85389 0.23365 14.51475 0.65494 1.82992 0.04121 0.62430 1.30497 3.80142 4.14095
8289 P 0 1 72.75842 0.23814 14.54739 0.65945 1.85030 0.04143 0.64162 1.33604 3.80342 4.12379
8290 P 0 1 72.68001 0.24185 14.57375 0.66312 1.86698 0.04161 0.65602 1.36179 3.80500 4.10985
8291 P 0 1 72.62327 0.24455 14.59258 0.66577 1.87903 0.04174 0.66655 1.38056 3.80610 4.09985
8292 P 0 1 72.60186 0.24556 14.59963 0.66676 1.88357 0.04179 0.67054 1.38767 3.80651 4.09610
8293 P 0 1 72.58497 0.24637 14.60517 0.66755 1.88715 0.04183 0.67370 1.39329 3.80682 4.09315
8294 P 0 1 72.58296 0.24646 14.60583 0.66764 1.88758 0.04183 0.67408 1.39396 3.80686 4.09280
8295 P 0 1 72.80917 0.23575 14.53012 0.65706 1.83947 0.04131 0.63238 1.31949 3.80237 4.13288
8296 P 0 1 72.83980 0.23431 14.51961 0.65561 1.83293 0.04124 0.62684 1.30954 3.80172 4.13840
8297 P 0 1 72.91227 0.23091 14.49449 0.65216 1.81743 0.04107 0.61383 1.28613 3.80015 4.15155
8298 P 0 1 72.95450 0.22894 14.47970 0.65015 1.80838 0.04097 0.60632 1.27258 3.79921 4.15926
8299 P 0 1 72.99886 0.22688 14.46403 0.64802 1.79886 0.04086 0.59848 1.25841 3.79820 4.16741
8300 P 0 1 73.04373 0.22479 14.44804 0.64586 1.78922 0.04076 0.59060 1.24414 3.79716 4.17571
8301 P 0 1 72.46620 0.25205 14.64363 0.67302 1.91226 0.04210 0.69613 1.43308 3.80898 4.07255
8302 P 0 1 72.40325 0.25507 14.66366 0.67590 1.92553 0.04224 0.70817 1.45436 3.81007 4.06175
8725 P 0 1 72.32218 0.25898 14.68909 0.67958 1.94257 0.04242 0.72383 1.48196 3.81142 4.04797
8726 P 0 1 72.32950 0.25862 14.68681 0.67925 1.94103 0.04240 0.72241 1.47946 3.81130 4.04921
8727 P 0 1 72.33823 0.25820 14.68408 0.67885 1.93920 0.04238 0.72072 1.47648 3.81116 4.05069
8728 P 0 1 72.34868 0.25770 14.68082 0.67838 1.93701 0.04236 0.71870 1.47292 3.81099 4.05246
8729 P 0 1 72.36121 0.25709 14.67690 0.67781 1.93437 0.04233 0.71627 1.46865 3.81078 4.05459
8730 P 0 1 72.37631 0.25637 14.67215 0.67712 1.93120 0.04230 0.71336 1.46351 3.81053 4.05716
8731 P 0 1 71.73696 0.28764 14.86107 0.70539 2.06410 0.04367 0.84195 1.68750 3.81938 3.95234
8732 P 0 1 71.79426 0.28480 14.84510 0.70293 2.05232 0.04355 0.83000 1.66690 3.81873 3.96142
8733 P 0 1 71.86149 0.28148 14.82613 0.70001 2.03846 0.04341 0.81608 1.64286 3.81794 3.97215
8734 P 0 1 71.94039 0.27759 14.80354 0.69657 2.02216 0.04324 0.79989 1.61482 3.81695 3.98485
8735 P 0 1 72.88854 0.23203 14.50276 0.65329 1.82251 0.04113 0.61808 1.29378 3.80067 4.14723
8736 P 0 1 72.90317 0.23134 14.49767 0.65260 1.81938 0.04109 0.61546 1.28906 3.80035 4.14989
8737 P 0 1 72.99279 0.22716 14.46618 0.64831 1.80016 0.04088 0.59954 1.26034 3.79834 4.16630
8738 P 0 1 72.88671 0.23211 14.50339 0.65338 1.82290 0.04113 0.61840 1.29437 3.80071 4.14689
8739 P 0 1 72.93631 0.22979 14.48609 0.65102 1.81228 0.04101 0.60955 1.27841 3.79962 4.15593
8740 P 0 1 73.05670 0.22419 14.44339 0.64523 1.78643 0.04073 0.58833 1.24004 3.79685 4.17811
8741 P 0 1 73.02619 0.22561 14.45431 0.64670 1.79299 0.04080 0.59367 1.24971 3.79757 4.17246
8742 P 0 1 72.92151 0.23048 14.49127 0.65172 1.81545 0.04105 0.61218 1.28316 3.79994 4.15323
8743 P 0 1 72.78487 0.23690 14.53841 0.65820 1.84466 0.04137 0.63679 1.32740 3.80288 4.12852
8744 P 0 1 72.66027 0.24279 14.58033 0.66404 1.87118 0.04166 0.65967 1.36831 3.80538 4.10637
8745 P 0 1 72.57109 0.24703 14.60972 0.66819 1.89009 0.04186 0.67630 1.39792 3.80708 4.09072
8746 P 0 1 72.51428 0.24974 14.62817 0.67081 1.90211 0.04199 0.68701 1.41692 3.80813 4.08085
8747 P 0 1 72.48334 0.25122 14.63814 0.67223 1.90864 0.04206 0.69287 1.42731 3.80868 4.07550
8748 P 0 1 72.47294 0.25172 14.64147 0.67271 1.91084 0.04208 0.69485 1.43081 3.80886 4.07371
8749 P 0 1 72.47913 0.25143 14.63949 0.67243 1.90953 0.04207 0.69367 1.42873 3.80875 4.07478
8750 P 0 1 72.49868 0.25049 14.63320 0.67153 1.90540 0.04202 0.68996 1.42215 3.80841 4.07815
8751 P 0 1 72.52869 0.24905 14.62351 0.67015 1.89906 0.04195 0.68428 1.41209 3.80786 4.08335
8752 P 0 1 72.56634 0.24726 14.61127 0.66841 1.89110 0.04187 0.67720 1.39950 3.80717 4.08990
8753 P 0 1 72.84620 0.23401 14.51740 0.65530 1.83156 0.04122 0.62569 1.30746 3.80158 4.13956
8754 P 0 1 72.90015 0.23148 14.49872 0.65274 1.82002 0.04110 0.61600 1.29003 3.80042 4.14934
8755 P 0 1 72.62443 0.24449 14.59220 0.66571 1.87879 0.04174 0.66633 1.38018 3.80608 4.10006
8756 P 0 1 72.68729 0.24151 14.57132 0.66278 1.86544 0.04159 0.65468 1.35939 3.80485 4.11114
8757 P 0 1 72.72541 0.23970 14.55854 0.66100 1.85733 0.04151 0.64766 1.34686 3.80409 4.11790
8758 P 0 1 72.69635 0.24108 14.56829 0.66236 1.86351 0.04157 0.65301 1.35641 3.80467 4.11275
9180 P 0 1 72.31823 0.25917 14.69032 0.67976 1.94340 0.04242 0.72460 1.48331 3.81148 4.04730
9181 P 0 1 72.32471 0.25886 14.68830 0.67947 1.94204 0.04241 0.72334 1.48110 3.81138 4.04840
9182 P 0 1 72.33240 0.25848 14.68591 0.67912 1.94042 0.04239 0.72185 1.47847 3.81125 4.04970
9183 P 0 1 72.34156 0.25804 14.68304 0.67870 1.93850 0.04237 0.72007 1.47534 3.81110 4.05125
9184 P 0 1 72.35253 0.25751 14.67961 0.67820 1.93620 0.04235 0.71795 1.47160 3.81092 4.05312
9185 P 0 1 72.36572 0.25688 14.67548 0.67761 1.93342 0.04232 0.71540 1.46711 3.81070 4.05536
9186 P 0 1 71.72640 0.28817 14.86399 0.70585 2.06627 0.04369 0.84417 1.69131 3.81949 3.95068
9187 P 0 1 71.78201 0.28541 14.84853 0.70345 2.05484 0.04357 0.83255 1.67129 3.81887 3.95948
9188 P 0 1 71.84752 0.28217 14.83009 0.70062 2.04134 0.04344 0.81896 1.64784 3.81810 3.96991
9189 P 0 1 72.85136 0.23377 14.51562 0.65506 1.83046 0.04121 0.62476 1.30579 3.80147 4.14049
9190 P 0 1 72.93795 0.22971 14.48551 0.65094 1.81193 0.04101 0.60926 1.27788 3.79958 4.15623
9191 P 0 1 72.76759 0.23771 14.54428 0.65902 1.84834 0.04141 0.63994 1.33304 3.80323 4.12543
9192 P 0 1 72.79794 0.23628 14.53395 0.65759 1.84187 0.04134 0.63442 1.32314 3.80260 4.13087
9193 P 0 1 73.02492 0.22566 14.45476 0.64677 1.79326 0.04080 0.59389 1.25012 3.79760 4.17222
9194 P 0 1 72.98979 0.22730 14.46724 0.64845 1.80081 0.04089 0.60007 1.26130 3.79841 4.16574
9195 P 0 1 73.04042 0.22494 14.44922 0.64602 1.78993 0.04077 0.59118 1.24519 3.79723 4.17509
9196 P 0 1 73.02800 0.22552 14.45366 0.64662 1.79260 0.04080 0.59335 1.24914 3.79752 4.17279
9197 P 0 1 72.85776 0.23347 14.51342 0.65475 1.82909 0.04120 0.62360 1.30372 3.80134 4.14165
9198 P 0 1 72.63838 0.24383 14.58759 0.66506 1.87582 0.04171 0.66374 1.37555 3.80581 4.10251
9199 P 0 1 72.49214 0.25080 14.63531 0.67183 1.90679 0.04204 0.69120 1.42435 3.80852 4.07702
9200 P 0 1 72.40594 0.25494 14.66281 0.67577 1.92496 0.04223 0.70766 1.45345 3.81003 4.06221
9201 P 0 1 72.35891 0.25720 14.67762 0.67791 1.93486 0.04233 0.71672 1.46943 3.81082 4.05420
9202 P 0 1 72.33900 0.25817 14.68385 0.67882 1.93904 0.04238 0.72057 1.47622 3.81114 4.05082
9203 P 0 1 72.33992 0.25812 14.68356 0.67878 1.93885 0.04238 0.72039 1.47591 3.81113 4.05098
9204 P 0 1 72.35793 0.25725 14.67792 0.67796 1.93506 0.04234 0.71691 1.46977 3.81083 4.05403
9205 P 0 1 72.39006 0.25570 14.66782 0.67650 1.92830 0.04227 0.71071 1.45884 3.81030 4.05950
9206 P 0 1 72.43327 0.25363 14.65414 0.67453 1.91921 0.04217 0.70242 1.44420 3.80956 4.06689
9207 P 0 1 72.48435 0.25118 14.63782 0.67219 1.90843 0.04205 0.69268 1.42697 3.80866 4.07568
9208 P 0 1 72.30468 0.25982 14.69452 0.68037 1.94624 0.04245 0.72724 1.48795 3.81170 4.04502
9209 P 0 1 72.34918 0.25767 14.68066 0.67836 1.93690 0.04236 0.71860 1.47275 3.81098 4.05255
9210 P 0 1 72.57102 0.24703 14.60974 0.66819 1.89010 0.04186 0.67632 1.39794 3.80708 4.09071
9211 P 0 1 72.61931 0.24473 14.59389 0.66595 1.87987 0.04175 0.66729 1.38188 3.80617 4.09916
9212 P 0 1 72.66421 0.24260 14.57902 0.66386 1.87034 0.04165 0.65895 1.36701 3.80531 4.10706
9213 P 0 1 72.70505 0.24067 14.56538 0.66195 1.86166 0.04155 0.65140 1.35355 3.80450 4.11429
9635 P 0 1 72.31359 0.25939 14.69176 0.67997 1.94437 0.04243 0.72550 1.48490 3.81156 4.04652
9636 P 0 1 72.31902 0.25913 14.69007 0.67972 1.94323 0.04242 0.72445 1.48304 3.81147 4.04744
9637 P 0 1 72.32541 0.25882 14.68808 0.67943 1.94189 0.04241 0.72321 1.48086 3.81137 4.04852
9638 P 0 1 72.33294 0.25846 14.68574 0.67909 1.94031 0.04239 0.72175 1.47829 3.81124 4.04979
9639 P 0 1 72.34184 0.25803 14.68296 0.67869 1.93844 0.04237 0.72002 1.47525 3.81110 4.05130
9640 P 0 1 71.66423 0.29126 14.88107 0.70851 2.07901 0.04382 0.85725 1.71379 3.82016 3.94090
9641 P 0 1 71.70820 0.28907 14.86901 0.70663 2.07000 0.04373 0.84798 1.69787 3.81969 3.94781
9642 P 0 1 71.75966 0.28652 14.85476 0.70442 2.05943 0.04362 0.83721 1.67933 3.81912 3.95593
9643 P 0 1 72.82528 0.23499 14.52460 0.65629 1.83603 0.04127 0.62946 1.31425 3.80203 4.13578
9644 P 0 1 72.69869 0.24097 14.56751 0.66225 1.86301 0.04157 0.65258 1.35564 3.80463 4.11316
9645 P 0 1 72.70112 0.24085 14.56670 0.66214 1.86250 0.04156 0.65213 1.35484 3.80458 4.11359
9646 P 0 1 72.70713 0.24057 14.56468 0.66186 1.86122 0.04155 0.65102 1.35286 3.80446 4.11466
9647 P 0 1 72.83976 0.23431 14.51962 0.65561 1.83294 0.04124 0.62685 1.30955 3.80172 4.13839
9648 P 0 1 72.83789 0.23440 14.52027 0.65570 1.83334 0.04124 0.62719 1.31016 3.80176 4.13806
9649 P 0 1 72.86456 0.23315 14.51107 0.65443 1.82764 0.04118 0.62238 1.30152 3.80119 4.14288
9650 P 0 1 72.92802 0.23018 14.48899 0.65141 1.81406 0.04103 0.61102 1.28107 3.79980 4.15442
9651 P 0 1 72.91687 0.23070 14.49289 0.65194 1.81644 0.04106 0.61301 1.28465 3.80005 4.15238
9652 P 0 1 72.58847 0.24620 14.60403 0.66738 1.88641 0.04182 0.67305 1.39212 3.80676 4.09376
9653 P 0 1 72.35252 0.25751 14.67962 0.67820 1.93620 0.04235 0.71795 1.47161 3.81092 4.05311
9654 P 0 1 72.24541 0.26269 14.71280 0.68304 1.95866 0.04258 0.73882 1.50830 3.81264 4.03505
9655 P 0 1 72.19420 0.26518 14.72842 0.68534 1.96937 0.04270 0.74891 1.52598 3.81342 4.02649
9656 P 0 1 72.17198 0.26626 14.73515 0.68633 1.97401 0.04274 0.75330 1.53367 3.81375 4.02280
9657 P 0 1 72.17027 0.26634 14.73566 0.68641 1.97437 0.04275 0.75364 1.53426 3.81378 4.02251
9658 P 0 1 72.18652 0.26555 14.73075 0.68568 1.97098 0.04271 0.75042 1.52863 3.81354 4.02521
9659 P 0 1 72.21948 0.26395 14.72073 0.68421 1.96409 0.04264 0.74392 1.51724 3.81304 4.03071
9660 P 0 1 72.26728 0.26163 14.70608 0.68206 1.95408 0.04254 0.73454 1.50078 3.81230 4.03872
9661 P 0 1 72.32695 0.25875 14.68760 0.67936 1.94157 0.04241 0.72291 1.48033 3.81134 4.04878
9662 P 0 1 72.17673 0.26603 14.73371 0.68612 1.97302 0.04273 0.75236 1.53202 3.81368 4.02359
9663 P 0 1 72.23348 0.26327 14.71645 0.68358 1.96116 0.04261 0.74117 1.51241 3.81282 4.03305
9664 P 0 1 72.29142 0.26046 14.69863 0.68097 1.94902 0.04248 0.72982 1.49249 3.81191 4.04278
9665 P 0 1 72.34764 0.25775 14.68114 0.67843 1.93722 0.04236 0.71890 1.47327 3.81100 4.05229
