 Vistelius (1995)
SiO2 TiO2 Al2O3 Fe2O3 FeO MnO MgO CaO Na2O K2O P2O5
108325 P 0 1 70.55223 0.34722 15.36969 1.12857 2.42625 0.07242 0.74361 1.67766 3.64811 3.95571 0.07854
108326 P 0 1 70.47097 0.35048 15.39436 1.13626 2.44639 0.07278 0.75724 1.70324 3.64775 3.94012 0.08041
108327 P 0 1 70.39048 0.35372 15.41846 1.14383 2.46632 0.07314 0.77085 1.72873 3.64735 3.92484 0.08229
108328 P 0 1 70.31086 0.35692 15.44198 1.15128 2.48599 0.07349 0.78443 1.75409 3.64691 3.90988 0.08416
108329 P 0 1 70.23222 0.36008 15.46489 1.15859 2.50540 0.07383 0.79796 1.77929 3.64644 3.89526 0.08604
108330 P 0 1 70.15464 0.36320 15.48720 1.16576 2.52452 0.07417 0.81141 1.80428 3.64593 3.88099 0.08790
108331 P 0 1 70.07818 0.36627 15.50890 1.17278 2.54333 0.07450 0.82477 1.82904 3.64540 3.86706 0.08975
108332 P 0 1 70.00291 0.36930 15.52999 1.17964 2.56182 0.07483 0.83803 1.85355 3.64484 3.85349 0.09158
108333 P 0 1 69.92886 0.37227 15.55048 1.18636 2.57999 0.07515 0.85118 1.87779 3.64425 3.84027 0.09340
108334 P 0 1 69.85784 0.37511 15.56979 1.19305 2.59733 0.07545 0.86390 1.90107 3.64373 3.82744 0.09529
108335 P 0 1 69.78628 0.37798 15.58911 1.19945 2.61484 0.07576 0.87678 1.92472 3.64310 3.81490 0.09707
108336 P 0 1 69.71260 0.38097 15.60893 1.20545 2.63296 0.07607 0.89009 1.94936 3.64227 3.80260 0.09867
108337 P 0 1 69.64336 0.38376 15.62718 1.21155 2.64987 0.07637 0.90274 1.97249 3.64160 3.79071 0.10040
108338 P 0 1 69.57520 0.38649 15.64493 1.21750 2.66648 0.07665 0.91526 1.99535 3.64090 3.77911 0.10211
108339 P 0 1 69.50808 0.38919 15.66222 1.22331 2.68283 0.07694 0.92767 2.01797 3.64019 3.76780 0.10380
108340 P 0 1 69.44193 0.39185 15.67906 1.22899 2.69893 0.07721 0.93998 2.04038 3.63946 3.75675 0.10546
108341 P 0 1 69.37666 0.39447 15.69550 1.23455 2.71479 0.07749 0.95220 2.06257 3.63871 3.74595 0.10710
108342 P 0 1 69.31224 0.39706 15.71156 1.23998 2.73043 0.07775 0.96434 2.08459 3.63794 3.73539 0.10872
108343 P 0 1 69.24802 0.39965 15.72739 1.24533 2.74601 0.07802 0.97650 2.10663 3.63714 3.72497 0.11033
108344 P 0 1 69.18517 0.40217 15.74272 1.25055 2.76124 0.07828 0.98848 2.12829 3.63635 3.71484 0.11191
108345 P 0 1 69.12628 0.40451 15.75678 1.25588 2.77538 0.07852 0.99980 2.14850 3.63570 3.70503 0.11362
108346 P 0 1 69.06514 0.40697 15.77138 1.26089 2.79017 0.07877 1.01157 2.16973 3.63488 3.69534 0.11517
108347 P 0 1 69.00500 0.40939 15.78560 1.26578 2.80469 0.07901 1.02322 2.19070 3.63405 3.68587 0.11669
108348 P 0 1 68.94607 0.41176 15.79939 1.27054 2.81891 0.07925 1.03470 2.21132 3.63323 3.67665 0.11819
108349 P 0 1 68.88867 0.41406 15.81268 1.27517 2.83273 0.07948 1.04593 2.23148 3.63241 3.66773 0.11965
108350 P 0 1 68.83332 0.41628 15.82536 1.27963 2.84605 0.07971 1.05683 2.25098 3.63161 3.65916 0.12108
108351 P 0 1 68.78089 0.41838 15.83723 1.28393 2.85863 0.07992 1.06720 2.26947 3.63086 3.65102 0.12249
108352 P 0 1 68.73218 0.42033 15.84816 1.28790 2.87030 0.08011 1.07687 2.28670 3.63015 3.64350 0.12379
108353 P 0 1 68.68891 0.42206 15.85777 1.29150 2.88064 0.08028 1.08551 2.30202 3.62953 3.63679 0.12500
108354 P 0 1 68.65782 0.42325 15.86434 1.29487 2.88786 0.08040 1.09179 2.31275 3.62927 3.63137 0.12630
108355 P 0 1 68.63284 0.42422 15.86968 1.29733 2.89371 0.08049 1.09683 2.32147 3.62900 3.62721 0.12721
108356 P 0 1 68.62283 0.42458 15.87165 1.29879 2.89594 0.08053 1.09889 2.32479 3.62901 3.62518 0.12783
108357 P 0 1 68.63028 0.42422 15.86971 1.29904 2.89394 0.08049 1.09745 2.32181 3.62933 3.62564 0.12809
108358 P 0 1 68.66084 0.42292 15.86252 1.29792 2.88629 0.08036 1.09141 2.31041 3.63012 3.62924 0.12797
108359 P 0 1 68.71245 0.42076 15.85056 1.29523 2.87357 0.08014 1.08120 2.29152 3.63125 3.63596 0.12735
108360 P 0 1 68.78481 0.41773 15.83363 1.29141 2.85573 0.07984 1.06696 2.26516 3.63282 3.64544 0.12648
108361 P 0 1 68.87233 0.41409 15.81293 1.28660 2.83415 0.07947 1.04985 2.23350 3.63466 3.65711 0.12533
108362 P 0 1 68.96866 0.41009 15.78987 1.28104 2.81043 0.07906 1.03115 2.19894 3.63659 3.67023 0.12395
108363 P 0 1 69.07308 0.40574 15.76441 1.27505 2.78464 0.07861 1.01108 2.16169 3.63868 3.68452 0.12249
108364 P 0 1 69.18091 0.40126 15.73766 1.26879 2.75798 0.07815 0.99056 2.12351 3.64078 3.69942 0.12098
108365 P 0 1 69.28986 0.39673 15.71013 1.26241 2.73099 0.07768 0.97003 2.08522 3.64286 3.71462 0.11946
108366 P 0 1 69.39829 0.39223 15.68224 1.25602 2.70408 0.07721 0.94981 2.04739 3.64489 3.72989 0.11795
108367 P 0 1 69.51023 0.38751 15.65256 1.25036 2.67602 0.07671 0.92922 2.00831 3.64719 3.74498 0.11689
108368 P 0 1 69.61424 0.38319 15.62480 1.24419 2.65012 0.07625 0.91024 1.97257 3.64907 3.75985 0.11548
108369 P 0 1 69.71485 0.37900 15.59748 1.23822 2.62501 0.07580 0.89207 1.93824 3.65086 3.77433 0.11413
108370 P 0 1 69.81151 0.37498 15.57079 1.23248 2.60084 0.07537 0.87479 1.90548 3.65256 3.78833 0.11286
108371 P 0 1 69.90376 0.37114 15.54491 1.22703 2.57774 0.07496 0.85846 1.87442 3.65415 3.80176 0.11168
108372 P 0 1 69.99122 0.36750 15.51999 1.22188 2.55580 0.07456 0.84312 1.84515 3.65565 3.81454 0.11059
108373 P 0 1 70.07359 0.36406 15.49617 1.21708 2.53509 0.07419 0.82881 1.81774 3.65706 3.82660 0.10960
108374 P 0 1 70.15388 0.36068 15.47242 1.21307 2.51473 0.07381 0.81503 1.79099 3.65858 3.83783 0.10898
108375 P 0 1 70.22541 0.35769 15.45116 1.20902 2.49668 0.07348 0.80282 1.76744 3.65980 3.84831 0.10820
108376 P 0 1 70.29130 0.35493 15.43132 1.20536 2.48002 0.07317 0.79166 1.74583 3.66093 3.85793 0.10753
108377 P 0 1 70.35149 0.35241 15.41298 1.20212 2.46477 0.07289 0.78155 1.72617 3.66198 3.86667 0.10698
108378 P 0 1 70.40595 0.35012 15.39620 1.19929 2.45093 0.07264 0.77246 1.70843 3.66295 3.87451 0.10653
108379 P 0 1 70.45419 0.34807 15.38111 1.19708 2.43861 0.07241 0.76447 1.69269 3.66388 3.88121 0.10628
108380 P 0 1 70.49918 0.34616 15.36690 1.19514 2.42708 0.07219 0.75707 1.67804 3.66477 3.88736 0.10611
108381 P 0 1 70.53470 0.34464 15.35552 1.19384 2.41792 0.07202 0.75127 1.66644 3.66553 3.89202 0.10609
108382 P 0 1 70.56651 0.34328 15.34528 1.19266 2.40972 0.07186 0.74609 1.65609 3.66621 3.89622 0.10607
108383 P 0 1 70.59356 0.34211 15.33646 1.19188 2.40270 0.07173 0.74172 1.64725 3.66684 3.89958 0.10616
108384 P 0 1 70.61569 0.34114 15.32914 1.19147 2.39691 0.07161 0.73816 1.63997 3.66742 3.90213 0.10634
108385 P 0 1 70.63316 0.34036 15.32325 1.19142 2.39227 0.07152 0.73538 1.63416 3.66795 3.90389 0.10662
108386 P 0 1 70.64621 0.33977 15.31873 1.19171 2.38874 0.07145 0.73332 1.62973 3.66843 3.90491 0.10699
108387 P 0 1 70.65598 0.33929 15.31517 1.19242 2.38599 0.07140 0.73181 1.62628 3.66893 3.90523 0.10751
108388 P 0 1 70.66101 0.33902 15.31315 1.19332 2.38446 0.07137 0.73107 1.62436 3.66932 3.90489 0.10804
108389 P 0 1 70.67111 0.33850 15.30928 1.19455 2.38151 0.07130 0.72953 1.62067 3.66996 3.90476 0.10882
108390 P 0 1 70.66942 0.33850 15.30937 1.19598 2.38165 0.07130 0.72988 1.62083 3.67029 3.90329 0.10950
108391 P 0 1 70.66461 0.33863 15.31043 1.19763 2.38257 0.07131 0.73073 1.62196 3.67058 3.90130 0.11024
108392 P 0 1 70.66367 0.33859 15.31024 1.19910 2.38250 0.07131 0.73096 1.62187 3.67094 3.89988 0.11095
108393 P 0 1 70.64702 0.33920 15.31500 1.20166 2.38636 0.07137 0.73375 1.62668 3.67111 3.89591 0.11194
108394 P 0 1 70.63806 0.33951 15.31748 1.20327 2.38839 0.07141 0.73526 1.62920 3.67126 3.89357 0.11259
108395 P 0 1 70.62320 0.34004 15.32167 1.20567 2.39181 0.07147 0.73776 1.63347 3.67143 3.88994 0.11354
108396 P 0 1 70.61151 0.34045 15.32484 1.20787 2.39443 0.07151 0.73974 1.63674 3.67165 3.88682 0.11445
108397 P 0 1 70.59289 0.34113 15.33018 1.21053 2.39879 0.07158 0.74286 1.64218 3.67177 3.88260 0.11547
108398 P 0 1 70.57253 0.34189 15.33604 1.21331 2.40358 0.07167 0.74627 1.64818 3.67187 3.87812 0.11653
108399 P 0 1 70.55059 0.34272 15.34237 1.21620 2.40876 0.07176 0.74995 1.65469 3.67194 3.87340 0.11763
108400 P 0 1 70.52719 0.34360 15.34912 1.21918 2.41430 0.07186 0.75387 1.66166 3.67199 3.86847 0.11876
108401 P 0 1 70.50249 0.34453 15.35625 1.22225 2.42016 0.07196 0.75802 1.66906 3.67202 3.86336 0.11991
108402 P 0 1 70.47162 0.34571 15.36515 1.22598 2.42751 0.07209 0.76322 1.67835 3.67202 3.85707 0.12131
108403 P 0 1 70.44822 0.34660 15.37185 1.22881 2.43307 0.07219 0.76717 1.68540 3.67202 3.85231 0.12238
108404 P 0 1 70.41675 0.34783 15.38106 1.23198 2.44069 0.07232 0.77246 1.69508 3.67185 3.84650 0.12349
108405 P 0 1 70.38782 0.34894 15.38934 1.23527 2.44760 0.07244 0.77736 1.70389 3.67178 3.84084 0.12471
108406 P 0 1 70.36692 0.34972 15.39518 1.23792 2.45252 0.07253 0.78093 1.71018 3.67181 3.83652 0.12577
108407 P 0 1 70.33092 0.35114 15.40564 1.24135 2.46127 0.07269 0.78703 1.72138 3.67154 3.83010 0.12695
108408 P 0 1 70.30025 0.35232 15.41433 1.24467 2.46861 0.07282 0.79227 1.73082 3.67142 3.82430 0.12819
108409 P 0 1 70.26914 0.35352 15.42312 1.24800 2.47607 0.07295 0.79760 1.74042 3.67128 3.81847 0.12943
108410 P 0 1 70.27060 0.35340 15.42226 1.24901 2.47544 0.07293 0.79740 1.73960 3.67158 3.81774 0.13004
108411 P 0 1 70.24022 0.35458 15.43081 1.25222 2.48272 0.07306 0.80261 1.74900 3.67143 3.81211 0.13124
108412 P 0 1 70.20971 0.35576 15.43936 1.25540 2.49003 0.07319 0.80786 1.75848 3.67126 3.80650 0.13244
108413 P 0 1 70.17917 0.35694 15.44789 1.25854 2.49736 0.07332 0.81314 1.76799 3.67108 3.80093 0.13362
108414 P 0 1 70.14869 0.35813 15.45638 1.26164 2.50468 0.07345 0.81842 1.77752 3.67088 3.79543 0.13479
108415 P 0 1 70.11834 0.35931 15.46479 1.26469 2.51197 0.07358 0.82369 1.78703 3.67067 3.78999 0.13595
108416 P 0 1 70.08822 0.36048 15.47310 1.26768 2.51920 0.07370 0.82893 1.79650 3.67046 3.78464 0.13708
108417 P 0 1 70.05841 0.36165 15.48130 1.27061 2.52636 0.07383 0.83414 1.80590 3.67023 3.77939 0.13819
108418 P 0 1 70.02902 0.36280 15.48935 1.27347 2.53343 0.07395 0.83928 1.81520 3.66999 3.77425 0.13927
108419 P 0 1 70.00011 0.36393 15.49724 1.27625 2.54038 0.07408 0.84436 1.82437 3.66974 3.76923 0.14032
108420 P 0 1 69.97179 0.36504 15.50494 1.27893 2.54719 0.07420 0.84935 1.83338 3.66949 3.76435 0.14134
108421 P 0 1 69.94415 0.36612 15.51243 1.28153 2.55385 0.07431 0.85423 1.84220 3.66924 3.75963 0.14232
108422 P 0 1 69.87008 0.36912 15.53296 1.28690 2.57206 0.07464 0.86731 1.86646 3.66815 3.74832 0.14400
108423 P 0 1 69.84231 0.37022 15.54039 1.28940 2.57875 0.07475 0.87226 1.87542 3.66786 3.74370 0.14494
108424 P 0 1 69.81544 0.37128 15.54756 1.29180 2.58523 0.07487 0.87706 1.88411 3.66757 3.73925 0.14584
108425 P 0 1 69.77355 0.37300 15.55915 1.29432 2.59564 0.07505 0.88453 1.89811 3.66681 3.73332 0.14650
108426 P 0 1 69.74820 0.37401 15.56586 1.29650 2.60177 0.07516 0.88909 1.90638 3.66651 3.72922 0.14731
108427 P 0 1 69.72396 0.37497 15.57226 1.29855 2.60763 0.07526 0.89346 1.91430 3.66622 3.72533 0.14806
108428 P 0 1 69.70092 0.37589 15.57834 1.30047 2.61321 0.07536 0.89762 1.92186 3.66592 3.72166 0.14876
108429 P 0 1 69.67912 0.37675 15.58407 1.30225 2.61849 0.07545 0.90156 1.92902 3.66564 3.71822 0.14941
108430 P 0 1 69.65862 0.37757 15.58946 1.30391 2.62346 0.07554 0.90528 1.93578 3.66536 3.71501 0.15000
108431 P 0 1 69.63947 0.37834 15.59448 1.30542 2.62811 0.07562 0.90876 1.94211 3.66510 3.71204 0.15054
108432 P 0 1 69.62171 0.37905 15.59914 1.30679 2.63243 0.07570 0.91199 1.94801 3.66484 3.70932 0.15102
108433 P 0 1 69.54339 0.38227 15.62000 1.31164 2.65178 0.07604 0.92626 1.97452 3.66341 3.69829 0.15240
108434 P 0 1 69.52647 0.38295 15.62440 1.31286 2.65591 0.07611 0.92937 1.98020 3.66314 3.69578 0.15281
108435 P 0 1 69.51094 0.38358 15.62844 1.31394 2.65970 0.07618 0.93222 1.98544 3.66289 3.69351 0.15316
108436 P 0 1 69.49682 0.38416 15.63212 1.31489 2.66317 0.07624 0.93482 1.99022 3.66264 3.69147 0.15346
108437 P 0 1 69.48407 0.38468 15.63545 1.31570 2.66631 0.07629 0.93716 1.99455 3.66241 3.68967 0.15370
108438 P 0 1 69.47270 0.38515 15.63844 1.31638 2.66912 0.07634 0.93926 1.99843 3.66220 3.68810 0.15389
108439 P 0 1 69.46696 0.38538 15.63994 1.31672 2.67053 0.07637 0.94031 2.00039 3.66209 3.68730 0.15399
108440 P 0 1 69.45834 0.38575 15.64223 1.31715 2.67269 0.07641 0.94190 2.00338 3.66190 3.68618 0.15407
108441 P 0 1 69.45098 0.38606 15.64421 1.31746 2.67454 0.07644 0.94325 2.00594 3.66173 3.68527 0.15411
108442 P 0 1 69.44484 0.38632 15.64588 1.31765 2.67610 0.07647 0.94438 2.00811 3.66157 3.68456 0.15410
108443 P 0 1 69.43987 0.38654 15.64727 1.31774 2.67739 0.07649 0.94529 2.00990 3.66143 3.68404 0.15405
108444 P 0 1 69.47478 0.38513 15.63835 1.31513 2.66891 0.07635 0.93884 1.99815 3.66197 3.68926 0.15314
108445 P 0 1 69.51681 0.38345 15.62758 1.31189 2.65871 0.07617 0.93109 1.98408 3.66259 3.69565 0.15198
108446 P 0 1 69.51717 0.38346 15.62762 1.31153 2.65872 0.07617 0.93101 1.98408 3.66251 3.69597 0.15176
108447 P 0 1 69.56120 0.38170 15.61630 1.30802 2.64805 0.07598 0.92292 1.96942 3.66313 3.70277 0.15050
108448 P 0 1 69.56445 0.38159 15.61560 1.30742 2.64736 0.07597 0.92232 1.96847 3.66310 3.70355 0.15018
108449 P 0 1 69.56852 0.38145 15.61469 1.30673 2.64647 0.07596 0.92156 1.96724 3.66306 3.70447 0.14984
108450 P 0 1 69.57337 0.38128 15.61359 1.30597 2.64539 0.07594 0.92066 1.96577 3.66304 3.70552 0.14947
108451 P 0 1 69.58310 0.38090 15.61113 1.30506 2.64307 0.07590 0.91887 1.96259 3.66314 3.70713 0.14911
108452 P 0 1 69.58097 0.38067 15.60964 1.31027 2.64224 0.07587 0.91943 1.96143 3.66433 3.70282 0.15234
108453 P 0 1 69.47530 0.38495 15.63715 1.31772 2.66807 0.07632 0.93882 1.99698 3.66260 3.68729 0.15480
108454 P 0 1 69.47970 0.38479 15.63617 1.31701 2.66710 0.07630 0.93800 1.99564 3.66258 3.68825 0.15445
108455 P 0 1 69.48460 0.38462 15.63507 1.31625 2.66602 0.07629 0.93708 1.99414 3.66256 3.68928 0.15407
108456 P 0 1 69.48995 0.38443 15.63386 1.31546 2.66482 0.07627 0.93608 1.99250 3.66255 3.69040 0.15367
108457 P 0 1 69.49570 0.38423 15.63255 1.31462 2.66353 0.07625 0.93501 1.99072 3.66254 3.69158 0.15326
108458 P 0 1 69.50182 0.38401 15.63115 1.31375 2.66216 0.07623 0.93387 1.98883 3.66254 3.69282 0.15284
108459 P 0 1 69.50826 0.38377 15.62966 1.31284 2.66071 0.07620 0.93267 1.98682 3.66253 3.69412 0.15240
108512 P 0 1 70.01825 0.37135 15.54000 1.12724 2.56793 0.07515 0.83051 1.86232 3.63084 3.90455 0.07187
108513 P 0 1 70.02261 0.37115 15.53863 1.12737 2.56675 0.07512 0.82979 1.86074 3.63102 3.90485 0.07196
108514 P 0 1 70.02705 0.37094 15.53724 1.12751 2.56556 0.07510 0.82906 1.85914 3.63120 3.90515 0.07206
108515 P 0 1 70.03156 0.37073 15.53583 1.12764 2.56434 0.07508 0.82832 1.85751 3.63138 3.90546 0.07215
108516 P 0 1 70.03614 0.37052 15.53439 1.12777 2.56311 0.07505 0.82757 1.85587 3.63156 3.90578 0.07224
108517 P 0 1 70.12207 0.36675 15.50850 1.12556 2.54079 0.07463 0.81305 1.82623 3.63369 3.91631 0.07241
108518 P 0 1 70.12549 0.36658 15.50739 1.12575 2.53985 0.07462 0.81250 1.82499 3.63385 3.91646 0.07252
108519 P 0 1 70.41645 0.35437 15.41980 1.10742 2.46605 0.07327 0.76324 1.72883 3.63782 3.96332 0.06943
108520 P 0 1 70.44655 0.35308 15.41039 1.10598 2.45831 0.07312 0.75828 1.71890 3.63834 3.96776 0.06928
108521 P 0 1 70.44422 0.35316 15.41100 1.10657 2.45883 0.07313 0.75872 1.71956 3.63844 3.96694 0.06945
108522 P 0 1 70.44185 0.35323 15.41162 1.10716 2.45935 0.07314 0.75915 1.72022 3.63854 3.96611 0.06962
108523 P 0 1 70.41907 0.35413 15.41833 1.10988 2.46492 0.07324 0.76307 1.72735 3.63861 3.96111 0.07029
108524 P 0 1 70.41714 0.35419 15.41882 1.11044 2.46534 0.07324 0.76344 1.72788 3.63871 3.96035 0.07046
108525 P 0 1 70.41515 0.35425 15.41932 1.11101 2.46577 0.07325 0.76381 1.72842 3.63881 3.95958 0.07064
108526 P 0 1 70.41307 0.35431 15.41984 1.11159 2.46622 0.07325 0.76420 1.72899 3.63891 3.95879 0.07081
108527 P 0 1 70.41090 0.35438 15.42039 1.11218 2.46669 0.07326 0.76461 1.72959 3.63901 3.95799 0.07099
108528 P 0 1 70.40862 0.35446 15.42098 1.11277 2.46719 0.07327 0.76503 1.73023 3.63911 3.95716 0.07117
108529 P 0 1 70.40621 0.35454 15.42161 1.11338 2.46772 0.07328 0.76548 1.73091 3.63921 3.95631 0.07135
108530 P 0 1 70.48080 0.35139 15.39842 1.10906 2.44869 0.07292 0.75313 1.70652 3.64031 3.96806 0.07070
108531 P 0 1 70.47603 0.35156 15.39978 1.10984 2.44982 0.07294 0.75397 1.70795 3.64038 3.96681 0.07091
108532 P 0 1 70.42300 0.35396 15.41713 1.10960 2.46393 0.07322 0.76241 1.72608 3.63865 3.96178 0.07024
108533 P 0 1 70.41581 0.35419 15.41894 1.11165 2.46548 0.07324 0.76377 1.72804 3.63902 3.95900 0.07086
108534 P 0 1 70.41142 0.35435 15.42016 1.11244 2.46651 0.07326 0.76455 1.72936 3.63911 3.95778 0.07108
108535 P 0 1 70.40529 0.35453 15.42167 1.11426 2.46781 0.07328 0.76572 1.73101 3.63944 3.95534 0.07164
108536 P 0 1 70.40044 0.35471 15.42304 1.11507 2.46895 0.07329 0.76658 1.73248 3.63952 3.95405 0.07187
108537 P 0 1 70.45583 0.35230 15.40547 1.11339 2.45456 0.07302 0.75754 1.71398 3.64077 3.96123 0.07191
108538 P 0 1 70.44850 0.35258 15.40761 1.11436 2.45633 0.07305 0.75880 1.71625 3.64082 3.95953 0.07216
108539 P 0 1 70.50730 0.34989 15.38809 1.11535 2.44056 0.07274 0.74953 1.69603 3.64294 3.96438 0.07319
108540 P 0 1 70.49749 0.35028 15.39103 1.11644 2.44297 0.07279 0.75119 1.69910 3.64295 3.96231 0.07346
108541 P 0 1 70.50330 0.34990 15.38852 1.11873 2.44102 0.07274 0.75048 1.69658 3.64379 3.96060 0.07434
108542 P 0 1 70.49260 0.35033 15.39175 1.11980 2.44367 0.07279 0.75229 1.69995 3.64376 3.95848 0.07460
108543 P 0 1 70.48951 0.35044 15.39259 1.12045 2.44437 0.07280 0.75284 1.70084 3.64385 3.95752 0.07479
108544 P 0 1 70.42590 0.35309 15.41223 1.12473 2.46047 0.07309 0.76342 1.72143 3.64308 3.94698 0.07558
108545 P 0 1 70.39593 0.35431 15.42126 1.12732 2.46795 0.07323 0.76848 1.73103 3.64287 3.94147 0.07616
108546 P 0 1 70.38444 0.35477 15.42467 1.12845 2.47079 0.07328 0.77044 1.73468 3.64283 3.93922 0.07644
108547 P 0 1 70.37211 0.35527 15.42834 1.12963 2.47384 0.07333 0.77254 1.73861 3.64278 3.93684 0.07672
108548 P 0 1 70.38684 0.35447 15.42284 1.13235 2.46943 0.07324 0.77041 1.73288 3.64401 3.93564 0.07789
108549 P 0 1 70.37223 0.35506 15.42722 1.13360 2.47307 0.07330 0.77289 1.73757 3.64390 3.93297 0.07818
108550 P 0 1 70.35684 0.35569 15.43183 1.13488 2.47692 0.07337 0.77550 1.74252 3.64378 3.93020 0.07847
108551 P 0 1 70.34084 0.35634 15.43662 1.13618 2.48092 0.07345 0.77821 1.74769 3.64364 3.92737 0.07875
108552 P 0 1 70.33139 0.35675 15.43956 1.13651 2.48336 0.07349 0.77977 1.75085 3.64343 3.92612 0.07876
108553 P 0 1 70.31463 0.35744 15.44458 1.13777 2.48757 0.07357 0.78262 1.75629 3.64326 3.92325 0.07903
108554 P 0 1 70.29850 0.35811 15.44941 1.13894 2.49162 0.07364 0.78535 1.76154 3.64308 3.92054 0.07927
108555 P 0 1 70.28359 0.35873 15.45388 1.13996 2.49538 0.07371 0.78788 1.76642 3.64289 3.91808 0.07947
108556 P 0 1 70.28006 0.35879 15.45445 1.14195 2.49594 0.07371 0.78864 1.76713 3.64334 3.91582 0.08017
108557 P 0 1 70.26853 0.35927 15.45794 1.14260 2.49887 0.07377 0.79058 1.77094 3.64315 3.91406 0.08028
108558 P 0 1 70.25850 0.35970 15.46099 1.14310 2.50143 0.07381 0.79227 1.77428 3.64297 3.91260 0.08034
108559 P 0 1 70.22784 0.36094 15.46991 1.14589 2.50902 0.07395 0.79756 1.78416 3.64278 3.90693 0.08102
108560 P 0 1 70.21962 0.36130 15.47244 1.14614 2.51115 0.07399 0.79894 1.78695 3.64259 3.90588 0.08101
108561 P 0 1 70.19491 0.36234 15.47985 1.14747 2.51744 0.07411 0.80313 1.79518 3.64217 3.90220 0.08121
108562 P 0 1 70.18527 0.36276 15.48280 1.14773 2.51994 0.07415 0.80475 1.79846 3.64194 3.90101 0.08120
108563 P 0 1 70.17415 0.36325 15.48619 1.14807 2.52281 0.07421 0.80662 1.80224 3.64168 3.89960 0.08119
108564 P 0 1 70.16142 0.36380 15.49006 1.14849 2.52610 0.07427 0.80876 1.80656 3.64139 3.89797 0.08119
108565 P 0 1 70.18704 0.36269 15.48229 1.14758 2.51950 0.07414 0.80444 1.79788 3.64195 3.90133 0.08116
108566 P 0 1 70.17071 0.36340 15.48724 1.14818 2.52370 0.07422 0.80720 1.80340 3.64160 3.89916 0.08119
108567 P 0 1 70.15298 0.36416 15.49259 1.14886 2.52826 0.07431 0.81020 1.80940 3.64122 3.89679 0.08123
108568 P 0 1 70.13402 0.36498 15.49830 1.14960 2.53314 0.07440 0.81341 1.81582 3.64082 3.89425 0.08127
108569 P 0 1 70.10705 0.36610 15.50617 1.15142 2.53992 0.07452 0.81807 1.82477 3.64046 3.88989 0.08164
108570 P 0 1 70.08621 0.36700 15.51239 1.15222 2.54528 0.07462 0.82162 1.83185 3.64002 3.88711 0.08169
108571 P 0 1 70.06474 0.36792 15.51879 1.15304 2.55080 0.07472 0.82529 1.83917 3.63955 3.88426 0.08174
108572 P 0 1 70.04288 0.36887 15.52528 1.15385 2.55642 0.07482 0.82902 1.84663 3.63908 3.88137 0.08178
108573 P 0 1 70.02088 0.36982 15.53180 1.15464 2.56208 0.07493 0.83280 1.85416 3.63858 3.87850 0.08181
108574 P 0 1 70.00649 0.37040 15.53586 1.15584 2.56565 0.07499 0.83533 1.85891 3.63845 3.87598 0.08209
108575 P 0 1 69.98475 0.37135 15.54229 1.15653 2.57126 0.07510 0.83906 1.86640 3.63794 3.87323 0.08209
108576 P 0 1 69.95763 0.37249 15.55006 1.15818 2.57810 0.07522 0.84380 1.87555 3.63752 3.86907 0.08240
108577 P 0 1 69.91573 0.37422 15.56185 1.16122 2.58856 0.07541 0.85120 1.88957 3.63700 3.86218 0.08306
108578 P 0 1 69.89506 0.37513 15.56793 1.16171 2.59392 0.07551 0.85477 1.89679 3.63647 3.85974 0.08299
108579 P 0 1 69.86428 0.37648 15.57696 1.16236 2.60191 0.07565 0.86008 1.90758 3.63564 3.85619 0.08287
108580 P 0 1 69.84404 0.37738 15.58288 1.16275 2.60717 0.07575 0.86359 1.91469 3.63509 3.85388 0.08278
108581 P 0 1 69.82237 0.37835 15.58927 1.16293 2.61285 0.07586 0.86732 1.92239 3.63444 3.85164 0.08259
108582 P 0 1 69.79731 0.37944 15.59648 1.16366 2.61931 0.07598 0.87170 1.93117 3.63382 3.84856 0.08257
108583 P 0 1 69.77668 0.38035 15.60247 1.16400 2.62468 0.07608 0.87529 1.93848 3.63324 3.84628 0.08245
108584 P 0 1 69.75568 0.38128 15.60855 1.16434 2.63015 0.07618 0.87895 1.94594 3.63265 3.84396 0.08233
108585 P 0 1 69.73424 0.38224 15.61473 1.16468 2.63573 0.07628 0.88269 1.95356 3.63204 3.84160 0.08221
108586 P 0 1 69.71230 0.38321 15.62104 1.16504 2.64143 0.07639 0.88653 1.96138 3.63142 3.83918 0.08209
108587 P 0 1 69.68982 0.38421 15.62747 1.16541 2.64728 0.07649 0.89048 1.96940 3.63078 3.83669 0.08197
108588 P 0 1 69.66680 0.38523 15.63404 1.16581 2.65326 0.07660 0.89453 1.97762 3.63013 3.83414 0.08185
108589 P 0 1 69.64324 0.38627 15.64073 1.16622 2.65938 0.07672 0.89868 1.98605 3.62947 3.83152 0.08173
108590 P 0 1 69.61917 0.38734 15.64753 1.16664 2.66562 0.07683 0.90293 1.99467 3.62880 3.82885 0.08161
108591 P 0 1 69.61585 0.38753 15.64871 1.16585 2.66666 0.07685 0.90343 1.99611 3.62847 3.82927 0.08128
108592 P 0 1 69.59103 0.38863 15.65569 1.16629 2.67310 0.07697 0.90783 2.00502 3.62777 3.82650 0.08116
108593 P 0 1 69.56586 0.38974 15.66275 1.16675 2.67962 0.07709 0.91231 2.01407 3.62707 3.82370 0.08105
108594 P 0 1 69.54042 0.39087 15.66985 1.16720 2.68622 0.07721 0.91684 2.02324 3.62635 3.82087 0.08093
108595 P 0 1 69.51479 0.39201 15.67698 1.16765 2.69286 0.07733 0.92141 2.03250 3.62562 3.81804 0.08081
108596 P 0 1 69.48905 0.39315 15.68410 1.16810 2.69953 0.07746 0.92602 2.04182 3.62489 3.81520 0.08069
108597 P 0 1 69.46330 0.39429 15.69121 1.16852 2.70621 0.07758 0.93063 2.05116 3.62415 3.81238 0.08056
108598 P 0 1 69.43762 0.39543 15.69827 1.16893 2.71286 0.07770 0.93525 2.06051 3.62341 3.80959 0.08043
108599 P 0 1 69.41211 0.39657 15.70527 1.16931 2.71948 0.07782 0.93984 2.06981 3.62266 3.80684 0.08029
108600 P 0 1 69.38684 0.39769 15.71218 1.16966 2.72604 0.07794 0.94440 2.07906 3.62192 3.80414 0.08014
108601 P 0 1 69.36189 0.39881 15.71898 1.16998 2.73252 0.07806 0.94890 2.08821 3.62117 3.80151 0.07998
108602 P 0 1 69.33733 0.39990 15.72565 1.17025 2.73890 0.07818 0.95334 2.09725 3.62042 3.79896 0.07982
108603 P 0 1 69.31324 0.40098 15.73219 1.17047 2.74517 0.07829 0.95770 2.10614 3.61968 3.79650 0.07964
108604 P 0 1 69.28964 0.40204 15.73857 1.17065 2.75131 0.07840 0.96198 2.11488 3.61894 3.79413 0.07945
108605 P 0 1 69.26658 0.40308 15.74480 1.17078 2.75732 0.07851 0.96617 2.12345 3.61820 3.79185 0.07926
108606 P 0 1 69.24407 0.40410 15.75087 1.17086 2.76320 0.07862 0.97025 2.13184 3.61746 3.78968 0.07905
108607 P 0 1 69.22210 0.40509 15.75679 1.17089 2.76894 0.07872 0.97424 2.14006 3.61673 3.78760 0.07882
108608 P 0 1 69.20065 0.40607 15.76256 1.17087 2.77456 0.07883 0.97814 2.14811 3.61601 3.78562 0.07859
108609 P 0 1 69.17967 0.40702 15.76820 1.17080 2.78006 0.07893 0.98196 2.15601 3.61528 3.78372 0.07835
108610 P 0 1 69.15909 0.40796 15.77372 1.17069 2.78546 0.07903 0.98570 2.16379 3.61456 3.78190 0.07810
108611 P 0 1 69.14793 0.40850 15.77685 1.17007 2.78850 0.07909 0.98767 2.16817 3.61401 3.78143 0.07776
108612 P 0 1 69.12788 0.40942 15.78222 1.16990 2.79378 0.07918 0.99132 2.17579 3.61329 3.77972 0.07750
108613 P 0 1 69.10793 0.41034 15.78755 1.16971 2.79902 0.07928 0.99496 2.18338 3.61256 3.77804 0.07723
108614 P 0 1 69.08802 0.41126 15.79286 1.16949 2.80427 0.07938 0.99859 2.19098 3.61183 3.77638 0.07695
108615 P 0 1 69.06807 0.41217 15.79816 1.16927 2.80952 0.07947 1.00224 2.19860 3.61110 3.77473 0.07667
108616 P 0 1 69.04804 0.41310 15.80347 1.16903 2.81480 0.07957 1.00590 2.20627 3.61035 3.77309 0.07639
108617 P 0 1 69.02795 0.41402 15.80878 1.16878 2.82009 0.07967 1.00958 2.21398 3.60960 3.77145 0.07610
108618 P 0 1 69.00786 0.41495 15.81408 1.16851 2.82538 0.07976 1.01326 2.22170 3.60885 3.76983 0.07581
108619 P 0 1 68.98787 0.41587 15.81933 1.16823 2.83065 0.07986 1.01693 2.22941 3.60809 3.76824 0.07552
108620 P 0 1 68.96814 0.41679 15.82452 1.16791 2.83586 0.07996 1.02055 2.23703 3.60734 3.76670 0.07522
108621 P 0 1 68.94883 0.41768 15.82958 1.16756 2.84096 0.08005 1.02409 2.24452 3.60658 3.76524 0.07491
108622 P 0 1 68.93016 0.41856 15.83448 1.16715 2.84591 0.08014 1.02752 2.25178 3.60583 3.76388 0.07459
108623 P 0 1 68.91231 0.41939 15.83917 1.16668 2.85065 0.08023 1.03079 2.25877 3.60510 3.76266 0.07426
108624 P 0 1 68.89550 0.42019 15.84360 1.16614 2.85514 0.08031 1.03386 2.26538 3.60438 3.76160 0.07392
108625 P 0 1 68.87991 0.42093 15.84773 1.16551 2.85932 0.08039 1.03669 2.27156 3.60368 3.76072 0.07356
108626 P 0 1 68.86572 0.42162 15.85152 1.16479 2.86315 0.08046 1.03926 2.27723 3.60299 3.76007 0.07318
108627 P 0 1 68.85310 0.42224 15.85493 1.16397 2.86660 0.08053 1.04152 2.28234 3.60234 3.75965 0.07279
108628 P 0 1 68.84219 0.42278 15.85792 1.16305 2.86962 0.08058 1.04344 2.28683 3.60171 3.75949 0.07238
108629 P 0 1 68.83313 0.42325 15.86047 1.16200 2.87219 0.08064 1.04501 2.29064 3.60112 3.75960 0.07195
108630 P 0 1 68.82603 0.42364 15.86256 1.16084 2.87426 0.08068 1.04619 2.29373 3.60056 3.76001 0.07150
108631 P 0 1 68.82099 0.42394 15.86415 1.15955 2.87582 0.08071 1.04697 2.29607 3.60004 3.76072 0.07103
108632 P 0 1 68.81812 0.42415 15.86523 1.15814 2.87685 0.08073 1.04732 2.29761 3.59955 3.76175 0.07054
108633 P 0 1 68.81748 0.42427 15.86578 1.15659 2.87732 0.08075 1.04724 2.29833 3.59911 3.76310 0.07003
108634 P 0 1 68.81914 0.42429 15.86579 1.15491 2.87722 0.08075 1.04670 2.29820 3.59870 3.76480 0.06950
108635 P 0 1 68.82317 0.42421 15.86523 1.15310 2.87652 0.08075 1.04571 2.29719 3.59834 3.76684 0.06895
108636 P 0 1 68.82960 0.42402 15.86409 1.15115 2.87522 0.08073 1.04424 2.29529 3.59803 3.76923 0.06838
108637 P 0 1 68.83850 0.42374 15.86237 1.14906 2.87331 0.08071 1.04229 2.29249 3.59776 3.77198 0.06780
108638 P 0 1 68.84987 0.42334 15.86005 1.14683 2.87078 0.08067 1.03987 2.28877 3.59753 3.77510 0.06719
108639 P 0 1 68.86375 0.42284 15.85712 1.14447 2.86762 0.08062 1.03695 2.28412 3.59735 3.77858 0.06657
108640 P 0 1 68.88015 0.42224 15.85357 1.14197 2.86383 0.08057 1.03356 2.27854 3.59722 3.78243 0.06593
108641 P 0 1 68.89906 0.42152 15.84941 1.13934 2.85940 0.08050 1.02968 2.27204 3.59713 3.78665 0.06527
108642 P 0 1 68.92049 0.42070 15.84461 1.13657 2.85434 0.08042 1.02532 2.26462 3.59709 3.79124 0.06460
108643 P 0 1 68.94441 0.41977 15.83919 1.13367 2.84865 0.08033 1.02049 2.25628 3.59710 3.79620 0.06392
108644 P 0 1 68.97079 0.41873 15.83313 1.13065 2.84234 0.08022 1.01520 2.24704 3.59715 3.80153 0.06322
108645 P 0 1 68.99961 0.41759 15.82644 1.12750 2.83540 0.08011 1.00946 2.23692 3.59724 3.80721 0.06251
108646 P 0 1 69.03081 0.41635 15.81912 1.12422 2.82786 0.07999 1.00327 2.22594 3.59737 3.81326 0.06180
108647 P 0 1 69.06434 0.41500 15.81118 1.12083 2.81973 0.07985 0.99667 2.21412 3.59755 3.81966 0.06107
108648 P 0 1 69.10012 0.41356 15.80262 1.11733 2.81101 0.07971 0.98966 2.20149 3.59776 3.82640 0.06033
108649 P 0 1 69.13808 0.41203 15.79345 1.11372 2.80174 0.07956 0.98226 2.18809 3.59802 3.83347 0.05959
108650 P 0 1 69.17814 0.41040 15.78368 1.11001 2.79193 0.07939 0.97449 2.17396 3.59830 3.84087 0.05884
108651 P 0 1 69.22018 0.40868 15.77332 1.10620 2.78160 0.07922 0.96639 2.15913 3.59862 3.84858 0.05809
108652 P 0 1 69.26411 0.40689 15.76239 1.10230 2.77078 0.07904 0.95797 2.14365 3.59897 3.85659 0.05734
108653 P 0 1 69.30980 0.40501 15.75091 1.09832 2.75949 0.07884 0.94925 2.12756 3.59934 3.86488 0.05658
108654 P 0 1 69.35713 0.40307 15.73891 1.09426 2.74778 0.07865 0.94028 2.11093 3.59974 3.87344 0.05582
108655 P 0 1 69.40596 0.40105 15.72639 1.09014 2.73566 0.07844 0.93107 2.09380 3.60016 3.88224 0.05507
108656 P 0 1 69.45616 0.39898 15.71340 1.08595 2.72319 0.07822 0.92166 2.07622 3.60060 3.89128 0.05432
108657 P 0 1 69.50758 0.39685 15.69996 1.08172 2.71038 0.07800 0.91208 2.05826 3.60106 3.90052 0.05357
108658 P 0 1 69.56005 0.39468 15.68611 1.07745 2.69729 0.07778 0.90236 2.03998 3.60153 3.90995 0.05283
108659 P 0 1 69.61344 0.39246 15.67187 1.07315 2.68394 0.07755 0.89253 2.02143 3.60200 3.91954 0.05210
108660 P 0 1 69.66756 0.39021 15.65728 1.06882 2.67038 0.07731 0.88262 2.00267 3.60249 3.92928 0.05138
108661 P 0 1 69.72227 0.38793 15.64239 1.06449 2.65666 0.07707 0.87267 1.98376 3.60298 3.93913 0.05066
108662 P 0 1 69.77740 0.38563 15.62723 1.06015 2.64280 0.07683 0.86270 1.96477 3.60347 3.94907 0.04996
108663 P 0 1 69.83279 0.38332 15.61184 1.05581 2.62886 0.07658 0.85275 1.94575 3.60395 3.95908 0.04927
108664 P 0 1 69.88828 0.38100 15.59627 1.05150 2.61487 0.07634 0.84283 1.92676 3.60444 3.96913 0.04859
108665 P 0 1 69.94373 0.37868 15.58055 1.04720 2.60087 0.07609 0.83299 1.90785 3.60492 3.97919 0.04793
108666 P 0 1 69.99898 0.37637 15.56473 1.04295 2.58690 0.07584 0.82325 1.88906 3.60539 3.98925 0.04728
108667 P 0 1 70.05390 0.37406 15.54886 1.03873 2.57299 0.07560 0.81362 1.87046 3.60585 3.99928 0.04664
108668 P 0 1 70.10836 0.37178 15.53296 1.03457 2.55918 0.07535 0.80413 1.85208 3.60630 4.00926 0.04603
108669 P 0 1 70.16223 0.36952 15.51709 1.03046 2.54550 0.07510 0.79480 1.83396 3.60674 4.01916 0.04543
108670 P 0 1 70.21542 0.36728 15.50126 1.02642 2.53198 0.07486 0.78565 1.81613 3.60717 4.02897 0.04484
108671 P 0 1 70.26782 0.36508 15.48553 1.02245 2.51864 0.07462 0.77668 1.79863 3.60758 4.03867 0.04428
108672 P 0 1 70.31936 0.36292 15.46992 1.01855 2.50551 0.07438 0.76792 1.78148 3.60797 4.04825 0.04373
108673 P 0 1 70.36995 0.36079 15.45446 1.01473 2.49261 0.07415 0.75937 1.76471 3.60836 4.05768 0.04320
108674 P 0 1 70.41954 0.35870 15.43917 1.01100 2.47994 0.07392 0.75104 1.74833 3.60872 4.06696 0.04269
108675 P 0 1 70.46808 0.35666 15.42408 1.00735 2.46753 0.07369 0.74292 1.73234 3.60907 4.07607 0.04219
108676 P 0 1 70.51554 0.35466 15.40921 1.00378 2.45539 0.07347 0.73504 1.71677 3.60941 4.08502 0.04171
108677 P 0 1 70.56189 0.35271 15.39456 1.00031 2.44352 0.07325 0.72738 1.70162 3.60973 4.09379 0.04125
108678 P 0 1 70.60713 0.35080 15.38016 0.99692 2.43192 0.07304 0.71994 1.68688 3.61004 4.10237 0.04081
108679 P 0 1 70.65124 0.34894 15.36600 0.99362 2.42060 0.07283 0.71273 1.67255 3.61033 4.11078 0.04038
108680 P 0 1 70.69425 0.34713 15.35210 0.99041 2.40956 0.07263 0.70574 1.65863 3.61060 4.11900 0.03997
108681 P 0 1 70.73616 0.34536 15.33845 0.98728 2.39878 0.07243 0.69896 1.64511 3.61087 4.12704 0.03957
108682 P 0 1 70.77699 0.34364 15.32507 0.98423 2.38828 0.07223 0.69238 1.63197 3.61112 4.13490 0.03919
108683 P 0 1 70.81678 0.34196 15.31193 0.98127 2.37804 0.07204 0.68601 1.61921 3.61136 4.14259 0.03882
108684 P 0 1 70.85556 0.34032 15.29905 0.97838 2.36805 0.07186 0.67982 1.60682 3.61158 4.15010 0.03846
108685 P 0 1 70.89337 0.33873 15.28640 0.97557 2.35830 0.07168 0.67383 1.59477 3.61180 4.15745 0.03811
108686 P 0 1 70.93026 0.33717 15.27399 0.97282 2.34879 0.07150 0.66800 1.58305 3.61200 4.16464 0.03778
108687 P 0 1 70.96627 0.33565 15.26179 0.97015 2.33950 0.07132 0.66234 1.57164 3.61220 4.17169 0.03746
108688 P 0 1 71.00145 0.33416 15.24981 0.96754 2.33041 0.07115 0.65683 1.56053 3.61239 4.17859 0.03714
108689 P 0 1 71.03585 0.33271 15.23803 0.96499 2.32152 0.07099 0.65147 1.54969 3.61256 4.18535 0.03684
108690 P 0 1 71.06953 0.33129 15.22642 0.96249 2.31281 0.07082 0.64624 1.53911 3.61273 4.19200 0.03655
108691 P 0 1 71.10256 0.32989 15.21498 0.96005 2.30427 0.07066 0.64114 1.52876 3.61289 4.19853 0.03626
108692 P 0 1 71.13497 0.32853 15.20368 0.95765 2.29588 0.07050 0.63615 1.51864 3.61305 4.20496 0.03598
108693 P 0 1 71.16685 0.32718 15.19252 0.95530 2.28763 0.07034 0.63127 1.50870 3.61320 4.21130 0.03571
108694 P 0 1 71.19824 0.32585 15.18147 0.95298 2.27949 0.07019 0.62648 1.49895 3.61334 4.21755 0.03545
108695 P 0 1 71.22922 0.32455 15.17050 0.95070 2.27146 0.07004 0.62177 1.48934 3.61348 4.22374 0.03519
108696 P 0 1 71.25986 0.32325 15.15960 0.94845 2.26352 0.06989 0.61714 1.47987 3.61362 4.22986 0.03494
108697 P 0 1 71.29022 0.32197 15.14875 0.94623 2.25564 0.06974 0.61256 1.47051 3.61375 4.23595 0.03469
108698 P 0 1 71.32039 0.32069 15.13791 0.94402 2.24781 0.06959 0.60803 1.46123 3.61388 4.24200 0.03445
108699 P 0 1 71.35044 0.31942 15.12705 0.94184 2.24000 0.06944 0.60354 1.45201 3.61401 4.24804 0.03421
108700 P 0 1 71.38045 0.31816 15.11616 0.93966 2.23220 0.06929 0.59908 1.44282 3.61413 4.25408 0.03398
108701 P 0 1 71.41053 0.31688 15.10518 0.93749 2.22438 0.06913 0.59462 1.43364 3.61426 4.26013 0.03374
108702 P 0 1 71.44076 0.31561 15.09410 0.93532 2.21652 0.06898 0.59016 1.42444 3.61438 4.26622 0.03351
108703 P 0 1 71.47126 0.31432 15.08286 0.93315 2.20858 0.06883 0.58568 1.41517 3.61451 4.27237 0.03328
108704 P 0 1 71.50215 0.31301 15.07142 0.93096 2.20054 0.06867 0.58116 1.40582 3.61464 4.27859 0.03306
108705 P 0 1 71.53353 0.31168 15.05973 0.92875 2.19236 0.06851 0.57659 1.39633 3.61477 4.28490 0.03283
108706 P 0 1 71.56556 0.31033 15.04774 0.92651 2.18401 0.06835 0.57195 1.38668 3.61491 4.29135 0.03261
108707 P 0 1 71.59838 0.30894 15.03539 0.92425 2.17545 0.06818 0.56722 1.37682 3.61506 4.29794 0.03238
108708 P 0 1 71.63214 0.30751 15.02261 0.92193 2.16663 0.06801 0.56238 1.36671 3.61521 4.30472 0.03215
108709 P 0 1 71.66702 0.30603 15.00933 0.91957 2.15752 0.06783 0.55741 1.35629 3.61537 4.31171 0.03193
108710 P 0 1 71.70320 0.30449 14.99548 0.91714 2.14807 0.06765 0.55228 1.34551 3.61553 4.31895 0.03170
108711 P 0 1 71.74085 0.30290 14.98097 0.91465 2.13823 0.06745 0.54697 1.33434 3.61571 4.32647 0.03146
108712 P 0 1 71.78018 0.30123 14.96573 0.91207 2.12794 0.06725 0.54146 1.32270 3.61591 4.33431 0.03123
108713 P 0 1 71.82135 0.29948 14.94966 0.90941 2.11716 0.06704 0.53573 1.31057 3.61611 4.34251 0.03099
108714 P 0 1 71.86455 0.29765 14.93268 0.90664 2.10585 0.06681 0.52975 1.29789 3.61633 4.35109 0.03075
108715 P 0 1 71.90993 0.29572 14.91473 0.90378 2.09396 0.06657 0.52352 1.28462 3.61657 4.36010 0.03050
108716 P 0 1 71.95758 0.29370 14.89572 0.90081 2.08147 0.06632 0.51703 1.27075 3.61682 4.36955 0.03026
108717 P 0 1 72.00756 0.29158 14.87564 0.89773 2.06836 0.06606 0.51027 1.25628 3.61708 4.37944 0.03001
108718 P 0 1 72.05984 0.28936 14.85445 0.89456 2.05464 0.06578 0.50325 1.24121 3.61737 4.38978 0.02975
108719 P 0 1 72.11432 0.28705 14.83220 0.89130 2.04034 0.06549 0.49601 1.22559 3.61767 4.40054 0.02950
108720 P 0 1 72.17074 0.28466 14.80894 0.88797 2.02552 0.06519 0.48857 1.20951 3.61798 4.41166 0.02925
108721 P 0 1 72.22875 0.28220 14.78481 0.88461 2.01027 0.06488 0.48100 1.19307 3.61832 4.42308 0.02901
108722 P 0 1 72.28787 0.27969 14.75999 0.88125 1.99473 0.06456 0.47336 1.17642 3.61866 4.43468 0.02878
108723 P 0 1 72.34749 0.27716 14.73473 0.87794 1.97906 0.06424 0.46573 1.15973 3.61903 4.44633 0.02856
108724 P 0 1 72.40690 0.27465 14.70932 0.87473 1.96343 0.06392 0.45822 1.14321 3.61941 4.45786 0.02836
108725 P 0 1 72.46533 0.27217 14.68411 0.87168 1.94806 0.06360 0.45090 1.12706 3.61981 4.46910 0.02818
108726 P 0 1 72.52197 0.26977 14.65944 0.86885 1.93315 0.06328 0.44389 1.11150 3.62024 4.47986 0.02803
108727 P 0 1 72.57604 0.26748 14.63569 0.86631 1.91891 0.06298 0.43728 1.09674 3.62069 4.48996 0.02792
108728 P 0 1 72.62682 0.26532 14.61321 0.86410 1.90554 0.06270 0.43114 1.08295 3.62117 4.49921 0.02785
108729 P 0 1 72.67366 0.26333 14.59231 0.86227 1.89319 0.06244 0.42554 1.07028 3.62169 4.50747 0.02782
108730 P 0 1 72.71605 0.26152 14.57326 0.86086 1.88201 0.06220 0.42055 1.05888 3.62224 4.51460 0.02784
108731 P 0 1 72.75355 0.25992 14.55631 0.85989 1.87211 0.06199 0.41619 1.04882 3.62283 4.52050 0.02790
108732 P 0 1 72.78584 0.25853 14.54163 0.85940 1.86358 0.06180 0.41250 1.04017 3.62346 4.52509 0.02801
108733 P 0 1 72.81269 0.25737 14.52935 0.85938 1.85646 0.06164 0.40949 1.03299 3.62414 4.52832 0.02818
108734 P 0 1 72.83394 0.25644 14.51959 0.85986 1.85081 0.06152 0.40717 1.02729 3.62485 4.53014 0.02839
108735 P 0 1 72.84953 0.25574 14.51240 0.86083 1.84664 0.06142 0.40555 1.02308 3.62562 4.53055 0.02866
108736 P 0 1 72.85943 0.25527 14.50779 0.86229 1.84395 0.06136 0.40462 1.02035 3.62642 4.52955 0.02898
108737 P 0 1 72.86369 0.25504 14.50576 0.86423 1.84273 0.06132 0.40438 1.01910 3.62726 4.52716 0.02935
108738 P 0 1 72.86241 0.25503 14.50626 0.86664 1.84295 0.06132 0.40480 1.01928 3.62813 4.52341 0.02978
108739 P 0 1 72.85574 0.25524 14.50922 0.86951 1.84457 0.06134 0.40587 1.02086 3.62904 4.51837 0.03026
108740 P 0 1 72.84386 0.25567 14.51453 0.87281 1.84754 0.06139 0.40757 1.02378 3.62998 4.51208 0.03078
108741 P 0 1 72.82699 0.25630 14.52210 0.87652 1.85181 0.06147 0.40987 1.02801 3.63094 4.50462 0.03136
108742 P 0 1 72.80538 0.25712 14.53178 0.88062 1.85730 0.06158 0.41276 1.03348 3.63191 4.49607 0.03199
108743 P 0 1 72.77926 0.25813 14.54344 0.88509 1.86396 0.06171 0.41621 1.04012 3.63290 4.48651 0.03267
108744 P 0 1 72.74891 0.25931 14.55693 0.88990 1.87171 0.06186 0.42018 1.04789 3.63389 4.47602 0.03340
108745 P 0 1 72.71457 0.26065 14.57211 0.89503 1.88048 0.06203 0.42467 1.05673 3.63489 4.46467 0.03417
108746 P 0 1 72.67648 0.26214 14.58884 0.90045 1.89021 0.06223 0.42964 1.06658 3.63588 4.45256 0.03499
108747 P 0 1 72.63490 0.26378 14.60699 0.90613 1.90084 0.06244 0.43508 1.07740 3.63685 4.43975 0.03585
108748 P 0 1 72.59002 0.26555 14.62642 0.91206 1.91231 0.06266 0.44096 1.08913 3.63781 4.42631 0.03675
108749 P 0 1 72.54207 0.26745 14.64703 0.91823 1.92457 0.06291 0.44727 1.10173 3.63875 4.41230 0.03770
108750 P 0 1 72.49121 0.26947 14.66869 0.92460 1.93756 0.06316 0.45399 1.11516 3.63967 4.39779 0.03869
108751 P 0 1 72.43763 0.27160 14.69132 0.93116 1.95125 0.06343 0.46111 1.12940 3.64056 4.38283 0.03972
108752 P 0 1 72.38146 0.27383 14.71482 0.93791 1.96558 0.06372 0.46862 1.14441 3.64141 4.36745 0.04079
108753 P 0 1 72.32286 0.27617 14.73909 0.94482 1.98053 0.06401 0.47650 1.16017 3.64223 4.35171 0.04190
108754 P 0 1 72.26195 0.27860 14.76407 0.95189 1.99606 0.06431 0.48476 1.17664 3.64302 4.33565 0.04305
108755 P 0 1 72.19886 0.28112 14.78966 0.95910 2.01213 0.06463 0.49338 1.19381 3.64376 4.31930 0.04425
108756 P 0 1 72.13372 0.28372 14.81581 0.96645 2.02871 0.06495 0.50234 1.21165 3.64446 4.30270 0.04548
108757 P 0 1 72.06664 0.28640 14.84243 0.97392 2.04577 0.06529 0.51166 1.23014 3.64512 4.28588 0.04675
108758 P 0 1 71.99776 0.28916 14.86946 0.98150 2.06328 0.06563 0.52130 1.24925 3.64573 4.26887 0.04806
108759 P 0 1 71.92719 0.29199 14.89683 0.98918 2.08120 0.06597 0.53127 1.26896 3.64630 4.25171 0.04942
