 Vistelius (1995)
SiO2 TiO2 Al2O3 Fe2O3 FeO MnO MgO CaO Na2O K2O
129110 P 0 1 72.54514 0.25657 14.51695 0.79922 1.60752 0.04296 0.55410 1.16618 4.11962 4.39174
129111 P 0 1 72.55107 0.25614 14.51638 0.79155 1.61185 0.04289 0.55404 1.16786 4.11850 4.38972
129112 P 0 1 72.55831 0.25562 14.51542 0.78325 1.61634 0.04281 0.55381 1.16939 4.11726 4.38778
129113 P 0 1 72.56700 0.25503 14.51399 0.77436 1.62091 0.04272 0.55340 1.17069 4.11592 4.38599
129114 P 0 1 72.56955 0.25418 14.51986 0.74218 1.64743 0.04247 0.55718 1.18658 4.11096 4.36961
129115 P 0 1 72.58166 0.25340 14.51686 0.73368 1.65087 0.04237 0.55606 1.18646 4.10958 4.36905
129116 P 0 1 72.40593 0.26189 14.58196 0.74227 1.70047 0.04282 0.58761 1.24956 4.11125 4.31623
129117 P 0 1 72.43825 0.26009 14.57178 0.73181 1.69920 0.04267 0.58290 1.24264 4.10952 4.32113
129118 P 0 1 72.39840 0.26195 14.58657 0.73157 1.71235 0.04275 0.59039 1.25825 4.10951 4.30826
129119 P 0 1 72.46282 0.25810 14.56747 0.70287 1.71729 0.04237 0.58197 1.24882 4.10464 4.31365
129120 P 0 1 72.49858 0.25625 14.55521 0.69645 1.71149 0.04224 0.57615 1.23848 4.10350 4.32166
129121 P 0 1 72.53670 0.25450 14.54084 0.69685 1.69862 0.04216 0.56906 1.22354 4.10352 4.33421
129122 P 0 1 72.56181 0.25333 14.53137 0.69667 1.69055 0.04211 0.56446 1.21398 4.10345 4.34228
129123 P 0 1 72.58039 0.25258 14.52361 0.70054 1.68090 0.04210 0.56056 1.20473 4.10408 4.35051
129124 P 0 1 72.52735 0.25557 14.54051 0.71915 1.68145 0.04237 0.56796 1.21505 4.10732 4.34326
129125 P 0 1 72.54136 0.25517 14.53341 0.72859 1.66849 0.04242 0.56415 1.20460 4.10885 4.35295
129126 P 0 1 72.67882 0.24849 14.48153 0.71961 1.63146 0.04204 0.54013 1.15697 4.10699 4.39396
129127 P 0 1 72.68340 0.24857 14.47701 0.73224 1.61888 0.04214 0.53764 1.14855 4.10901 4.40256
129128 P 0 1 72.72262 0.24691 14.45913 0.74137 1.59816 0.04212 0.52931 1.12897 4.11027 4.42114
129129 P 0 1 72.80657 0.24280 14.42602 0.73526 1.57588 0.04188 0.51499 1.10070 4.10889 4.44702
129130 P 0 1 72.81193 0.24278 14.42067 0.74780 1.56343 0.04196 0.51234 1.09221 4.11078 4.45609
129131 P 0 1 72.81952 0.24263 14.41442 0.75971 1.55094 0.04204 0.50937 1.08326 4.11253 4.46559
129132 P 0 1 72.80655 0.24353 14.41544 0.77659 1.54124 0.04219 0.50939 1.07947 4.11508 4.47051
129133 P 0 1 72.82054 0.24301 14.40666 0.78687 1.52833 0.04223 0.50546 1.06909 4.11645 4.48135
129134 P 0 1 72.83803 0.24229 14.39646 0.79638 1.51501 0.04226 0.50100 1.05786 4.11765 4.49307
129135 P 0 1 72.85939 0.24136 14.38460 0.80522 1.50105 0.04227 0.49594 1.04558 4.11870 4.50590
129136 P 0 1 72.86062 0.24146 14.37972 0.81968 1.48934 0.04236 0.49369 1.03798 4.12062 4.51453
129137 P 0 1 72.86765 0.24125 14.37239 0.83339 1.47650 0.04243 0.49050 1.02868 4.12234 4.52488
129138 P 0 1 72.90650 0.23938 14.35295 0.83986 1.45900 0.04238 0.48263 1.01135 4.12281 4.54314
129139 P 0 1 72.87949 0.24092 14.35632 0.86672 1.44764 0.04261 0.48363 1.00824 4.12637 4.54805
129140 P 0 1 72.89153 0.24039 14.34679 0.87878 1.43493 0.04266 0.47974 0.99811 4.12769 4.55940
129141 P 0 1 72.89216 0.24041 14.34236 0.89083 1.42600 0.04273 0.47789 0.99217 4.12908 4.56639
129142 P 0 1 72.85856 0.24220 14.35062 0.91132 1.42214 0.04293 0.48095 0.99470 4.13173 4.56485
129143 P 0 1 72.80434 0.24505 14.36657 0.93645 1.42182 0.04321 0.48709 1.00264 4.13502 4.55781
129144 P 0 1 72.73646 0.24861 14.38710 0.96567 1.42329 0.04355 0.49518 1.01381 4.13874 4.54760
129145 P 0 1 72.70380 0.25032 14.39675 0.98010 1.42385 0.04371 0.49905 1.01908 4.14051 4.54283
129146 P 0 1 72.70688 0.25017 14.38986 0.99565 1.41252 0.04378 0.49619 1.01081 4.14203 4.55211
129147 P 0 1 72.62475 0.25446 14.41471 1.02962 1.41601 0.04416 0.50634 1.02536 4.14606 4.53852
129148 P 0 1 72.53937 0.25895 14.44412 1.05370 1.42710 0.04450 0.51872 1.04583 4.14902 4.51870
129149 P 0 1 72.39944 0.26633 14.50120 1.06347 1.46413 0.04490 0.54379 1.09338 4.15090 4.47246
129150 P 0 1 72.28128 0.27253 14.55077 1.06198 1.50144 0.04519 0.56676 1.13858 4.15137 4.43011
129151 P 0 1 72.18292 0.27762 14.59353 1.05093 1.53877 0.04536 0.58756 1.18122 4.15065 4.39142
129152 P 0 1 72.11400 0.28108 14.62538 1.03296 1.57174 0.04543 0.60375 1.21627 4.14900 4.36040
129153 P 0 1 72.06437 0.28345 14.64967 1.01228 1.60086 0.04542 0.61656 1.24545 4.14689 4.33503
129154 P 0 1 72.02436 0.28527 14.66963 0.99187 1.62715 0.04539 0.62744 1.27099 4.14469 4.31320
129155 P 0 1 71.98877 0.28683 14.68704 0.97310 1.65122 0.04536 0.63719 1.29420 4.14256 4.29372
129156 P 0 1 71.95559 0.28826 14.70266 0.95643 1.67331 0.04533 0.64616 1.31558 4.14059 4.27610
129157 P 0 1 71.92435 0.28957 14.71678 0.94188 1.69347 0.04530 0.65444 1.33527 4.13879 4.26014
129158 P 0 1 71.86008 0.29273 14.73950 0.93966 1.71489 0.04542 0.66766 1.36201 4.13838 4.23967
129159 P 0 1 71.83125 0.29395 14.75133 0.92931 1.73141 0.04541 0.67490 1.37883 4.13701 4.22659
129160 P 0 1 71.80398 0.29508 14.76248 0.91876 1.74769 0.04540 0.68185 1.39519 4.13559 4.21398
129161 P 0 1 71.79081 0.29557 14.76815 0.91160 1.75715 0.04538 0.68548 1.40419 4.13463 4.20704
129162 P 0 1 71.77234 0.29633 14.77538 0.90519 1.76773 0.04537 0.69008 1.41497 4.13372 4.19889
129163 P 0 1 71.74188 0.29775 14.78588 0.90220 1.77940 0.04541 0.69667 1.42886 4.13320 4.18875
129164 P 0 1 71.68800 0.30043 14.80292 0.90483 1.79398 0.04554 0.70731 1.44939 4.13329 4.17431
129165 P 0 1 71.62787 0.30369 14.82001 0.91835 1.80211 0.04575 0.71786 1.46688 4.13475 4.16273
129166 P 0 1 71.65524 0.30209 14.81303 0.90729 1.80216 0.04562 0.71370 1.46146 4.13345 4.16596
129167 P 0 1 71.67419 0.30121 14.80668 0.90911 1.79494 0.04560 0.70957 1.45278 4.13379 4.17213
129168 P 0 1 71.80626 0.29403 14.76875 0.87788 1.77833 0.04511 0.68684 1.41547 4.13023 4.19710
129169 P 0 1 71.71508 0.29929 14.79292 0.91243 1.77984 0.04554 0.70077 1.43442 4.13442 4.18530
129170 P 0 1 71.66011 0.30140 14.81420 0.88955 1.81438 0.04548 0.71503 1.46878 4.13111 4.15996
129171 P 0 1 71.66364 0.30150 14.81147 0.90011 1.80510 0.04555 0.71292 1.46179 4.13255 4.16537
129196 P 0 1 71.42150 0.31326 14.88583 0.90206 1.87773 0.04604 0.76285 1.56063 4.13126 4.09884
129197 P 0 1 71.42656 0.31289 14.88486 0.89778 1.87954 0.04600 0.76234 1.56081 4.13071 4.09851
129198 P 0 1 71.35991 0.31622 14.90400 0.90218 1.89640 0.04616 0.77578 1.58628 4.13079 4.08228
129199 P 0 1 71.37450 0.31530 14.90058 0.89496 1.89764 0.04607 0.77362 1.58405 4.12992 4.08335
129200 P 0 1 71.42917 0.31315 14.88238 0.91108 1.86838 0.04609 0.76009 1.55265 4.13252 4.10449
129201 P 0 1 71.62184 0.30332 14.82591 0.89208 1.82418 0.04558 0.72255 1.48311 4.13124 4.15018
129202 P 0 1 71.52613 0.30826 14.85393 0.90407 1.84421 0.04585 0.74077 1.51617 4.13226 4.12833
129203 P 0 1 71.49726 0.30964 14.86287 0.90322 1.85370 0.04590 0.74688 1.52856 4.13196 4.12001
129204 P 0 1 71.23975 0.32485 14.92513 1.00647 1.85445 0.04711 0.78770 1.58177 4.14303 4.08975
129205 P 0 1 71.21456 0.32616 14.93207 1.00942 1.85986 0.04718 0.79271 1.59080 4.14317 4.08407
129206 P 0 1 71.17134 0.32828 14.94472 1.00877 1.87319 0.04726 0.80211 1.60929 4.14273 4.07231
129207 P 0 1 70.96427 0.33940 14.99811 1.04456 1.90902 0.04788 0.84248 1.67840 4.14495 4.03094
129208 P 0 1 70.98312 0.33839 14.99330 1.04167 1.90550 0.04783 0.83872 1.67188 4.14480 4.03479
129209 P 0 1 70.98619 0.33821 14.99264 1.04026 1.90560 0.04781 0.83824 1.67130 4.14467 4.03508
129210 P 0 1 71.02001 0.33617 14.98524 1.02567 1.90598 0.04765 0.83277 1.66451 4.14331 4.03870
129211 P 0 1 71.01174 0.33643 14.98832 1.01978 1.91263 0.04763 0.83536 1.67109 4.14254 4.03448
129212 P 0 1 70.99740 0.33689 14.99350 1.01020 1.92378 0.04759 0.83977 1.68222 4.14125 4.02740
129213 P 0 1 70.97075 0.33780 15.00254 0.99575 1.94220 0.04754 0.84750 1.70120 4.13923 4.01549
129214 P 0 1 70.98689 0.33654 15.00007 0.97928 1.94960 0.04740 0.84609 1.70303 4.13736 4.01375
129215 P 0 1 70.95211 0.33796 15.01040 0.97031 1.96664 0.04740 0.85485 1.72271 4.13585 4.00176
129216 P 0 1 70.91343 0.33968 15.02116 0.96555 1.98172 0.04743 0.86395 1.74189 4.13481 3.99038
129217 P 0 1 70.87121 0.34174 15.03217 0.96611 1.99382 0.04751 0.87319 1.75979 4.13440 3.98007
129218 P 0 1 70.82609 0.34412 15.04326 0.97248 2.00235 0.04764 0.88237 1.77587 4.13469 3.97114
129219 P 0 1 70.77967 0.34675 15.05403 0.98466 2.00687 0.04781 0.89116 1.78943 4.13567 3.96395
129220 P 0 1 70.73507 0.34947 15.06370 1.00232 2.00683 0.04801 0.89889 1.79933 4.13733 3.95905
129221 P 0 1 70.69693 0.35201 15.07111 1.02483 2.00149 0.04823 0.90458 1.80390 4.13960 3.95731
129222 P 0 1 70.66992 0.35411 15.07513 1.05142 1.99024 0.04846 0.90722 1.80156 4.14241 3.95953
129223 P 0 1 70.65564 0.35562 15.07534 1.08126 1.97341 0.04868 0.90652 1.79208 4.14564 3.96580
129224 P 0 1 70.64994 0.35671 15.07281 1.11337 1.95305 0.04889 0.90350 1.77786 4.14909 3.97480
129225 P 0 1 70.64433 0.35773 15.06984 1.14613 1.93276 0.04910 0.90028 1.76342 4.15248 3.98393
129226 P 0 1 70.63103 0.35904 15.06889 1.17690 1.91648 0.04930 0.89901 1.75348 4.15544 3.99042
129227 P 0 1 70.60535 0.36084 15.07174 1.20277 1.90726 0.04950 0.90122 1.75149 4.15768 3.99216
129228 P 0 1 70.55405 0.36385 15.08192 1.22383 1.90856 0.04971 0.90998 1.76306 4.15909 3.98594
129229 P 0 1 70.48053 0.36791 15.09854 1.23946 1.91962 0.04993 0.92471 1.78709 4.15966 3.97255
129230 P 0 1 70.34995 0.37492 15.12908 1.25584 1.94621 0.05026 0.95278 1.83578 4.15951 3.94567
129231 P 0 1 70.12748 0.38673 15.17996 1.27618 1.99576 0.05077 1.00245 1.92354 4.15827 3.89887
129232 P 0 1 69.79802 0.40426 15.25004 1.30820 2.06688 0.05150 1.07749 2.05472 4.15599 3.83289
129233 P 0 1 69.39034 0.42595 15.32905 1.34758 2.15331 0.05238 1.17320 2.22066 4.15219 3.75534
129234 P 0 1 68.93657 0.45010 15.40767 1.39181 2.24703 0.05332 1.28326 2.40942 4.14686 3.67396
129235 P 0 1 68.48462 0.47417 15.47697 1.43698 2.33744 0.05422 1.39636 2.60107 4.14055 3.59763
129236 P 0 1 68.09660 0.49488 15.52981 1.47750 2.41227 0.05497 1.49604 2.76786 4.13446 3.53561
129237 P 0 1 67.82683 0.50936 15.56310 1.50818 2.46188 0.05549 1.56651 2.88409 4.13003 3.49454
129238 P 0 1 67.68784 0.51705 15.57891 1.53090 2.48311 0.05579 1.60238 2.94072 4.12818 3.47512
129239 P 0 1 67.63443 0.52020 15.58453 1.54572 2.48769 0.05593 1.61545 2.95925 4.12795 3.46886
129240 P 0 1 67.64698 0.51984 15.58264 1.55390 2.47986 0.05596 1.61082 2.94855 4.12895 3.47250
129241 P 0 1 67.67283 0.51876 15.57920 1.56075 2.46953 0.05596 1.60263 2.93197 4.13021 3.47816
129242 P 0 1 67.70771 0.51723 15.57460 1.56783 2.45686 0.05596 1.59186 2.91082 4.13171 3.48542
129243 P 0 1 67.70737 0.51762 15.57395 1.58005 2.44998 0.05602 1.59029 2.90440 4.13267 3.48765
129244 P 0 1 67.74397 0.51592 15.56914 1.58507 2.43809 0.05600 1.57932 2.88356 4.13405 3.49487
129245 P 0 1 67.78250 0.51407 15.56413 1.58833 2.42673 0.05597 1.56806 2.86276 4.13532 3.50212
129246 P 0 1 67.82314 0.51205 15.55889 1.58968 2.41591 0.05592 1.55650 2.84198 4.13650 3.50943
129247 P 0 1 67.86626 0.50984 15.55339 1.58907 2.40556 0.05586 1.54454 2.82106 4.13758 3.51683
129248 P 0 1 67.91218 0.50744 15.54757 1.58651 2.39560 0.05579 1.53210 2.79984 4.13858 3.52439
129249 P 0 1 67.96104 0.50483 15.54140 1.58209 2.38592 0.05570 1.51914 2.77821 4.13950 3.53216
129250 P 0 1 67.99953 0.50295 15.53603 1.58496 2.37471 0.05566 1.50807 2.75783 4.14071 3.53954
129251 P 0 1 68.05297 0.50003 15.52926 1.57788 2.36534 0.05556 1.49429 2.73547 4.14151 3.54769
129252 P 0 1 68.11701 0.49634 15.52155 1.56207 2.35819 0.05539 1.47888 2.71261 4.14189 3.55608
129253 P 0 1 68.27207 0.48698 15.50340 1.50844 2.34971 0.05490 1.44395 2.66572 4.14143 3.57341
129254 P 0 1 68.33734 0.48329 15.49487 1.49487 2.34099 0.05474 1.42812 2.64131 4.14191 3.58257
129255 P 0 1 68.35445 0.48063 15.49630 1.43487 2.37213 0.05438 1.43160 2.66515 4.13723 3.57324
129256 P 0 1 68.41759 0.47695 15.48811 1.41827 2.36596 0.05421 1.41681 2.64350 4.13730 3.58129
129257 P 0 1 68.48024 0.47329 15.47985 1.40155 2.36000 0.05402 1.40224 2.62223 4.13732 3.58925
129258 P 0 1 68.54196 0.46968 15.47158 1.38489 2.35427 0.05384 1.38797 2.60144 4.13729 3.59707
129259 P 0 1 68.65223 0.46485 15.45321 1.40667 2.31235 0.05381 1.35583 2.53676 4.14182 3.62248
129260 P 0 1 68.73544 0.46000 15.44153 1.38438 2.30424 0.05357 1.33685 2.50889 4.14174 3.63335
129463 P 0 1 73.85376 0.19121 13.85339 0.83950 1.14767 0.03973 0.32414 0.68614 4.10559 4.95887
129464 P 0 1 73.82275 0.19265 13.86310 0.85609 1.14636 0.03990 0.32656 0.68895 4.10810 4.95555
129465 P 0 1 73.79720 0.19408 13.88409 0.84651 1.16160 0.03994 0.33197 0.70136 4.10787 4.93538
129466 P 0 1 73.79972 0.19425 13.90104 0.81257 1.18514 0.03976 0.33654 0.71549 4.10428 4.91122
129467 P 0 1 74.20728 0.17475 13.74540 0.64085 1.18227 0.03750 0.29949 0.66351 4.07121 4.97774
129468 P 0 1 74.15982 0.17701 13.76202 0.66430 1.17867 0.03780 0.30310 0.66743 4.07599 4.97387
129469 P 0 1 74.09133 0.18035 13.81526 0.64349 1.22054 0.03786 0.31627 0.69928 4.07490 4.92073
129470 P 0 1 74.40032 0.16550 13.67701 0.54492 1.20300 0.03621 0.28547 0.64996 4.04961 4.98800
129471 P 0 1 74.34334 0.16825 13.69812 0.57193 1.19708 0.03659 0.28969 0.65423 4.05614 4.98462
129472 P 0 1 74.28873 0.17087 13.71737 0.59931 1.19080 0.03696 0.29361 0.65788 4.06236 4.98211
129473 P 0 1 74.23841 0.17327 13.73401 0.62627 1.18419 0.03730 0.29704 0.66066 4.06809 4.98076
129474 P 0 1 74.19447 0.17535 13.74732 0.65178 1.17728 0.03761 0.29980 0.66236 4.07318 4.98085
129475 P 0 1 74.15897 0.17701 13.75669 0.67472 1.17018 0.03787 0.30172 0.66280 4.07746 4.98258
129476 P 0 1 74.13345 0.17818 13.76179 0.69398 1.16309 0.03806 0.30272 0.66193 4.08080 4.98598
129477 P 0 1 74.11858 0.17884 13.76274 0.70868 1.15630 0.03820 0.30281 0.65988 4.08314 4.99083
129478 P 0 1 74.11386 0.17901 13.76013 0.71835 1.15020 0.03827 0.30211 0.65696 4.08449 4.99662
129479 P 0 1 74.11777 0.17879 13.75497 0.72294 1.14521 0.03828 0.30086 0.65364 4.08493 5.00261
129480 P 0 1 74.12804 0.17827 13.74847 0.72283 1.14176 0.03825 0.29935 0.65044 4.08460 5.00799
129481 P 0 1 74.14221 0.17759 13.74183 0.71870 1.14015 0.03818 0.29784 0.64784 4.08366 5.01199
129482 P 0 1 73.97345 0.18600 13.84573 0.72080 1.19648 0.03871 0.32295 0.70073 4.08885 4.92631
129483 P 0 1 74.00918 0.18410 13.81205 0.74238 1.16720 0.03873 0.31438 0.67935 4.09053 4.96209
129484 P 0 1 73.73739 0.19710 13.91510 0.85569 1.17504 0.04017 0.34008 0.71681 4.11038 4.91225
129485 P 0 1 73.74423 0.19686 13.91799 0.84273 1.18192 0.04008 0.34089 0.72026 4.10889 4.90615
129486 P 0 1 73.74910 0.19672 13.92241 0.82897 1.19016 0.04000 0.34213 0.72474 4.10733 4.89844
129487 P 0 1 73.75301 0.19663 13.92767 0.81457 1.19932 0.03991 0.34362 0.72987 4.10569 4.88972
129488 P 0 1 73.75696 0.19652 13.93310 0.79960 1.20904 0.03982 0.34517 0.73529 4.10393 4.88057
129489 P 0 1 73.76181 0.19635 13.93815 0.78417 1.21899 0.03972 0.34665 0.74069 4.10204 4.87144
129490 P 0 1 73.76813 0.19609 13.94243 0.76836 1.22892 0.03961 0.34794 0.74584 4.10000 4.86268
129491 P 0 1 73.77626 0.19573 13.94569 0.75230 1.23864 0.03949 0.34898 0.75057 4.09783 4.85451
129492 P 0 1 73.78633 0.19525 13.94781 0.73613 1.24802 0.03936 0.34973 0.75479 4.09553 4.84706
129493 P 0 1 73.79827 0.19467 13.94876 0.71998 1.25697 0.03923 0.35018 0.75844 4.09311 4.84039
129494 P 0 1 73.81192 0.19398 13.94859 0.70397 1.26545 0.03908 0.35033 0.76153 4.09061 4.83453
129495 P 0 1 73.44003 0.21227 14.06645 0.89307 1.24696 0.04124 0.38292 0.79918 4.12103 4.79685
129496 P 0 1 73.45018 0.21183 14.06772 0.87861 1.25371 0.04114 0.38335 0.80218 4.11935 4.79193
129497 P 0 1 73.46172 0.21130 14.06807 0.86439 1.25995 0.04103 0.38352 0.80465 4.11762 4.78773
129498 P 0 1 73.47449 0.21070 14.06757 0.85047 1.26571 0.04092 0.38344 0.80661 4.11587 4.78421
129499 P 0 1 73.48834 0.21004 14.06629 0.83689 1.27098 0.04081 0.38314 0.80808 4.11409 4.78134
129500 P 0 1 73.50316 0.20932 14.06429 0.82368 1.27577 0.04069 0.38262 0.80910 4.11230 4.77907
129501 P 0 1 73.51882 0.20855 14.06161 0.81085 1.28011 0.04057 0.38191 0.80968 4.11050 4.77738
129502 P 0 1 73.53527 0.20774 14.05831 0.79844 1.28398 0.04046 0.38102 0.80985 4.10870 4.77625
129503 P 0 1 73.31827 0.21861 14.13445 0.88739 1.29066 0.04156 0.40417 0.84326 4.12277 4.73887
129546 P 0 1 72.60179 0.25292 14.50485 0.75350 1.62720 0.04249 0.54976 1.16833 4.11264 4.38653
129547 P 0 1 72.58411 0.25383 14.51109 0.75685 1.63010 0.04255 0.55257 1.17331 4.11321 4.38238
129548 P 0 1 72.56882 0.25463 14.51645 0.75986 1.63251 0.04261 0.55499 1.17756 4.11372 4.37886
129549 P 0 1 72.55581 0.25531 14.52097 0.76251 1.63448 0.04266 0.55704 1.18113 4.11416 4.37592
129550 P 0 1 72.61353 0.25266 14.49709 0.76748 1.61158 0.04257 0.54574 1.15658 4.11473 4.39806
129551 P 0 1 72.47338 0.25968 14.54871 0.78243 1.64442 0.04299 0.56973 1.20229 4.11737 4.35900
129552 P 0 1 72.57919 0.25436 14.51005 0.77044 1.62024 0.04267 0.55167 1.16809 4.11529 4.38801
129553 P 0 1 72.57347 0.25465 14.51211 0.77133 1.62134 0.04269 0.55261 1.16980 4.11544 4.38656
129554 P 0 1 72.56924 0.25486 14.51369 0.77171 1.62239 0.04270 0.55334 1.17121 4.11551 4.38534
129555 P 0 1 72.56634 0.25500 14.51487 0.77155 1.62346 0.04270 0.55389 1.17240 4.11550 4.38428
129556 P 0 1 72.56459 0.25507 14.51573 0.77081 1.62465 0.04270 0.55432 1.17345 4.11539 4.38329
129557 P 0 1 72.57525 0.25477 14.50915 0.78134 1.61245 0.04276 0.55093 1.16394 4.11692 4.39249
129558 P 0 1 72.57487 0.25474 14.50985 0.77892 1.61457 0.04274 0.55133 1.16533 4.11657 4.39108
129559 P 0 1 72.57524 0.25466 14.51041 0.77582 1.61703 0.04272 0.55168 1.16680 4.11611 4.38955
129560 P 0 1 72.55571 0.25627 14.50987 0.81130 1.59438 0.04302 0.55049 1.15599 4.12129 4.40167
129561 P 0 1 72.55855 0.25602 14.51032 0.80470 1.59877 0.04297 0.55087 1.15828 4.12035 4.39917
129562 P 0 1 72.56220 0.25571 14.51061 0.79739 1.60351 0.04291 0.55118 1.16063 4.11930 4.39656
129563 P 0 1 72.56679 0.25534 14.51067 0.78934 1.60859 0.04284 0.55142 1.16302 4.11812 4.39387
129564 P 0 1 72.57249 0.25489 14.51042 0.78057 1.61397 0.04276 0.55155 1.16538 4.11682 4.39115
129565 P 0 1 72.57954 0.25436 14.50977 0.77110 1.61957 0.04267 0.55151 1.16761 4.11539 4.38848
129566 P 0 1 72.58817 0.25373 14.50860 0.76095 1.62531 0.04257 0.55128 1.16961 4.11382 4.38595
129567 P 0 1 72.59176 0.25284 14.51367 0.73002 1.65079 0.04232 0.55468 1.18455 4.10896 4.37042
129568 P 0 1 72.42555 0.26081 14.57570 0.73643 1.69924 0.04273 0.58468 1.24508 4.11029 4.31948
129569 P 0 1 72.45692 0.25901 14.56607 0.72458 1.69956 0.04257 0.58034 1.23931 4.10832 4.32332
129570 P 0 1 72.48973 0.25715 14.55582 0.71281 1.69944 0.04240 0.57573 1.23298 4.10631 4.32763
129571 P 0 1 72.46233 0.25833 14.56654 0.70975 1.71116 0.04243 0.58120 1.24525 4.10582 4.31718
129572 P 0 1 72.52174 0.25478 14.54855 0.68382 1.71564 0.04208 0.57344 1.23646 4.10125 4.32223
129573 P 0 1 72.55371 0.25314 14.53744 0.67827 1.71033 0.04196 0.56825 1.22718 4.10022 4.32950
129574 P 0 1 72.59496 0.25125 14.52182 0.67842 1.69659 0.04188 0.56068 1.21122 4.10018 4.34301
129575 P 0 1 72.57813 0.25234 14.52648 0.68890 1.69235 0.04200 0.56244 1.21194 4.10207 4.34334
129576 P 0 1 72.74101 0.24416 14.46731 0.66619 1.65975 0.04145 0.53576 1.16221 4.09760 4.38455
129577 P 0 1 72.73693 0.24471 14.46663 0.67857 1.64950 0.04157 0.53492 1.15700 4.09982 4.39035
129578 P 0 1 72.73375 0.24522 14.46528 0.69198 1.63820 0.04169 0.53378 1.15096 4.10216 4.39699
129579 P 0 1 72.73261 0.24562 14.46294 0.70568 1.62618 0.04181 0.53221 1.14404 4.10448 4.40443
129580 P 0 1 72.73403 0.24588 14.45947 0.71924 1.61365 0.04192 0.53018 1.13630 4.10670 4.41262
129581 P 0 1 72.76505 0.24465 14.44448 0.72973 1.59429 0.04193 0.52319 1.11912 4.10824 4.42931
129582 P 0 1 72.78449 0.24399 14.43343 0.74251 1.57692 0.04199 0.51799 1.10518 4.11013 4.44338
129583 P 0 1 72.79333 0.24379 14.42680 0.75441 1.56395 0.04206 0.51479 1.09573 4.11190 4.45325
129584 P 0 1 72.78096 0.24469 14.42760 0.77145 1.55381 0.04221 0.51470 1.09160 4.11450 4.45847
129585 P 0 1 72.79624 0.24412 14.41839 0.78188 1.54029 0.04225 0.51052 1.08062 4.11591 4.46979
129586 P 0 1 72.81454 0.24337 14.40790 0.79168 1.52641 0.04228 0.50587 1.06889 4.11717 4.48189
129587 P 0 1 72.83564 0.24247 14.39617 0.80098 1.51212 0.04229 0.50079 1.05644 4.11830 4.49480
129588 P 0 1 72.85885 0.24144 14.38340 0.81003 1.49744 0.04230 0.49536 1.04339 4.11935 4.50843
129589 P 0 1 72.88266 0.24037 14.37015 0.81917 1.48259 0.04230 0.48982 1.03015 4.12036 4.52243
129590 P 0 1 72.87941 0.24069 14.36655 0.83530 1.47123 0.04242 0.48812 1.02344 4.12248 4.53035
129591 P 0 1 72.89567 0.23997 14.35578 0.84619 1.45772 0.04245 0.48366 1.01223 4.12371 4.54263
129592 P 0 1 72.90089 0.23980 14.34917 0.85911 1.44638 0.04251 0.48089 1.00411 4.12525 4.55191
129593 P 0 1 72.86748 0.24161 14.35698 0.88100 1.44104 0.04273 0.48373 1.00579 4.12818 4.55146
129594 P 0 1 72.84951 0.24261 14.35935 0.89800 1.43452 0.04288 0.48451 1.00426 4.13032 4.55404
129595 P 0 1 72.78667 0.24592 14.37859 0.92487 1.43552 0.04319 0.49198 1.01449 4.13393 4.54484
129596 P 0 1 72.65445 0.25288 14.42003 0.97638 1.44189 0.04381 0.50870 1.03890 4.14056 4.52240
129597 P 0 1 72.71951 0.24950 14.39288 0.97096 1.42506 0.04362 0.49751 1.01755 4.13944 4.54397
129598 P 0 1 72.70954 0.25003 14.39419 0.98003 1.42210 0.04369 0.49801 1.01701 4.14045 4.54496
129599 P 0 1 72.65272 0.25300 14.41152 1.00326 1.42449 0.04396 0.50506 1.02714 4.14328 4.53558
129600 P 0 1 72.54066 0.25888 14.45127 1.03136 1.44107 0.04439 0.52180 1.05554 4.14691 4.50812
129601 P 0 1 72.42994 0.26469 14.49658 1.03812 1.47104 0.04470 0.54174 1.09363 4.14831 4.47125
129602 P 0 1 72.32783 0.27003 14.53865 1.03956 1.50165 0.04496 0.56108 1.13138 4.14899 4.43587
129603 P 0 1 72.23186 0.27500 14.57864 1.03547 1.53390 0.04517 0.58028 1.16978 4.14897 4.40096
129604 P 0 1 72.17221 0.27800 14.60587 1.02218 1.56107 0.04523 0.59387 1.19895 4.14778 4.37485
129605 P 0 1 72.11615 0.28075 14.63150 1.00702 1.58853 0.04528 0.60709 1.22787 4.14628 4.34953
129606 P 0 1 72.07022 0.28293 14.65290 0.99093 1.61370 0.04529 0.61848 1.25352 4.14457 4.32745
129607 P 0 1 72.03063 0.28475 14.67132 0.97528 1.63680 0.04528 0.62856 1.27667 4.14283 4.30788
129608 P 0 1 71.99521 0.28634 14.68753 0.96079 1.65798 0.04527 0.63765 1.29776 4.14114 4.29034
129609 P 0 1 71.96296 0.28775 14.70194 0.94772 1.67732 0.04526 0.64590 1.31701 4.13956 4.27457
129610 P 0 1 71.91135 0.29019 14.72172 0.93993 1.69890 0.04532 0.65731 1.34142 4.13853 4.25532
129611 P 0 1 71.88357 0.29138 14.73335 0.92993 1.71483 0.04531 0.66427 1.35756 4.13724 4.24256
129612 P 0 1 71.85891 0.29243 14.74348 0.92123 1.72891 0.04530 0.67042 1.37186 4.13608 4.23138
129613 P 0 1 71.83514 0.29341 14.75325 0.91197 1.74319 0.04529 0.67646 1.38614 4.13483 4.22031
129614 P 0 1 71.78798 0.29569 14.76926 0.91064 1.75876 0.04538 0.68618 1.40583 4.13449 4.20580
129615 P 0 1 71.80162 0.29473 14.76699 0.89763 1.76447 0.04526 0.68516 1.40706 4.13285 4.20424
129616 P 0 1 71.79161 0.29510 14.77117 0.89251 1.77150 0.04524 0.68786 1.41376 4.13213 4.19911
129617 P 0 1 71.76420 0.29661 14.77890 0.90022 1.77404 0.04535 0.69240 1.42084 4.13304 4.19440
129618 P 0 1 71.76250 0.29660 14.78012 0.89623 1.77763 0.04533 0.69327 1.42360 4.13250 4.19221
129619 P 0 1 71.76542 0.29637 14.77979 0.89249 1.77961 0.04530 0.69317 1.42437 4.13202 4.19147
129620 P 0 1 71.87744 0.29036 14.74660 0.86876 1.76338 0.04490 0.67372 1.39154 4.12925 4.21404
129621 P 0 1 71.82350 0.29372 14.75925 0.90024 1.75570 0.04523 0.68039 1.39688 4.13327 4.21181
129622 P 0 1 71.76460 0.29601 14.78259 0.87662 1.79223 0.04518 0.69542 1.43301 4.12988 4.18444
129623 P 0 1 71.76472 0.29628 14.78082 0.88755 1.78366 0.04526 0.69397 1.42723 4.13136 4.18915
129647 P 0 1 71.47342 0.31043 14.87172 0.89076 1.87075 0.04586 0.75345 1.54506 4.13010 4.10845
129648 P 0 1 71.41075 0.31365 14.88956 0.89774 1.88440 0.04603 0.76566 1.56742 4.13059 4.09421
129649 P 0 1 71.38866 0.31443 14.89715 0.88874 1.89825 0.04600 0.77143 1.58146 4.12918 4.08469
129650 P 0 1 71.36831 0.31542 14.90308 0.88898 1.90427 0.04604 0.77568 1.58985 4.12905 4.07934
129651 P 0 1 71.35621 0.31513 14.90940 0.86260 1.92923 0.04586 0.78148 1.60920 4.12521 4.06567
129652 P 0 1 71.58500 0.30352 14.84418 0.83928 1.87794 0.04525 0.73682 1.52651 4.12357 4.11792
129653 P 0 1 71.55402 0.30511 14.85316 0.84291 1.88454 0.04534 0.74275 1.53737 4.12389 4.11093
129654 P 0 1 71.45563 0.30997 14.88182 0.84921 1.90970 0.04557 0.76234 1.57486 4.12408 4.08681
129655 P 0 1 71.25933 0.32306 14.92430 0.97249 1.87330 0.04685 0.78804 1.59123 4.13908 4.08232
129656 P 0 1 71.20685 0.32612 14.93686 0.99187 1.87482 0.04708 0.79672 1.60315 4.14101 4.07553
129657 P 0 1 71.17979 0.32747 14.94455 0.99270 1.88230 0.04713 0.80244 1.61410 4.14088 4.06865
129658 P 0 1 71.17369 0.32779 14.94619 0.99352 1.88352 0.04715 0.80364 1.61623 4.14092 4.06734
129659 P 0 1 71.21630 0.32564 14.93421 0.99121 1.87248 0.04705 0.79478 1.59952 4.14101 4.07781
129660 P 0 1 70.99754 0.33735 14.99113 1.02819 1.91081 0.04771 0.83736 1.67275 4.14339 4.03378
129661 P 0 1 70.99551 0.33747 14.99157 1.02908 1.91078 0.04772 0.83768 1.67315 4.14347 4.03357
129662 P 0 1 70.98215 0.33802 14.99582 1.02477 1.91779 0.04772 0.84119 1.68109 4.14283 4.02862
129663 P 0 1 70.96399 0.33859 15.00234 1.01258 1.93193 0.04767 0.84679 1.69522 4.14119 4.01969
129664 P 0 1 70.94137 0.33940 15.00980 1.00157 1.94662 0.04764 0.85320 1.71070 4.13962 4.01008
129665 P 0 1 70.90787 0.34060 15.02044 0.98659 1.96758 0.04759 0.86251 1.73303 4.13741 3.99638
129666 P 0 1 70.90246 0.34029 15.02381 0.96793 1.98317 0.04747 0.86607 1.74533 4.13499 3.98848
129667 P 0 1 70.84751 0.34261 15.03908 0.95795 2.00706 0.04750 0.87944 1.77443 4.13307 3.97136
129668 P 0 1 70.78405 0.34554 15.05558 0.95464 2.02840 0.04758 0.89390 1.80376 4.13186 3.95468
129669 P 0 1 70.71065 0.34922 15.07359 0.95943 2.04640 0.04774 0.90967 1.83315 4.13156 3.93859
129670 P 0 1 70.62563 0.35378 15.09345 0.97304 2.06096 0.04799 0.92709 1.86296 4.13221 3.92289
129671 P 0 1 70.52833 0.35925 15.11519 0.99581 2.07216 0.04832 0.94633 1.89339 4.13379 3.90745
129672 P 0 1 70.42082 0.36553 15.13813 1.02774 2.07961 0.04872 0.96697 1.92361 4.13622 3.89265
129673 P 0 1 70.30955 0.37227 15.16061 1.06857 2.08204 0.04919 0.98757 1.95103 4.13944 3.87973
129674 P 0 1 70.20515 0.37890 15.18011 1.11760 2.07736 0.04969 1.00568 1.97139 4.14342 3.87069
129675 P 0 1 70.11819 0.38479 15.19432 1.17336 2.06415 0.05018 1.01887 1.98081 4.14805 3.86727
129676 P 0 1 70.05252 0.38960 15.20263 1.23287 2.04378 0.05065 1.02643 1.97916 4.15302 3.86936
129677 P 0 1 70.00566 0.39326 15.20625 1.29041 2.02073 0.05106 1.02961 1.97052 4.15773 3.87477
129678 P 0 1 69.97550 0.39574 15.20691 1.33742 2.00056 0.05136 1.03014 1.96011 4.16146 3.88079
129679 P 0 1 69.95858 0.39714 15.20666 1.36701 1.98770 0.05154 1.02991 1.95276 4.16374 3.88496
129680 P 0 1 69.93347 0.39868 15.21039 1.38124 1.98625 0.05166 1.03391 1.95682 4.16455 3.88303
129681 P 0 1 69.88921 0.40100 15.22040 1.38184 1.99797 0.05174 1.04460 1.97629 4.16391 3.87305
129682 P 0 1 69.79653 0.40589 15.24063 1.38541 2.02109 0.05192 1.06675 2.01606 4.16272 3.85300
129683 P 0 1 69.63074 0.41466 15.27521 1.39468 2.06052 0.05225 1.10634 2.08629 4.16070 3.81861
129684 P 0 1 69.38648 0.42764 15.32294 1.41233 2.11570 0.05274 1.16501 2.18894 4.15775 3.77047
129685 P 0 1 69.07773 0.44409 15.37865 1.43787 2.18257 0.05335 1.24025 2.31897 4.15380 3.71273
129686 P 0 1 68.73318 0.46247 15.43535 1.46884 2.25447 0.05403 1.32587 2.46521 4.14898 3.65158
129687 P 0 1 68.37711 0.48149 15.48843 1.50269 2.32633 0.05472 1.41628 2.61794 4.14351 3.59151
129688 P 0 1 68.07413 0.49772 15.52944 1.53355 2.38520 0.05530 1.49463 2.74873 4.13854 3.54277
129689 P 0 1 67.84513 0.51004 15.55800 1.55902 2.42784 0.05573 1.55458 2.84757 4.13466 3.50742
129690 P 0 1 67.69871 0.51800 15.57512 1.57808 2.45323 0.05602 1.59300 2.90975 4.13228 3.48580
129691 P 0 1 67.66481 0.52037 15.57795 1.60020 2.44908 0.05618 1.59952 2.91467 4.13310 3.48412
129692 P 0 1 67.64754 0.52159 15.57935 1.61166 2.44690 0.05626 1.60281 2.91709 4.13352 3.48328
129693 P 0 1 67.68551 0.51999 15.57400 1.62304 2.43123 0.05627 1.59050 2.89217 4.13542 3.49188
129694 P 0 1 67.71829 0.51854 15.56942 1.63096 2.41878 0.05627 1.58015 2.87171 4.13689 3.49899
129695 P 0 1 67.76168 0.51650 15.56352 1.63723 2.40466 0.05624 1.56705 2.84695 4.13851 3.50766
129696 P 0 1 67.81789 0.51370 15.55610 1.64009 2.38924 0.05618 1.55086 2.81774 4.14020 3.51800
129697 P 0 1 67.84802 0.51244 15.55135 1.65112 2.37579 0.05620 1.54083 2.79710 4.14181 3.52536
129698 P 0 1 67.90591 0.50950 15.54353 1.65272 2.36063 0.05613 1.52442 2.76787 4.14342 3.53589
129699 P 0 1 67.96795 0.50629 15.53515 1.65238 2.34546 0.05604 1.50717 2.73770 4.14498 3.54687
129700 P 0 1 68.03391 0.50283 15.52622 1.65011 2.33032 0.05594 1.48919 2.70673 4.14648 3.55829
129701 P 0 1 68.10347 0.49914 15.51674 1.64599 2.31524 0.05582 1.47055 2.67506 4.14791 3.57009
129702 P 0 1 68.17622 0.49523 15.50675 1.64013 2.30025 0.05569 1.45136 2.64285 4.14927 3.58224
129703 P 0 1 68.24349 0.49180 15.49659 1.64256 2.28210 0.05561 1.43255 2.60909 4.15108 3.59513
129704 P 0 1 68.32041 0.48762 15.48575 1.63439 2.26720 0.05546 1.41274 2.57628 4.15233 3.60783
129705 P 0 1 68.11021 0.49708 15.52141 1.57672 2.35166 0.05547 1.47868 2.70817 4.14286 3.55775
129706 P 0 1 68.27720 0.48696 15.50205 1.51691 2.34352 0.05493 1.44138 2.65872 4.14225 3.57607
129707 P 0 1 68.29720 0.48411 15.50335 1.45431 2.37512 0.05457 1.44448 2.68248 4.13751 3.56687
129708 P 0 1 68.36352 0.48022 15.49491 1.43621 2.36900 0.05438 1.42898 2.66003 4.13757 3.57517
129709 P 0 1 68.42927 0.47636 15.48640 1.41810 2.36306 0.05419 1.41370 2.63795 4.13757 3.58340
129710 P 0 1 68.49399 0.47256 15.47788 1.40013 2.35732 0.05400 1.39875 2.61635 4.13753 3.59148
129711 P 0 1 68.55729 0.46884 15.46941 1.38245 2.35180 0.05381 1.38421 2.59537 4.13743 3.59939
129915 P 0 1 73.83476 0.19212 13.86073 0.84723 1.14856 0.03982 0.32598 0.68891 4.10690 4.95500
129916 P 0 1 73.87075 0.19090 13.87997 0.77245 1.19113 0.03932 0.33128 0.71037 4.09791 4.91592
129917 P 0 1 73.84032 0.19233 13.88896 0.78977 1.18835 0.03951 0.33350 0.71246 4.10069 4.91411
129918 P 0 1 73.80828 0.19384 13.89816 0.80841 1.18532 0.03971 0.33580 0.71455 4.10360 4.91234
129919 P 0 1 73.77495 0.19540 13.90742 0.82828 1.18203 0.03992 0.33815 0.71660 4.10659 4.91067
129920 P 0 1 73.69342 0.19975 13.97047 0.79827 1.23133 0.04000 0.35547 0.75688 4.10529 4.84912
129921 P 0 1 73.98538 0.18548 13.85297 0.69339 1.21471 0.03851 0.32508 0.70968 4.08490 4.90989
129922 P 0 1 73.94500 0.18742 13.86471 0.71719 1.20913 0.03878 0.32782 0.71162 4.08914 4.90919
129923 P 0 1 73.90597 0.18928 13.87541 0.74127 1.20328 0.03904 0.33034 0.71315 4.09323 4.90903
129924 P 0 1 73.86947 0.19100 13.88465 0.76507 1.19719 0.03929 0.33255 0.71413 4.09707 4.90956
129925 P 0 1 73.83681 0.19252 13.89205 0.78791 1.19092 0.03951 0.33432 0.71443 4.10058 4.91094
129926 P 0 1 73.80933 0.19378 13.89722 0.80900 1.18454 0.03971 0.33555 0.71395 4.10364 4.91330
129927 P 0 1 73.78820 0.19472 13.89992 0.82750 1.17816 0.03987 0.33617 0.71262 4.10617 4.91668
129928 P 0 1 73.77419 0.19531 13.90010 0.84269 1.17197 0.03999 0.33616 0.71051 4.10810 4.92099
129929 P 0 1 73.76745 0.19555 13.89797 0.85401 1.16622 0.04007 0.33556 0.70775 4.10942 4.92600
129930 P 0 1 73.76743 0.19548 13.89402 0.86121 1.16119 0.04010 0.33451 0.70463 4.11012 4.93131
129931 P 0 1 73.77291 0.19516 13.88896 0.86435 1.15719 0.04010 0.33319 0.70149 4.11028 4.93638
129932 P 0 1 73.78224 0.19468 13.88362 0.86375 1.15450 0.04007 0.33180 0.69873 4.10996 4.94065
129933 P 0 1 73.79365 0.19412 13.87878 0.85995 1.15335 0.04001 0.33056 0.69668 4.10928 4.94361
129934 P 0 1 73.80557 0.19357 13.87507 0.85356 1.15385 0.03995 0.32962 0.69559 4.10833 4.94489
129935 P 0 1 73.76242 0.19600 13.91242 0.83289 1.18289 0.03998 0.33945 0.71865 4.10740 4.90789
129936 P 0 1 73.77111 0.19564 13.91257 0.82293 1.18718 0.03990 0.33953 0.72022 4.10613 4.90480
129937 P 0 1 73.77814 0.19536 13.91429 0.81180 1.19294 0.03982 0.34005 0.72288 4.10475 4.89999
129938 P 0 1 73.78389 0.19514 13.91721 0.79976 1.19989 0.03974 0.34089 0.72639 4.10327 4.89382
129939 P 0 1 73.78897 0.19496 13.92085 0.78700 1.20772 0.03965 0.34195 0.73048 4.10170 4.88673
129940 P 0 1 73.79403 0.19477 13.92473 0.77366 1.21612 0.03956 0.34309 0.73489 4.10001 4.87914
129941 P 0 1 73.79969 0.19454 13.92843 0.75984 1.22484 0.03947 0.34421 0.73936 4.09820 4.87143
129942 P 0 1 73.80640 0.19424 13.93162 0.74566 1.23365 0.03936 0.34520 0.74371 4.09628 4.86388
129943 P 0 1 73.81446 0.19386 13.93407 0.73124 1.24237 0.03925 0.34602 0.74778 4.09423 4.85671
129944 P 0 1 73.82402 0.19340 13.93566 0.71669 1.25087 0.03913 0.34662 0.75148 4.09207 4.85007
129945 P 0 1 73.83508 0.19285 13.93631 0.70214 1.25906 0.03900 0.34698 0.75474 4.08982 4.84403
129946 P 0 1 73.44994 0.21172 14.05843 0.89843 1.24003 0.04124 0.38048 0.79346 4.12136 4.80491
129947 P 0 1 73.45812 0.21138 14.06043 0.88483 1.24676 0.04115 0.38112 0.79673 4.11982 4.79966
129948 P 0 1 73.46763 0.21096 14.06156 0.87139 1.25306 0.04105 0.38152 0.79951 4.11824 4.79507
129949 P 0 1 73.47838 0.21047 14.06188 0.85817 1.25891 0.04095 0.38168 0.80181 4.11662 4.79112
129950 P 0 1 73.49027 0.20992 14.06142 0.84519 1.26431 0.04085 0.38161 0.80365 4.11497 4.78780
129951 P 0 1 73.50318 0.20930 14.06024 0.83251 1.26927 0.04074 0.38133 0.80505 4.11330 4.78508
129952 P 0 1 73.51702 0.20863 14.05837 0.82015 1.27379 0.04063 0.38086 0.80601 4.11162 4.78292
129953 P 0 1 73.29492 0.21972 14.13584 0.91195 1.28120 0.04176 0.40452 0.84025 4.12572 4.74413
129954 P 0 1 73.30817 0.21908 14.13403 0.90034 1.28491 0.04166 0.40398 0.84089 4.12430 4.74264
129955 P 0 1 73.32259 0.21838 14.13149 0.88895 1.28816 0.04156 0.40321 0.84107 4.12286 4.74175
129996 P 0 1 72.57062 0.25464 14.51477 0.76434 1.62814 0.04264 0.55406 1.17453 4.11440 4.38186
129997 P 0 1 72.62580 0.25174 14.49568 0.75194 1.62072 0.04242 0.54556 1.16003 4.11231 4.39380
129998 P 0 1 72.60773 0.25268 14.50207 0.75547 1.62360 0.04249 0.54841 1.16504 4.11292 4.38960
129999 P 0 1 72.59200 0.25350 14.50758 0.75871 1.62596 0.04255 0.55087 1.16933 4.11347 4.38604
130000 P 0 1 72.57857 0.25420 14.51223 0.76164 1.62784 0.04260 0.55296 1.17291 4.11396 4.38309
130001 P 0 1 72.56733 0.25479 14.51609 0.76423 1.62929 0.04265 0.55469 1.17584 4.11439 4.38070
130002 P 0 1 72.62570 0.25211 14.49185 0.76913 1.60625 0.04255 0.54328 1.15111 4.11493 4.40310
130003 P 0 1 72.48975 0.25893 14.54210 0.78382 1.63799 0.04297 0.56649 1.19529 4.11754 4.36514
130004 P 0 1 72.59403 0.25368 14.50381 0.77207 1.61406 0.04265 0.54871 1.16160 4.11548 4.39391
130005 P 0 1 72.58948 0.25392 14.50541 0.77296 1.61480 0.04266 0.54943 1.16287 4.11563 4.39284
130006 P 0 1 72.58627 0.25408 14.50660 0.77333 1.61552 0.04267 0.54997 1.16389 4.11570 4.39195
130007 P 0 1 72.58419 0.25418 14.50746 0.77316 1.61634 0.04268 0.55038 1.16477 4.11568 4.39116
130008 P 0 1 72.58304 0.25422 14.50809 0.77240 1.61735 0.04267 0.55069 1.16560 4.11557 4.39036
130009 P 0 1 72.59358 0.25392 14.50156 0.78265 1.60543 0.04273 0.54737 1.15630 4.11705 4.39941
130010 P 0 1 72.59320 0.25389 14.50228 0.78016 1.60761 0.04271 0.54778 1.15772 4.11669 4.39796
130011 P 0 1 72.59325 0.25382 14.50300 0.77696 1.61024 0.04268 0.54820 1.15936 4.11621 4.39626
130012 P 0 1 72.57338 0.25541 14.50290 0.81087 1.58904 0.04298 0.54728 1.14951 4.12116 4.40748
130013 P 0 1 72.57522 0.25520 14.50381 0.80411 1.59388 0.04293 0.54786 1.15226 4.12021 4.40454
130014 P 0 1 72.57752 0.25495 14.50469 0.79657 1.59923 0.04287 0.54846 1.15524 4.11913 4.40135
130015 P 0 1 72.58044 0.25466 14.50549 0.78825 1.60508 0.04280 0.54904 1.15840 4.11792 4.39793
130016 P 0 1 72.58423 0.25430 14.50609 0.77913 1.61137 0.04272 0.54957 1.16166 4.11657 4.39436
130017 P 0 1 72.58918 0.25386 14.50638 0.76921 1.61803 0.04264 0.54999 1.16493 4.11507 4.39073
130018 P 0 1 72.59562 0.25332 14.50620 0.75849 1.62497 0.04254 0.55023 1.16807 4.11342 4.38714
130019 P 0 1 72.45187 0.25983 14.56414 0.74598 1.68235 0.04275 0.57853 1.22978 4.11180 4.33296
130020 P 0 1 72.44052 0.26000 14.57083 0.73239 1.69795 0.04267 0.58240 1.24145 4.10962 4.32217
130021 P 0 1 72.47029 0.25824 14.56199 0.71929 1.69994 0.04249 0.57852 1.23699 4.10742 4.32482
130022 P 0 1 72.50240 0.25635 14.55224 0.70583 1.70163 0.04231 0.57426 1.23188 4.10511 4.32797
130023 P 0 1 72.49150 0.25668 14.55732 0.69971 1.71080 0.04228 0.57705 1.23943 4.10407 4.32115
130024 P 0 1 72.62716 0.24892 14.51374 0.65188 1.71129 0.04157 0.55809 1.21355 4.09527 4.33854
130025 P 0 1 72.62833 0.24878 14.51367 0.64936 1.71336 0.04154 0.55819 1.21451 4.09479 4.33748
130026 P 0 1 72.78673 0.24097 14.45538 0.63069 1.67884 0.04103 0.53202 1.16452 4.09083 4.37899
130027 P 0 1 72.77953 0.24156 14.45690 0.63873 1.67333 0.04112 0.53231 1.16277 4.09239 4.38137
130028 P 0 1 72.76841 0.24246 14.45916 0.65117 1.66496 0.04126 0.53274 1.16009 4.09476 4.38499
130029 P 0 1 72.71272 0.24565 14.47733 0.67244 1.66325 0.04157 0.54006 1.16952 4.09882 4.37864
130030 P 0 1 72.70527 0.24641 14.47755 0.68702 1.65216 0.04171 0.53955 1.16442 4.10141 4.38450
130031 P 0 1 72.70120 0.24698 14.47635 0.70141 1.64037 0.04184 0.53844 1.15820 4.10389 4.39131
130032 P 0 1 72.70080 0.24735 14.47367 0.71532 1.62804 0.04196 0.53670 1.15093 4.10620 4.39903
130033 P 0 1 72.70408 0.24751 14.46951 0.72859 1.61529 0.04206 0.53437 1.14266 4.10834 4.40760
130034 P 0 1 72.75044 0.24553 14.44838 0.73871 1.59133 0.04204 0.52463 1.11990 4.10972 4.42931
130035 P 0 1 72.76021 0.24530 14.44154 0.75049 1.57809 0.04210 0.52129 1.11012 4.11149 4.43936
130036 P 0 1 72.74796 0.24621 14.44238 0.76759 1.56776 0.04226 0.52119 1.10590 4.11412 4.44463
130037 P 0 1 72.76390 0.24562 14.43304 0.77804 1.55395 0.04230 0.51688 1.09460 4.11556 4.45610
130038 P 0 1 72.78236 0.24488 14.42262 0.78796 1.53987 0.04233 0.51219 1.08270 4.11686 4.46822
130039 P 0 1 72.80273 0.24403 14.41132 0.79752 1.52558 0.04235 0.50719 1.07033 4.11806 4.48089
130040 P 0 1 72.82395 0.24312 14.39950 0.80695 1.51119 0.04236 0.50206 1.05777 4.11920 4.49389
130041 P 0 1 72.84439 0.24223 14.38777 0.81660 1.49700 0.04238 0.49703 1.04546 4.12034 4.50680
130042 P 0 1 72.86169 0.24148 14.37704 0.82688 1.48342 0.04241 0.49248 1.03405 4.12155 4.51899
130043 P 0 1 72.86724 0.24142 14.36736 0.84982 1.46418 0.04254 0.48824 1.02084 4.12442 4.53395
130044 P 0 1 72.84384 0.24274 14.37140 0.86963 1.45697 0.04272 0.48961 1.01984 4.12705 4.53620
130045 P 0 1 72.83304 0.24338 14.37104 0.88540 1.44889 0.04284 0.48930 1.01624 4.12902 4.54085
130046 P 0 1 72.80859 0.24471 14.37592 0.90367 1.44354 0.04301 0.49108 1.01648 4.13135 4.54163
130047 P 0 1 72.87102 0.24152 14.34916 0.89914 1.42681 0.04283 0.48047 0.99591 4.13024 4.56289
130048 P 0 1 72.82728 0.24383 14.36187 0.92002 1.42599 0.04306 0.48533 1.00198 4.13301 4.55764
130049 P 0 1 72.74943 0.24790 14.38723 0.94848 1.43093 0.04342 0.49532 1.01705 4.13682 4.54340
130050 P 0 1 72.71070 0.24995 14.39640 0.97223 1.42698 0.04365 0.49894 1.02019 4.13965 4.54131
130051 P 0 1 72.67455 0.25184 14.41085 0.97716 1.43504 0.04376 0.50487 1.03115 4.14047 4.53030
130052 P 0 1 72.57015 0.25731 14.44706 1.00582 1.44862 0.04418 0.52005 1.05638 4.14420 4.50622
130053 P 0 1 72.47801 0.26214 14.48228 1.01937 1.46839 0.04448 0.53539 1.08435 4.14618 4.47941
130054 P 0 1 72.37047 0.26775 14.52570 1.02469 1.49824 0.04477 0.55508 1.12221 4.14732 4.44376
130055 P 0 1 72.29351 0.27173 14.55804 1.02156 1.52410 0.04494 0.57035 1.15283 4.14734 4.41559
130056 P 0 1 72.21976 0.27551 14.58895 1.01620 1.55043 0.04509 0.58545 1.18352 4.14704 4.38804
130057 P 0 1 72.16369 0.27831 14.61373 1.00548 1.57494 0.04516 0.59797 1.21021 4.14604 4.36446
130058 P 0 1 72.13125 0.27984 14.62976 0.99173 1.59434 0.04515 0.60633 1.22939 4.14461 4.34759
