 Vistelius (1995)
SiO2 TiO2 Al2O3 Fe2O3 FeO MnO MgO CaO Na2O K2O P2O5
135695 P 0 1 72.64411 0.24546 14.49528 0.65712 1.77578 0.04213 0.59245 1.24648 3.99681 4.23158 0.07281
135696 P 0 1 72.62428 0.24715 14.51127 0.68549 1.74992 0.04218 0.59906 1.24983 3.99823 4.22397 0.06864
135697 P 0 1 72.48812 0.25447 14.56508 0.73045 1.74182 0.04257 0.62577 1.28798 4.00275 4.19589 0.06509
135698 P 0 1 72.27270 0.26565 14.64328 0.79040 1.74225 0.04316 0.66793 1.35104 4.00845 4.15357 0.06156
135699 P 0 1 72.03407 0.27790 14.72694 0.86111 1.73945 0.04377 0.71702 1.42266 4.01311 4.10644 0.05753
135700 P 0 1 71.80183 0.28968 14.80634 0.94115 1.72753 0.04430 0.76774 1.49289 4.01598 4.05969 0.05289
135701 P 0 1 71.58698 0.30033 14.87779 1.03059 1.70511 0.04471 0.81728 1.55684 4.01703 4.01552 0.04782
135702 P 0 1 71.38665 0.30995 14.94120 1.13053 1.67414 0.04503 0.86503 1.61379 4.01673 3.97425 0.04269
135703 P 0 1 71.19295 0.31886 14.99809 1.23980 1.63895 0.04530 0.91173 1.66601 4.01536 3.93509 0.03787
135704 P 0 1 70.98560 0.32806 15.05318 1.35663 1.60622 0.04556 0.96130 1.72114 4.01328 3.89532 0.03372
135705 P 0 1 70.73989 0.33890 15.11170 1.48016 1.58220 0.04590 1.01922 1.78865 4.01096 3.85201 0.03040
135706 P 0 1 70.43130 0.35273 15.17804 1.61302 1.57007 0.04638 1.09190 1.87792 4.00854 3.80222 0.02788
135707 P 0 1 70.04589 0.37032 15.25259 1.76184 1.56839 0.04701 1.18387 1.99373 4.00575 3.74473 0.02589
135708 P 0 1 69.58101 0.39177 15.33215 1.93341 1.57375 0.04777 1.29731 2.13656 4.00198 3.68007 0.02422
135709 P 0 1 69.04571 0.41655 15.41168 2.12896 1.58325 0.04863 1.43197 2.30402 3.99648 3.61000 0.02275
135710 P 0 1 68.46423 0.44353 15.48449 2.34445 1.59449 0.04951 1.58259 2.48758 3.98919 3.53851 0.02144
135711 P 0 1 67.88326 0.47051 15.54429 2.56540 1.60535 0.05036 1.73707 2.67158 3.98061 3.47123 0.02034
135712 P 0 1 67.37702 0.49391 15.58792 2.75724 1.61540 0.05105 1.87629 2.83506 3.97178 3.41483 0.01952
135713 P 0 1 67.03497 0.50973 15.61828 2.85403 1.63112 0.05149 1.97938 2.96164 3.96440 3.37569 0.01928
135714 P 0 1 66.89975 0.51621 15.64042 2.81615 1.65849 0.05167 2.03562 3.04591 3.95987 3.35608 0.01983
135715 P 0 1 66.88329 0.51720 15.65676 2.71196 1.69088 0.05170 2.06126 3.10061 3.95732 3.34821 0.02082
135716 P 0 1 66.90891 0.51593 15.67053 2.58530 1.72573 0.05166 2.07556 3.14506 3.95507 3.34425 0.02201
135717 P 0 1 66.94778 0.51357 15.68287 2.45249 1.76193 0.05157 2.08607 3.18685 3.95237 3.34116 0.02333
135718 P 0 1 67.00136 0.51061 15.69208 2.31626 1.80131 0.05149 2.08913 3.22155 3.95043 3.34085 0.02493
135719 P 0 1 67.11018 0.50511 15.69492 2.16206 1.84464 0.05136 2.07218 3.23489 3.94996 3.34768 0.02701
135720 P 0 1 67.32414 0.49447 15.68655 1.97212 1.89357 0.05110 2.02018 3.20969 3.95137 3.36688 0.02993
135721 P 0 1 67.66896 0.47675 15.66170 1.74488 1.94680 0.05061 1.92632 3.13559 3.95359 3.40087 0.03392
135722 P 0 1 68.01428 0.45884 15.62720 1.54303 1.99920 0.05011 1.82662 3.04820 3.95578 3.43820 0.03854
135723 P 0 1 68.26057 0.44613 15.59646 1.41408 2.03606 0.04976 1.75217 2.97747 3.95764 3.46733 0.04232
135724 P 0 1 68.40201 0.43936 15.57554 1.35133 2.05522 0.04960 1.70647 2.92934 3.95996 3.48650 0.04467
135725 P 0 1 68.50113 0.43496 15.55923 1.31269 2.06775 0.04951 1.67284 2.89162 3.96244 3.50140 0.04643
135726 P 0 1 68.58272 0.43149 15.54489 1.28241 2.07827 0.04945 1.64447 2.85907 3.96483 3.51441 0.04799
135727 P 0 1 68.65386 0.42851 15.53173 1.25627 2.08802 0.04941 1.61938 2.83007 3.96709 3.52619 0.04947
135728 P 0 1 68.80190 0.42228 15.50703 1.23184 2.08338 0.04925 1.57127 2.76279 3.97114 3.54859 0.05052
135729 P 0 1 68.84360 0.41930 15.49973 1.19396 2.10159 0.04915 1.55965 2.75812 3.96978 3.55289 0.05224
135730 P 0 1 68.90233 0.41675 15.48790 1.17285 2.10981 0.04911 1.53922 2.73411 3.97147 3.56286 0.05360
136015 P 0 1 73.67246 0.20759 13.99545 0.72141 1.48425 0.04045 0.38654 0.83181 4.02732 4.56951 0.06321
136016 P 0 1 73.67702 0.20728 13.99328 0.71654 1.48709 0.04043 0.38594 0.83154 4.02681 4.57038 0.06368
136017 P 0 1 73.67282 0.20744 13.99332 0.71254 1.49240 0.04046 0.38603 0.83271 4.02712 4.57070 0.06445
136018 P 0 1 73.64926 0.20841 14.00312 0.70826 1.50307 0.04054 0.38927 0.84020 4.02744 4.56496 0.06548
136019 P 0 1 73.62547 0.20925 14.01463 0.70066 1.51599 0.04059 0.39315 0.84953 4.02683 4.55723 0.06666
136020 P 0 1 73.56913 0.21174 14.03780 0.69833 1.53482 0.04077 0.40086 0.86587 4.02822 4.54425 0.06823
136021 P 0 1 73.50356 0.21470 14.06377 0.69729 1.55555 0.04100 0.40967 0.88429 4.03016 4.53003 0.06998
136022 P 0 1 73.41864 0.21847 14.09904 0.69592 1.58150 0.04126 0.42198 0.90972 4.03182 4.50974 0.07193
136023 P 0 1 73.31070 0.22352 14.14076 0.69974 1.61057 0.04162 0.43696 0.93970 4.03520 4.48710 0.07411
136024 P 0 1 73.21258 0.22825 14.17719 0.70588 1.63498 0.04196 0.45048 0.96616 4.03874 4.46786 0.07591
136025 P 0 1 73.09917 0.23363 14.22264 0.71449 1.65976 0.04231 0.46793 0.99941 4.04140 4.44216 0.07710
136026 P 0 1 73.04169 0.23648 14.24415 0.72062 1.67130 0.04250 0.47640 1.01521 4.04332 4.43063 0.07769
136027 P 0 1 72.99927 0.23863 14.26257 0.72979 1.67444 0.04262 0.48363 1.02739 4.04433 4.42023 0.07710
136028 P 0 1 73.03794 0.23678 14.25044 0.73080 1.66118 0.04248 0.47858 1.01665 4.04293 4.42650 0.07573
136029 P 0 1 73.08851 0.23428 14.23426 0.72948 1.64620 0.04230 0.47201 1.00331 4.04079 4.43456 0.07430
136030 P 0 1 73.13445 0.23195 14.22121 0.72827 1.63174 0.04210 0.46676 0.99241 4.03817 4.44022 0.07271
136031 P 0 1 73.12649 0.23210 14.22987 0.72944 1.63026 0.04207 0.47009 0.99810 4.03646 4.43327 0.07183
136032 P 0 1 73.05117 0.23542 14.26463 0.73494 1.64409 0.04224 0.48395 1.02388 4.03627 4.41161 0.07177
136033 P 0 1 72.91854 0.24140 14.32075 0.74275 1.67163 0.04258 0.50741 1.06802 4.03693 4.37752 0.07246
136034 P 0 1 72.75745 0.24887 14.38344 0.75297 1.70590 0.04302 0.53517 1.12011 4.03885 4.34046 0.07376
136035 P 0 1 72.59701 0.25633 14.44299 0.76142 1.74156 0.04345 0.56327 1.17300 4.04057 4.30505 0.07535
136036 P 0 1 72.45266 0.26318 14.49312 0.76937 1.77414 0.04386 0.58830 1.22000 4.04264 4.27567 0.07705
136037 P 0 1 72.32072 0.26974 14.53545 0.77959 1.80268 0.04426 0.61044 1.26092 4.04562 4.25185 0.07871
136038 P 0 1 72.19058 0.27645 14.57430 0.79134 1.83057 0.04468 0.63165 1.29976 4.04936 4.23075 0.08055
136039 P 0 1 72.06764 0.28293 14.60925 0.80319 1.85681 0.04509 0.65152 1.33593 4.05319 4.21204 0.08240
136040 P 0 1 71.95092 0.28920 14.64098 0.81482 1.88188 0.04549 0.67027 1.36992 4.05703 4.19522 0.08428
136041 P 0 1 71.83636 0.29533 14.67142 0.82469 1.90770 0.04587 0.68899 1.40417 4.06046 4.17871 0.08630
136042 P 0 1 71.73218 0.30100 14.69757 0.83305 1.93237 0.04623 0.70571 1.43497 4.06379 4.16469 0.08845
136043 P 0 1 71.63851 0.30609 14.72016 0.83897 1.95619 0.04655 0.72070 1.46304 4.06668 4.15244 0.09068
136044 P 0 1 71.55351 0.31067 14.73998 0.84252 1.97950 0.04684 0.73432 1.48908 4.06911 4.14146 0.09300
136045 P 0 1 71.47950 0.31473 14.75605 0.84488 2.00114 0.04710 0.74576 1.51129 4.07147 4.13275 0.09536
136046 P 0 1 71.41201 0.31827 14.77096 0.84466 2.02238 0.04732 0.75668 1.53302 4.07301 4.12402 0.09767
136047 P 0 1 71.35438 0.32129 14.78310 0.84346 2.04169 0.04751 0.76585 1.55166 4.07432 4.11685 0.09989
136048 P 0 1 71.32682 0.32274 14.78758 0.84096 2.05355 0.04761 0.76956 1.56011 4.07520 4.11435 0.10152
136049 P 0 1 71.37573 0.32026 14.77258 0.83534 2.04647 0.04750 0.75911 1.54215 4.07520 4.12402 0.10163
136050 P 0 1 71.55264 0.31088 14.72502 0.82007 2.01008 0.04698 0.72646 1.48348 4.07240 4.15264 0.09935
136051 P 0 1 71.81703 0.29680 14.65260 0.79606 1.95475 0.04617 0.68009 1.39962 4.06673 4.19452 0.09561
136052 P 0 1 72.08127 0.28283 14.57691 0.77093 1.89955 0.04533 0.63560 1.31874 4.06001 4.23695 0.09188
136053 P 0 1 72.28400 0.27231 14.51561 0.75220 1.85679 0.04468 0.60220 1.25746 4.05467 4.27099 0.08909
136054 P 0 1 72.41231 0.26583 14.47468 0.74166 1.82900 0.04428 0.58107 1.21821 4.05160 4.29399 0.08736
136055 P 0 1 72.48487 0.26232 14.45007 0.73735 1.81242 0.04407 0.56875 1.19493 4.05042 4.30840 0.08639
136056 P 0 1 72.52701 0.26036 14.43518 0.73604 1.80200 0.04396 0.56141 1.18079 4.05005 4.31742 0.08577
136057 P 0 1 72.54962 0.25939 14.42691 0.73695 1.79515 0.04391 0.55732 1.17253 4.05017 4.32275 0.08530
136058 P 0 1 72.56829 0.25860 14.42034 0.73826 1.78882 0.04386 0.55406 1.16576 4.05023 4.32698 0.08478
136059 P 0 1 72.57542 0.25845 14.41762 0.74218 1.78360 0.04386 0.55259 1.16193 4.05082 4.32930 0.08422
136060 P 0 1 72.57861 0.25851 14.41644 0.74713 1.77851 0.04386 0.55184 1.15922 4.05151 4.33077 0.08359
136061 P 0 1 72.57518 0.25896 14.41763 0.75431 1.77337 0.04389 0.55214 1.15809 4.05253 4.33107 0.08283
136062 P 0 1 72.57538 0.25925 14.41798 0.76252 1.76611 0.04391 0.55200 1.15576 4.05346 4.33184 0.08180
136063 P 0 1 72.57261 0.25970 14.41956 0.77223 1.75835 0.04394 0.55240 1.15413 4.05450 4.33195 0.08063
136064 P 0 1 72.56994 0.26017 14.42136 0.78306 1.74954 0.04396 0.55287 1.15238 4.05552 4.33190 0.07930
136065 P 0 1 72.56388 0.26083 14.42434 0.79553 1.74039 0.04399 0.55389 1.15131 4.05670 4.33125 0.07788
136066 P 0 1 72.56103 0.26134 14.42634 0.80890 1.72961 0.04402 0.55442 1.14910 4.05782 4.33114 0.07629
136067 P 0 1 72.55889 0.26181 14.42815 0.82307 1.71806 0.04403 0.55485 1.14654 4.05889 4.33109 0.07463
136083 P 0 1 71.98768 0.29037 14.67238 1.17473 1.57459 0.04491 0.68051 1.29685 4.05790 4.17431 0.04577
136084 P 0 1 71.90678 0.29376 14.70467 1.20438 1.56973 0.04499 0.70013 1.32459 4.05551 4.15150 0.04398
136085 P 0 1 71.82051 0.29731 14.73855 1.23366 1.56596 0.04507 0.72147 1.35506 4.05276 4.12737 0.04228
136086 P 0 1 71.71834 0.30166 14.77571 1.26826 1.56304 0.04519 0.74588 1.38970 4.05031 4.10129 0.04062
136087 P 0 1 71.62761 0.30522 14.81005 1.30043 1.55784 0.04525 0.76931 1.42239 4.04689 4.07613 0.03888
136088 P 0 1 71.55217 0.30790 14.83974 1.32969 1.55046 0.04526 0.79030 1.45090 4.04296 4.05345 0.03716
136089 P 0 1 71.48039 0.31018 14.86931 1.35709 1.54216 0.04523 0.81187 1.48009 4.03813 4.03014 0.03541
136090 P 0 1 71.43863 0.31086 14.89063 1.37743 1.53087 0.04512 0.82778 1.50053 4.03275 4.01168 0.03373
136091 P 0 1 71.43418 0.30964 14.90203 1.38811 1.51659 0.04492 0.83629 1.50993 4.02688 3.99928 0.03216
136092 P 0 1 71.48385 0.30569 14.89966 1.38567 1.49727 0.04457 0.83408 1.50332 4.02017 3.99510 0.03064
136093 P 0 1 71.61301 0.29784 14.87628 1.36645 1.46942 0.04403 0.81588 1.47243 4.01228 4.00330 0.02908
136094 P 0 1 71.80995 0.28688 14.83271 1.33637 1.43306 0.04331 0.78381 1.41977 4.00353 4.02314 0.02747
136095 P 0 1 71.89057 0.28221 14.81733 1.31817 1.41969 0.04298 0.77272 1.40219 3.99860 4.02872 0.02681
136096 P 0 1 71.85743 0.28378 14.82859 1.31206 1.42994 0.04307 0.78039 1.41648 3.99871 4.02234 0.02721
136097 P 0 1 71.81972 0.28600 14.83778 1.30319 1.44559 0.04324 0.78671 1.42997 4.00074 4.01899 0.02807
136098 P 0 1 71.79943 0.28749 14.84141 1.28660 1.46260 0.04338 0.78908 1.43846 4.00296 4.01942 0.02917
136099 P 0 1 71.79745 0.28819 14.83911 1.26409 1.47981 0.04350 0.78724 1.44111 4.00531 4.02373 0.03047
136100 P 0 1 71.80645 0.28839 14.83307 1.23767 1.49759 0.04359 0.78280 1.44026 4.00774 4.03047 0.03196
136101 P 0 1 71.83321 0.28768 14.82193 1.20704 1.51411 0.04364 0.77487 1.43418 4.00977 4.04004 0.03354
136102 P 0 1 71.85864 0.28696 14.81108 1.17689 1.53083 0.04368 0.76732 1.42863 4.01160 4.04918 0.03517
136103 P 0 1 71.89400 0.28579 14.79614 1.14929 1.54455 0.04370 0.75718 1.41811 4.01363 4.06084 0.03677
136104 P 0 1 71.93897 0.28407 14.77844 1.12031 1.55687 0.04369 0.74540 1.40485 4.01522 4.07380 0.03838
136105 P 0 1 71.99207 0.28190 14.75802 1.09202 1.56697 0.04365 0.73212 1.38862 4.01656 4.08813 0.03995
136106 P 0 1 72.05178 0.27935 14.73537 1.06495 1.57470 0.04358 0.71775 1.36997 4.01763 4.10350 0.04142
136117 P 0 1 72.73556 0.24761 14.47123 0.84286 1.59175 0.04223 0.57310 1.15973 4.01626 4.26647 0.05320
136118 P 0 1 72.73929 0.24748 14.46556 0.83165 1.60219 0.04227 0.57062 1.15835 4.01715 4.27079 0.05467
136119 P 0 1 72.73558 0.24766 14.46263 0.82075 1.61435 0.04232 0.56952 1.15951 4.01804 4.27341 0.05624
136120 P 0 1 72.72311 0.24825 14.46276 0.81079 1.62817 0.04240 0.56992 1.16337 4.01907 4.27427 0.05790
136121 P 0 1 72.69744 0.24942 14.46755 0.80129 1.64521 0.04251 0.57264 1.17161 4.02022 4.27235 0.05977
136122 P 0 1 72.67379 0.25040 14.47239 0.79078 1.66213 0.04260 0.57544 1.18017 4.02084 4.26987 0.06161
136123 P 0 1 72.63583 0.25214 14.48173 0.78383 1.68032 0.04274 0.58045 1.19226 4.02208 4.26515 0.06346
136124 P 0 1 72.58872 0.25427 14.49430 0.77685 1.70096 0.04291 0.58719 1.20771 4.02327 4.25836 0.06547
136125 P 0 1 72.52710 0.25702 14.51206 0.77052 1.72475 0.04310 0.59674 1.22842 4.02441 4.24826 0.06763
136126 P 0 1 72.45048 0.26039 14.53513 0.76395 1.75245 0.04332 0.60935 1.25509 4.02529 4.23455 0.06999
136127 P 0 1 72.35077 0.26472 14.56590 0.75745 1.78594 0.04359 0.62658 1.29066 4.02596 4.21576 0.07267
136128 P 0 1 72.22244 0.27021 14.60571 0.74990 1.82749 0.04391 0.64975 1.33792 4.02613 4.19069 0.07585
136129 P 0 1 72.07338 0.27639 14.65186 0.74046 1.87521 0.04425 0.67800 1.39538 4.02524 4.16045 0.07936
136130 P 0 1 71.91421 0.28282 14.69981 0.72994 1.92607 0.04459 0.70913 1.45865 4.02360 4.12809 0.08309
136131 P 0 1 71.75975 0.28882 14.74516 0.71825 1.97603 0.04489 0.74045 1.52260 4.02104 4.09627 0.08673
136132 P 0 1 71.62512 0.29381 14.78326 0.70598 2.02125 0.04513 0.76845 1.58043 4.01803 4.06843 0.09012
136133 P 0 1 71.51688 0.29747 14.81330 0.69318 2.05972 0.04528 0.79183 1.62959 4.01452 4.04518 0.09305
136134 P 0 1 71.43066 0.30014 14.83710 0.68145 2.09119 0.04538 0.81120 1.67070 4.01093 4.02587 0.09539
136135 P 0 1 71.36514 0.30192 14.85526 0.67091 2.11604 0.04543 0.82657 1.70374 4.00744 4.01034 0.09720
136136 P 0 1 71.32419 0.30284 14.86653 0.66268 2.13290 0.04544 0.83651 1.72564 4.00472 4.00009 0.09846
136137 P 0 1 71.31278 0.30267 14.87036 0.65650 2.14027 0.04540 0.84022 1.73478 4.00261 3.99543 0.09898
136138 P 0 1 71.33344 0.30125 14.86652 0.65183 2.13768 0.04530 0.83740 1.73067 4.00088 3.99633 0.09869
136139 P 0 1 71.39185 0.29854 14.85254 0.64971 2.12365 0.04515 0.82612 1.70937 4.00031 4.00510 0.09766
136140 P 0 1 71.48875 0.29438 14.82829 0.64932 2.09817 0.04493 0.80680 1.67182 4.00041 4.02129 0.09582
136141 P 0 1 71.62976 0.28851 14.79155 0.65043 2.05988 0.04463 0.77858 1.61637 4.00105 4.04612 0.09312
136142 P 0 1 71.80586 0.28123 14.74380 0.65254 2.01124 0.04424 0.74382 1.54770 4.00182 4.07803 0.08971
136143 P 0 1 72.00954 0.27279 14.68607 0.65525 1.95437 0.04378 0.70451 1.46972 4.00236 4.11586 0.08574
136144 P 0 1 72.22442 0.26387 14.62250 0.65898 1.89291 0.04328 0.66424 1.38923 4.00248 4.15667 0.08141
136145 P 0 1 72.42112 0.25577 14.56266 0.66551 1.83271 0.04281 0.62878 1.31700 4.00222 4.19451 0.07692
136146 P 0 1 72.52631 0.25174 14.53421 0.68115 1.78655 0.04253 0.61191 1.27812 4.00213 4.21291 0.07244
136147 P 0 1 72.52254 0.25267 14.54444 0.70915 1.75717 0.04253 0.61573 1.27606 4.00315 4.20841 0.06815
136148 P 0 1 72.44161 0.25728 14.58029 0.74924 1.73834 0.04274 0.63343 1.29769 4.00576 4.18950 0.06411
136149 P 0 1 72.30478 0.26456 14.63388 0.80121 1.72472 0.04310 0.66188 1.33642 4.00919 4.16020 0.06008
136150 P 0 1 72.13969 0.27314 14.69546 0.86351 1.71044 0.04350 0.69680 1.38391 4.01235 4.12538 0.05582
136151 P 0 1 71.96792 0.28187 14.75769 0.93484 1.69139 0.04387 0.73454 1.43333 4.01452 4.08878 0.05126
136152 P 0 1 71.79723 0.29034 14.81718 1.01533 1.66667 0.04419 0.77321 1.48128 4.01566 4.05234 0.04657
136153 P 0 1 71.62874 0.29843 14.87291 1.10467 1.63739 0.04447 0.81215 1.52692 4.01580 4.01658 0.04195
136154 P 0 1 71.45502 0.30646 14.92618 1.20252 1.60662 0.04472 0.85238 1.57247 4.01516 3.98081 0.03766
136155 P 0 1 71.26238 0.31510 14.98007 1.30828 1.57853 0.04499 0.89661 1.62292 4.01398 3.94324 0.03389
136156 P 0 1 71.03335 0.32530 15.03810 1.42275 1.55687 0.04533 0.94863 1.68448 4.01257 3.90186 0.03075
136157 P 0 1 70.75377 0.33783 15.10256 1.54746 1.54360 0.04578 1.01216 1.76255 4.01100 3.85507 0.02821
136158 P 0 1 70.41316 0.35325 15.17406 1.68560 1.53867 0.04635 1.09065 1.86126 4.00903 3.80182 0.02614
136159 P 0 1 70.00926 0.37170 15.25042 1.84035 1.54058 0.04702 1.18575 1.98152 4.00634 3.74264 0.02443
136160 P 0 1 69.55123 0.39273 15.32746 2.01107 1.54730 0.04778 1.29671 2.12102 4.00245 3.67929 0.02297
136161 P 0 1 69.05810 0.41545 15.40020 2.19257 1.55728 0.04856 1.41994 2.27420 3.99723 3.61475 0.02174
136162 P 0 1 68.56854 0.43804 15.46349 2.36910 1.56945 0.04930 1.54670 2.43020 3.99085 3.55356 0.02077
136163 P 0 1 68.13100 0.45822 15.51480 2.51501 1.58419 0.04994 1.66562 2.57697 3.98390 3.50020 0.02014
136164 P 0 1 67.79691 0.47347 15.55475 2.59774 1.60281 0.05038 1.76507 2.70394 3.97689 3.45812 0.01991
136165 P 0 1 67.57168 0.48392 15.58601 2.60950 1.62837 0.05069 1.84125 2.80931 3.97113 3.42793 0.02020
136166 P 0 1 67.44644 0.48978 15.61032 2.56140 1.65899 0.05085 1.89406 2.89244 3.96665 3.40818 0.02089
136167 P 0 1 67.36715 0.49318 15.63177 2.48429 1.69225 0.05093 1.93682 2.96714 3.96217 3.39251 0.02178
136168 P 0 1 67.31105 0.49509 15.65147 2.39244 1.72721 0.05096 1.97458 3.03844 3.95733 3.37865 0.02279
136169 P 0 1 67.27967 0.49606 15.66728 2.29056 1.76557 0.05098 2.00273 3.10052 3.95364 3.36891 0.02409
136170 P 0 1 67.30621 0.49447 15.67663 2.16678 1.80789 0.05095 2.01111 3.14186 3.95154 3.36672 0.02584
136171 P 0 1 67.44918 0.48751 15.67392 1.99988 1.85667 0.05080 1.98121 3.14170 3.95202 3.37866 0.02845
136172 P 0 1 67.89619 0.46506 15.63922 1.71962 1.91791 0.05017 1.85972 3.03962 3.95536 3.42397 0.03315
136173 P 0 1 68.31737 0.44309 15.59366 1.47352 1.98206 0.04953 1.74043 2.93447 3.95706 3.46995 0.03884
136174 P 0 1 68.56878 0.43002 15.55884 1.34107 2.02201 0.04916 1.66525 2.86297 3.95838 3.50053 0.04298
136175 P 0 1 68.64966 0.42681 15.54433 1.31199 2.03210 0.04912 1.63664 2.82977 3.96118 3.51396 0.04445
136176 P 0 1 68.71972 0.42407 15.53108 1.28648 2.04183 0.04909 1.61146 2.80054 3.96379 3.52609 0.04586
136177 P 0 1 68.84625 0.41896 15.50904 1.26231 2.04122 0.04898 1.56925 2.74313 3.96773 3.54613 0.04700
136178 P 0 1 68.91229 0.41635 15.49586 1.24004 2.04929 0.04895 1.54590 2.71509 3.97012 3.55778 0.04833
136179 P 0 1 68.97266 0.41394 15.48339 1.21919 2.05735 0.04892 1.52446 2.68945 3.97233 3.56866 0.04966
136180 P 0 1 69.02818 0.41173 15.47156 1.19961 2.06532 0.04889 1.50468 2.66586 3.97438 3.57884 0.05096
136181 P 0 1 69.07955 0.40967 15.46030 1.18118 2.07316 0.04887 1.48632 2.64402 3.97628 3.58842 0.05225
136467 P 0 1 73.58264 0.21175 14.03229 0.72337 1.50944 0.04076 0.39849 0.85601 4.03041 4.54977 0.06507
136468 P 0 1 73.57574 0.21204 14.03342 0.72015 1.51490 0.04080 0.39894 0.85775 4.03087 4.54954 0.06582
136469 P 0 1 73.54930 0.21311 14.04514 0.71569 1.52618 0.04087 0.40294 0.86674 4.03090 4.54232 0.06680
136470 P 0 1 73.51043 0.21481 14.06102 0.71297 1.54002 0.04100 0.40837 0.87841 4.03170 4.53327 0.06799
136471 P 0 1 73.45779 0.21716 14.08236 0.71120 1.55712 0.04117 0.41575 0.89390 4.03292 4.52123 0.06939
136472 P 0 1 73.39198 0.22015 14.10874 0.71064 1.57707 0.04138 0.42506 0.91304 4.03455 4.50644 0.07095
136473 P 0 1 73.33039 0.22286 14.13391 0.70865 1.59663 0.04157 0.43420 0.93203 4.03554 4.49176 0.07247
136474 P 0 1 73.25030 0.22648 14.16630 0.70888 1.61954 0.04181 0.44621 0.95633 4.03702 4.47304 0.07409
136475 P 0 1 73.15683 0.23112 14.20104 0.71867 1.63912 0.04214 0.45928 0.98092 4.04067 4.45498 0.07525
136476 P 0 1 73.08742 0.23439 14.22760 0.72164 1.65676 0.04236 0.46968 1.00131 4.04235 4.44006 0.07643
136477 P 0 1 73.02149 0.23758 14.25319 0.72754 1.67047 0.04256 0.47986 1.02043 4.04404 4.42577 0.07706
136478 P 0 1 72.97516 0.23985 14.27355 0.73591 1.67514 0.04269 0.48798 1.03446 4.04480 4.41390 0.07656
136479 P 0 1 72.98105 0.23949 14.27410 0.73718 1.67094 0.04264 0.48812 1.03408 4.04386 4.41272 0.07582
136480 P 0 1 72.99045 0.23897 14.27313 0.73799 1.66624 0.04259 0.48764 1.03258 4.04288 4.41244 0.07509
136481 P 0 1 73.00103 0.23838 14.27264 0.73965 1.66001 0.04252 0.48733 1.03109 4.04164 4.41163 0.07409
136482 P 0 1 72.96668 0.23990 14.28923 0.74355 1.66457 0.04259 0.49411 1.04326 4.04132 4.40107 0.07372
136483 P 0 1 72.90388 0.24274 14.31699 0.74905 1.67540 0.04274 0.50576 1.06462 4.04132 4.38391 0.07362
136484 P 0 1 72.79653 0.24768 14.36079 0.75692 1.69650 0.04302 0.52486 1.10007 4.04208 4.35747 0.07408
136485 P 0 1 72.66942 0.25368 14.40887 0.76592 1.72294 0.04337 0.54683 1.14097 4.04374 4.32917 0.07509
136486 P 0 1 72.53662 0.25992 14.45748 0.77358 1.75193 0.04373 0.57022 1.18473 4.04519 4.30023 0.07636
136487 P 0 1 72.40095 0.26647 14.50431 0.78280 1.78105 0.04411 0.59385 1.22857 4.04725 4.27285 0.07777
136488 P 0 1 72.27063 0.27313 14.54446 0.79418 1.80913 0.04453 0.61507 1.26758 4.05084 4.25087 0.07957
136489 P 0 1 72.15989 0.27888 14.57773 0.80488 1.83211 0.04489 0.63333 1.30074 4.05391 4.23265 0.08100
136490 P 0 1 72.05082 0.28469 14.60825 0.81553 1.85566 0.04526 0.65073 1.33242 4.05746 4.21644 0.08273
136491 P 0 1 71.94274 0.29044 14.63810 0.82530 1.87945 0.04561 0.66836 1.36459 4.06067 4.20024 0.08450
136492 P 0 1 71.84539 0.29576 14.66323 0.83419 1.90166 0.04595 0.68375 1.39273 4.06399 4.18700 0.08636
136493 P 0 1 71.76067 0.30042 14.68402 0.84078 1.92242 0.04625 0.69692 1.41719 4.06695 4.17610 0.08828
136494 P 0 1 71.69192 0.30421 14.69990 0.84461 1.94106 0.04650 0.70734 1.43702 4.06941 4.16784 0.09020
136495 P 0 1 71.64114 0.30712 14.70994 0.84672 1.95661 0.04670 0.71420 1.45058 4.07177 4.16315 0.09208
136496 P 0 1 71.61216 0.30874 14.71465 0.84508 1.96855 0.04682 0.71767 1.45845 4.07313 4.16104 0.09371
136497 P 0 1 71.60746 0.30899 14.71312 0.84052 1.97573 0.04686 0.71709 1.45917 4.07374 4.16230 0.09502
136498 P 0 1 71.62988 0.30778 14.70443 0.83388 1.97681 0.04682 0.71180 1.45127 4.07376 4.16771 0.09587
136499 P 0 1 71.68761 0.30473 14.68628 0.82524 1.96931 0.04666 0.70042 1.43200 4.07307 4.17866 0.09603
136500 P 0 1 71.79652 0.29899 14.65406 0.81341 1.94945 0.04635 0.68045 1.39664 4.07124 4.19772 0.09518
136501 P 0 1 71.95919 0.29042 14.60627 0.79753 1.91692 0.04585 0.65197 1.34531 4.06788 4.22533 0.09331
136502 P 0 1 72.15288 0.28021 14.54858 0.77815 1.87747 0.04524 0.61952 1.28644 4.06298 4.25767 0.09085
136503 P 0 1 72.33491 0.27066 14.49278 0.75924 1.84050 0.04465 0.59002 1.23273 4.05775 4.28822 0.08853
136504 P 0 1 72.47453 0.26339 14.44858 0.74435 1.81239 0.04419 0.56789 1.19230 4.05346 4.31211 0.08682
136505 P 0 1 72.55940 0.25904 14.42050 0.73517 1.79573 0.04391 0.55436 1.16758 4.05097 4.32741 0.08592
136506 P 0 1 72.60586 0.25668 14.40455 0.73006 1.78690 0.04376 0.54686 1.15390 4.04971 4.33621 0.08552
136507 P 0 1 72.63121 0.25538 14.39576 0.72696 1.78236 0.04368 0.54279 1.14654 4.04897 4.34101 0.08534
136508 P 0 1 72.63405 0.25527 14.39446 0.72688 1.78179 0.04368 0.54219 1.14540 4.04904 4.34189 0.08535
136509 P 0 1 72.62941 0.25557 14.39587 0.72880 1.78158 0.04370 0.54278 1.14615 4.04946 4.34142 0.08526
136510 P 0 1 72.62470 0.25591 14.39755 0.73165 1.78043 0.04372 0.54347 1.14682 4.04991 4.34083 0.08502
136511 P 0 1 72.61770 0.25642 14.40006 0.73617 1.77848 0.04375 0.54449 1.14773 4.05061 4.33998 0.08461
136512 P 0 1 72.61057 0.25701 14.40276 0.74287 1.77463 0.04379 0.54551 1.14810 4.05155 4.33928 0.08393
136513 P 0 1 72.60712 0.25747 14.40443 0.75093 1.76845 0.04382 0.54599 1.14703 4.05253 4.33927 0.08297
136514 P 0 1 72.60224 0.25803 14.40681 0.76063 1.76121 0.04385 0.54675 1.14612 4.05361 4.33894 0.08182
136515 P 0 1 72.59642 0.25865 14.40982 0.77161 1.75302 0.04388 0.54778 1.14539 4.05471 4.33822 0.08049
136516 P 0 1 72.59467 0.25913 14.41127 0.78408 1.74262 0.04391 0.54803 1.14283 4.05592 4.33858 0.07897
136517 P 0 1 72.59046 0.25977 14.41347 0.79838 1.73154 0.04394 0.54862 1.14055 4.05732 4.33862 0.07733
136518 P 0 1 72.59050 0.26015 14.41446 0.81256 1.71933 0.04396 0.54865 1.13720 4.05844 4.33914 0.07560
136534 P 0 1 72.15361 0.28211 14.61793 1.13141 1.56337 0.04450 0.64869 1.24808 4.05618 4.20745 0.04666
136535 P 0 1 72.08186 0.28514 14.64774 1.15811 1.55871 0.04458 0.66573 1.27232 4.05419 4.18665 0.04497
136536 P 0 1 72.01603 0.28770 14.67671 1.18148 1.55375 0.04461 0.68279 1.29670 4.05129 4.16566 0.04330
136537 P 0 1 71.94750 0.29036 14.70570 1.20743 1.54792 0.04465 0.70041 1.32140 4.04844 4.14460 0.04160
136538 P 0 1 71.88484 0.29258 14.73344 1.23155 1.54109 0.04465 0.71778 1.34552 4.04490 4.12375 0.03990
136539 P 0 1 71.83865 0.29380 14.75720 1.25102 1.53225 0.04458 0.73301 1.36623 4.04042 4.10466 0.03817
136540 P 0 1 71.80247 0.29453 14.77707 1.27071 1.52127 0.04450 0.74606 1.38297 4.03598 4.08797 0.03647
136541 P 0 1 71.79930 0.29341 14.78896 1.28152 1.50669 0.04430 0.75388 1.39170 4.03021 4.07529 0.03474
136542 P 0 1 71.83969 0.29009 14.78861 1.28300 1.48735 0.04398 0.75340 1.38757 4.02363 4.06967 0.03303
136543 P 0 1 71.94095 0.28370 14.77140 1.27379 1.45959 0.04348 0.74162 1.36543 4.01558 4.07328 0.03118
136544 P 0 1 72.12754 0.27305 14.73032 1.25099 1.41869 0.04272 0.71480 1.31891 4.00486 4.08914 0.02898
136545 P 0 1 72.40175 0.25820 14.66222 1.21833 1.36194 0.04167 0.67328 1.24753 3.99082 4.11793 0.02632
136546 P 0 1 72.52044 0.25161 14.63550 1.19981 1.33781 0.04117 0.65780 1.22098 3.98283 4.12691 0.02511
136547 P 0 1 72.35884 0.25970 14.68382 1.20900 1.37280 0.04171 0.68583 1.27003 3.98845 4.10335 0.02647
136548 P 0 1 72.23368 0.26616 14.71898 1.21271 1.40293 0.04216 0.70716 1.30824 3.99332 4.08687 0.02780
136549 P 0 1 72.15403 0.27046 14.74007 1.20851 1.42698 0.04246 0.72031 1.33342 3.99694 4.07779 0.02903
136550 P 0 1 72.10855 0.27314 14.75055 1.19715 1.44763 0.04268 0.72691 1.34852 3.99992 4.07465 0.03030
136551 P 0 1 72.08242 0.27487 14.75526 1.18069 1.46702 0.04285 0.72987 1.35826 4.00244 4.07469 0.03164
136552 P 0 1 72.07905 0.27552 14.75278 1.15883 1.48491 0.04296 0.72821 1.36108 4.00466 4.07891 0.03310
136553 P 0 1 72.08412 0.27576 14.74718 1.13734 1.50109 0.04305 0.72462 1.36051 4.00685 4.08491 0.03456
136554 P 0 1 72.09184 0.27583 14.74081 1.11578 1.51680 0.04313 0.72061 1.35918 4.00883 4.09116 0.03605
136555 P 0 1 72.11677 0.27505 14.72876 1.09260 1.52987 0.04316 0.71308 1.35195 4.01058 4.10065 0.03754
136556 P 0 1 72.15556 0.27357 14.71216 1.06857 1.54042 0.04315 0.70286 1.34002 4.01205 4.11263 0.03900
136557 P 0 1 72.20101 0.27173 14.69339 1.04528 1.54888 0.04311 0.69153 1.32578 4.01326 4.12565 0.04039
136568 P 0 1 72.80257 0.24414 14.45198 0.83613 1.57666 0.04198 0.56374 1.14255 4.01292 4.27517 0.05216
136569 P 0 1 72.79222 0.24467 14.45122 0.82605 1.58995 0.04206 0.56367 1.14550 4.01412 4.27680 0.05373
136570 P 0 1 72.77262 0.24562 14.45354 0.81616 1.60574 0.04216 0.56511 1.15139 4.01549 4.27666 0.05550
136571 P 0 1 72.73613 0.24733 14.46214 0.80788 1.62463 0.04231 0.56962 1.16279 4.01701 4.27279 0.05737
136572 P 0 1 72.69279 0.24920 14.47414 0.79705 1.64680 0.04246 0.57594 1.17817 4.01784 4.26615 0.05946
136573 P 0 1 72.63581 0.25185 14.48943 0.79026 1.67026 0.04266 0.58397 1.19615 4.01964 4.25831 0.06165
136574 P 0 1 72.57465 0.25465 14.50644 0.78382 1.69432 0.04286 0.59304 1.21601 4.02122 4.24914 0.06384
136575 P 0 1 72.50136 0.25801 14.52780 0.77907 1.71998 0.04310 0.60454 1.24011 4.02278 4.23722 0.06603
136576 P 0 1 72.41987 0.26172 14.55150 0.77399 1.74816 0.04335 0.61763 1.26741 4.02426 4.22369 0.06843
136577 P 0 1 72.32611 0.26587 14.57952 0.76794 1.77991 0.04361 0.63357 1.30034 4.02522 4.20689 0.07102
136578 P 0 1 72.21597 0.27068 14.61266 0.76169 1.81582 0.04390 0.65304 1.34010 4.02583 4.18646 0.07384
136579 P 0 1 72.08913 0.27611 14.65093 0.75483 1.85604 0.04421 0.67645 1.38750 4.02583 4.16209 0.07687
136580 P 0 1 71.94691 0.28217 14.69274 0.74784 1.90029 0.04455 0.70328 1.44152 4.02553 4.13499 0.08018
136581 P 0 1 71.80380 0.28803 14.73425 0.73898 1.94557 0.04486 0.73141 1.49843 4.02421 4.10693 0.08353
136582 P 0 1 71.66511 0.29353 14.77344 0.72927 1.98999 0.04514 0.75947 1.55543 4.02226 4.07953 0.08684
136583 P 0 1 71.54415 0.29810 14.80696 0.71918 2.02961 0.04536 0.78478 1.60721 4.01975 4.05512 0.08977
136584 P 0 1 71.44343 0.30172 14.83396 0.70894 2.06420 0.04552 0.80624 1.65177 4.01713 4.03466 0.09243
136585 P 0 1 71.36461 0.30429 14.85526 0.69922 2.09205 0.04562 0.82385 1.68870 4.01422 4.01766 0.09450
136586 P 0 1 71.30947 0.30592 14.86999 0.69088 2.11273 0.04567 0.83652 1.71576 4.01168 4.00531 0.09607
136587 P 0 1 71.27846 0.30664 14.87839 0.68441 2.12566 0.04569 0.84402 1.73229 4.00968 3.99770 0.09706
136588 P 0 1 71.27546 0.30624 14.87989 0.67909 2.13025 0.04564 0.84572 1.73725 4.00801 3.99503 0.09741
136589 P 0 1 71.30293 0.30464 14.87399 0.67526 2.12550 0.04554 0.84110 1.72944 4.00678 3.99779 0.09703
136590 P 0 1 71.36212 0.30192 14.85966 0.67348 2.11115 0.04539 0.82947 1.70746 4.00639 4.00696 0.09600
136591 P 0 1 71.45672 0.29780 14.83602 0.67306 2.08637 0.04518 0.81056 1.67089 4.00646 4.02271 0.09423
136592 P 0 1 71.58727 0.29228 14.80221 0.67411 2.05092 0.04489 0.78442 1.61975 4.00695 4.04549 0.09171
136593 P 0 1 71.74803 0.28552 14.75919 0.67616 2.00633 0.04453 0.75272 1.55734 4.00749 4.07416 0.08853
136594 P 0 1 71.92995 0.27786 14.70879 0.67904 1.95488 0.04411 0.71769 1.48796 4.00777 4.10713 0.08483
136595 P 0 1 72.11293 0.27020 14.65671 0.68430 1.90016 0.04368 0.68354 1.41924 4.00780 4.14073 0.08072
136596 P 0 1 72.27158 0.26366 14.61147 0.69351 1.84724 0.04329 0.65523 1.36041 4.00760 4.16965 0.07638
136597 P 0 1 72.37267 0.25972 14.58534 0.70978 1.80201 0.04302 0.63885 1.32254 4.00749 4.18663 0.07196
136598 P 0 1 72.40418 0.25897 14.58329 0.73517 1.76636 0.04292 0.63609 1.30849 4.00788 4.18908 0.06756
136599 P 0 1 72.37547 0.26104 14.60157 0.77059 1.73815 0.04297 0.64462 1.31353 4.00915 4.17966 0.06326
136600 P 0 1 72.30286 0.26516 14.63420 0.81571 1.71384 0.04314 0.66153 1.33198 4.01094 4.16169 0.05896
136601 P 0 1 72.20184 0.27056 14.67543 0.87019 1.69014 0.04335 0.68420 1.35868 4.01282 4.13820 0.05459
136602 P 0 1 72.08856 0.27640 14.71976 0.93268 1.66427 0.04357 0.70991 1.38866 4.01414 4.11192 0.05013
136603 P 0 1 71.96743 0.28242 14.76477 1.00340 1.63590 0.04378 0.73755 1.41989 4.01492 4.08423 0.04570
136604 P 0 1 71.83978 0.28853 14.80945 1.08186 1.60574 0.04398 0.76671 1.45187 4.01508 4.05559 0.04143
136605 P 0 1 71.69974 0.29498 14.85470 1.16814 1.57589 0.04418 0.79830 1.48632 4.01477 4.02550 0.03748
136606 P 0 1 71.53776 0.30224 14.90268 1.26201 1.54909 0.04441 0.83430 1.52676 4.01411 3.99267 0.03399
136607 P 0 1 71.34153 0.31096 14.95577 1.36454 1.52777 0.04471 0.87731 1.57734 4.01332 3.95574 0.03100
136608 P 0 1 71.10176 0.32165 15.01541 1.47656 1.51339 0.04510 0.92982 1.64168 4.01243 3.91368 0.02852
136609 P 0 1 70.81054 0.33473 15.08219 1.59974 1.50636 0.04559 0.99438 1.72299 4.01129 3.86573 0.02646
136610 P 0 1 70.46635 0.35031 15.15465 1.73499 1.50607 0.04618 1.07236 1.82250 4.00961 3.81222 0.02476
136611 P 0 1 70.07731 0.36805 15.22929 1.87981 1.51169 0.04685 1.16302 1.93857 4.00714 3.75491 0.02337
136612 P 0 1 69.66060 0.38708 15.30207 2.02836 1.52153 0.04753 1.26382 2.06726 4.00347 3.69605 0.02223
136613 P 0 1 69.24219 0.40628 15.36864 2.16937 1.53516 0.04820 1.36913 2.20156 3.99883 3.63925 0.02139
136614 P 0 1 68.84981 0.42434 15.42673 2.28887 1.55231 0.04881 1.47289 2.33473 3.99344 3.58724 0.02084
136615 P 0 1 68.52346 0.43911 15.47563 2.36288 1.57298 0.04927 1.56728 2.45923 3.98706 3.54250 0.02061
136616 P 0 1 68.25449 0.45146 15.51662 2.39693 1.59868 0.04965 1.65087 2.57394 3.98120 3.50542 0.02075
136617 P 0 1 68.06159 0.46033 15.54972 2.38400 1.62869 0.04992 1.71829 2.67316 3.97595 3.47709 0.02126
136618 P 0 1 67.90444 0.46721 15.57972 2.34559 1.66095 0.05010 1.77973 2.76815 3.97026 3.45193 0.02191
136619 P 0 1 67.76952 0.47263 15.60769 2.29049 1.69471 0.05023 1.83798 2.86176 3.96393 3.42842 0.02265
136620 P 0 1 67.64815 0.47747 15.63267 2.22696 1.73109 0.05034 1.89194 2.95220 3.95811 3.40749 0.02359
136621 P 0 1 67.67203 0.47627 15.64186 2.10567 1.77437 0.05034 1.89984 2.99222 3.95641 3.40560 0.02540
136622 P 0 1 67.85194 0.46789 15.63377 1.92565 1.82512 0.05016 1.85863 2.97801 3.95777 3.42278 0.02829
136623 P 0 1 68.20360 0.45019 15.60396 1.68655 1.88223 0.04965 1.76689 2.90621 3.95942 3.45882 0.03247
136624 P 0 1 68.55071 0.43232 15.56380 1.47440 1.93974 0.04913 1.67070 2.82333 3.96062 3.49782 0.03743
136625 P 0 1 68.77059 0.42100 15.53201 1.35034 1.97870 0.04881 1.60629 2.76414 3.96167 3.52520 0.04126
136626 P 0 1 68.86543 0.41674 15.51502 1.30381 1.99634 0.04873 1.57496 2.73200 3.96375 3.53994 0.04327
136627 P 0 1 68.98122 0.41204 15.49387 1.27477 2.00049 0.04863 1.53636 2.68197 3.96730 3.55874 0.04462
136628 P 0 1 69.04213 0.40968 15.48107 1.25082 2.01048 0.04861 1.51461 2.65701 3.96962 3.56994 0.04602
136629 P 0 1 69.09604 0.40762 15.46923 1.22934 2.02009 0.04860 1.49507 2.63460 3.97181 3.58023 0.04738
136630 P 0 1 69.14475 0.40576 15.45812 1.20951 2.02949 0.04859 1.47722 2.61420 3.97386 3.58978 0.04872
136631 P 0 1 69.18931 0.40407 15.44762 1.19098 2.03870 0.04858 1.46075 2.59547 3.97577 3.59871 0.05003
136632 P 0 1 69.23051 0.40249 15.43764 1.17354 2.04769 0.04858 1.44544 2.57811 3.97755 3.60712 0.05132
136919 P 0 1 73.48301 0.21642 14.07251 0.72759 1.53558 0.04111 0.41198 0.88281 4.03385 4.52824 0.06690
136920 P 0 1 73.46165 0.21735 14.08041 0.72449 1.54483 0.04118 0.41478 0.88924 4.03437 4.52386 0.06784
136921 P 0 1 73.42429 0.21901 14.09552 0.72245 1.55756 0.04130 0.42010 0.90050 4.03513 4.51523 0.06890
136922 P 0 1 73.37552 0.22121 14.11506 0.72129 1.57291 0.04146 0.42706 0.91495 4.03623 4.50418 0.07013
136923 P 0 1 73.31641 0.22391 14.13851 0.72118 1.59039 0.04165 0.43557 0.93228 4.03765 4.49099 0.07146
136924 P 0 1 73.24916 0.22702 14.16487 0.72227 1.60922 0.04186 0.44533 0.95190 4.03931 4.47621 0.07285
136925 P 0 1 73.15695 0.23139 14.20298 0.73000 1.62840 0.04214 0.45969 0.97901 4.04133 4.45450 0.07360
136926 P 0 1 73.10556 0.23380 14.22176 0.73049 1.64337 0.04231 0.46708 0.99396 4.04272 4.44413 0.07482
136927 P 0 1 73.06263 0.23571 14.23894 0.72971 1.65606 0.04243 0.47397 1.00791 4.04312 4.43382 0.07570
136928 P 0 1 73.01178 0.23826 14.25712 0.73495 1.66679 0.04261 0.48125 1.02153 4.04503 4.42432 0.07636
136929 P 0 1 72.95083 0.24117 14.28372 0.74351 1.67508 0.04277 0.49200 1.04066 4.04573 4.40851 0.07601
136930 P 0 1 72.92953 0.24212 14.29450 0.74660 1.67707 0.04281 0.49641 1.04840 4.04540 4.40155 0.07561
136931 P 0 1 72.90644 0.24315 14.30504 0.74856 1.68095 0.04286 0.50083 1.05649 4.04527 4.39490 0.07552
136932 P 0 1 72.89844 0.24350 14.31063 0.75202 1.67890 0.04286 0.50308 1.05982 4.04484 4.39108 0.07484
136933 P 0 1 72.85473 0.24557 14.32906 0.75737 1.68553 0.04297 0.51090 1.07384 4.04526 4.38006 0.07472
136934 P 0 1 72.79223 0.24851 14.35480 0.76372 1.69620 0.04313 0.52211 1.09418 4.04578 4.36459 0.07475
136935 P 0 1 72.70016 0.25285 14.39118 0.77172 1.71346 0.04337 0.53847 1.12419 4.04667 4.34284 0.07509
136936 P 0 1 72.59269 0.25787 14.43192 0.77821 1.73628 0.04366 0.55762 1.15990 4.04757 4.31833 0.07594
136937 P 0 1 72.47680 0.26357 14.47252 0.78883 1.75911 0.04400 0.57743 1.19606 4.04977 4.29503 0.07688
136938 P 0 1 72.35542 0.26952 14.51365 0.79781 1.78487 0.04435 0.59844 1.23483 4.05181 4.27114 0.07817
136939 P 0 1 72.23473 0.27579 14.55031 0.80948 1.81022 0.04474 0.61794 1.27038 4.05535 4.25126 0.07979
136940 P 0 1 72.13314 0.28118 14.58005 0.82035 1.83096 0.04508 0.63432 1.29993 4.05853 4.23531 0.08115
136941 P 0 1 72.03613 0.28633 14.60749 0.82926 1.85223 0.04540 0.64999 1.32854 4.06146 4.22048 0.08269
136942 P 0 1 71.94185 0.29147 14.63269 0.83884 1.87281 0.04573 0.66483 1.35546 4.06473 4.20726 0.08432
136943 P 0 1 71.85920 0.29604 14.65359 0.84646 1.89206 0.04603 0.67755 1.37878 4.06778 4.19648 0.08602
136944 P 0 1 71.79366 0.29977 14.66854 0.85193 1.90882 0.04628 0.68696 1.39637 4.07066 4.18925 0.08776
136945 P 0 1 71.74691 0.30252 14.67772 0.85492 1.92254 0.04648 0.69295 1.40805 4.07315 4.18533 0.08943
136946 P 0 1 71.73083 0.30348 14.67897 0.85273 1.93127 0.04656 0.69407 1.41148 4.07440 4.18540 0.09081
136947 P 0 1 71.74995 0.30252 14.67060 0.84671 1.93296 0.04653 0.68918 1.40421 4.07473 4.19086 0.09173
136948 P 0 1 71.80757 0.29949 14.65161 0.83728 1.92628 0.04638 0.67778 1.38509 4.07411 4.20234 0.09206
136949 P 0 1 71.90443 0.29437 14.62158 0.82478 1.91054 0.04610 0.65999 1.35412 4.07244 4.21998 0.09167
136950 P 0 1 72.03446 0.28754 14.58140 0.81020 1.88672 0.04572 0.63696 1.31317 4.06990 4.24328 0.09065
136951 P 0 1 72.18941 0.27945 14.53304 0.79399 1.85659 0.04524 0.61045 1.26539 4.06647 4.27088 0.08910
136952 P 0 1 72.35242 0.27096 14.48126 0.77698 1.82420 0.04472 0.58353 1.21650 4.06231 4.29981 0.08730
136953 P 0 1 72.50361 0.26308 14.43232 0.76020 1.79451 0.04423 0.55941 1.17264 4.05785 4.32652 0.08564
136954 P 0 1 72.62251 0.25688 14.39301 0.74565 1.77210 0.04383 0.54094 1.13921 4.05391 4.34750 0.08445
136955 P 0 1 72.69964 0.25280 14.36712 0.73446 1.75901 0.04357 0.52924 1.11838 4.05099 4.36093 0.08388
136956 P 0 1 72.73966 0.25060 14.35357 0.72648 1.75406 0.04342 0.52332 1.10835 4.04911 4.36759 0.08384
136957 P 0 1 72.74868 0.24999 14.35038 0.72170 1.75560 0.04338 0.52205 1.10694 4.04830 4.36876 0.08421
136958 P 0 1 72.73701 0.25044 14.35425 0.71938 1.76113 0.04341 0.52390 1.11127 4.04821 4.36619 0.08480
136959 P 0 1 72.72074 0.25111 14.36026 0.71770 1.76713 0.04345 0.52671 1.11726 4.04808 4.36225 0.08532
136960 P 0 1 72.69642 0.25226 14.36881 0.71855 1.77339 0.04352 0.53062 1.12489 4.04851 4.35729 0.08576
136961 P 0 1 72.67418 0.25339 14.37673 0.72132 1.77730 0.04359 0.53418 1.13134 4.04914 4.35294 0.08589
136962 P 0 1 72.65636 0.25437 14.38340 0.72571 1.77833 0.04365 0.53712 1.13607 4.04984 4.34948 0.08566
136963 P 0 1 72.64399 0.25514 14.38841 0.73138 1.77657 0.04370 0.53923 1.13880 4.05056 4.34712 0.08511
136964 P 0 1 72.63358 0.25597 14.39236 0.74015 1.77180 0.04375 0.54075 1.13965 4.05181 4.34596 0.08423
136965 P 0 1 72.62984 0.25650 14.39429 0.74996 1.76412 0.04378 0.54127 1.13825 4.05297 4.34599 0.08303
136966 P 0 1 72.62295 0.25720 14.39760 0.76123 1.75599 0.04382 0.54241 1.13768 4.05420 4.34523 0.08170
136967 P 0 1 72.62142 0.25769 14.39891 0.77391 1.74530 0.04384 0.54258 1.13491 4.05551 4.34579 0.08013
136968 P 0 1 72.62375 0.25799 14.39903 0.78729 1.73296 0.04386 0.54217 1.13086 4.05671 4.34698 0.07840
136969 P 0 1 72.62648 0.25827 14.39900 0.80146 1.71996 0.04387 0.54171 1.12655 4.05789 4.34820 0.07660
136970 P 0 1 72.62432 0.25878 14.40117 0.81757 1.70660 0.04388 0.54224 1.12372 4.05905 4.34802 0.07465
136985 P 0 1 72.30136 0.27495 14.56549 1.09189 1.55547 0.04416 0.61980 1.20375 4.05536 4.23990 0.04787
136986 P 0 1 72.25300 0.27681 14.58885 1.11193 1.54927 0.04418 0.63235 1.22139 4.05302 4.22298 0.04621
136987 P 0 1 72.19592 0.27902 14.61549 1.13350 1.54374 0.04420 0.64706 1.24236 4.05041 4.20375 0.04454
136988 P 0 1 72.16076 0.28003 14.63553 1.15046 1.53527 0.04415 0.65835 1.25769 4.04698 4.18795 0.04284
136989 P 0 1 72.13148 0.28061 14.65454 1.16574 1.52573 0.04407 0.66925 1.27230 4.04291 4.17226 0.04111
136990 P 0 1 72.10126 0.28116 14.67415 1.18016 1.51667 0.04398 0.68072 1.28789 4.03856 4.15599 0.03945
136991 P 0 1 72.08904 0.28081 14.68780 1.19200 1.50496 0.04384 0.68881 1.29780 4.03395 4.14319 0.03781
136992 P 0 1 72.10186 0.27904 14.69526 1.19824 1.48965 0.04361 0.69318 1.30173 4.02811 4.13324 0.03607
136993 P 0 1 72.15478 0.27529 14.69072 1.19549 1.47018 0.04327 0.69022 1.29423 4.02140 4.13003 0.03439
136994 P 0 1 72.25600 0.26917 14.67143 1.18516 1.44366 0.04279 0.67848 1.27239 4.01352 4.13483 0.03258
136995 P 0 1 72.40760 0.26057 14.63710 1.16707 1.40909 0.04215 0.65834 1.23666 4.00381 4.14704 0.03057
136996 P 0 1 72.62493 0.24875 14.58289 1.14187 1.36153 0.04126 0.62821 1.18356 3.99090 4.16800 0.02808
