 Vistelius (1995)
SiO2 TiO2 Al2O3 Fe2O3 FeO MnO MgO CaO Na2O K2O
135695 P 0 1 72.81687 0.24450 14.51032 0.81142 1.59109 0.03925 0.58040 1.16977 3.99026 4.24614
135696 P 0 1 72.75063 0.24822 14.55900 0.87805 1.54553 0.03813 0.59842 1.18131 3.98152 4.21919
135697 P 0 1 72.50595 0.26075 14.64813 0.94233 1.55932 0.03834 0.64194 1.24588 3.98422 4.17314
135698 P 0 1 72.17251 0.27832 14.74655 1.00067 1.60840 0.03947 0.69770 1.33742 3.99500 4.12396
135699 P 0 1 71.78013 0.29914 14.85617 1.06015 1.67114 0.04079 0.76772 1.45337 4.00523 4.06616
135700 P 0 1 71.37039 0.32133 14.96436 1.12794 1.73071 0.04200 0.84533 1.57823 4.01313 4.00660
135701 P 0 1 70.95424 0.34516 15.06261 1.22082 1.77782 0.04319 0.92431 1.69770 4.02171 3.95244
135702 P 0 1 70.57902 0.36585 15.15513 1.30625 1.81032 0.04368 1.00587 1.81661 4.02139 3.89588
135703 P 0 1 70.41109 0.37446 15.20239 1.35965 1.80860 0.04337 1.04838 1.87159 4.01570 3.86477
135704 P 0 1 70.08572 0.39293 15.27283 1.45239 1.82663 0.04371 1.12109 1.97023 4.01470 3.81978
135705 P 0 1 69.80269 0.40855 15.33292 1.52672 1.84340 0.04388 1.18889 2.06258 4.01138 3.77899
135706 P 0 1 69.52275 0.42546 15.37987 1.60493 1.86614 0.04450 1.24968 2.14561 4.01355 3.74750
135707 P 0 1 69.15894 0.44852 15.43136 1.70503 1.90221 0.04562 1.32599 2.25129 4.01916 3.71188
135708 P 0 1 68.75293 0.47467 15.48299 1.80178 1.95155 0.04702 1.41372 2.37673 4.02522 3.67338
135709 P 0 1 68.41265 0.49610 15.52581 1.85837 2.00181 0.04816 1.49419 2.49673 4.02765 3.63853
135710 P 0 1 67.88983 0.53120 15.57867 2.00259 2.05560 0.04984 1.61119 2.65629 4.03288 3.59190
135711 P 0 1 67.34531 0.56710 15.63095 2.16022 2.10090 0.05114 1.74302 2.82956 4.03214 3.53966
135712 P 0 1 66.88091 0.59880 15.66634 2.31156 2.13480 0.05229 1.85434 2.97082 4.03170 3.49845
135713 P 0 1 66.64415 0.61379 15.68694 2.37040 2.15447 0.05265 1.91956 3.05635 4.02800 3.47370
135714 P 0 1 66.69889 0.60731 15.69314 2.29100 2.16694 0.05227 1.92285 3.07476 4.02269 3.47014
135715 P 0 1 66.87802 0.59132 15.69363 2.19253 2.15613 0.05118 1.89824 3.05041 4.01419 3.47434
135716 P 0 1 66.85416 0.59127 15.69780 2.07256 2.21826 0.05196 1.91622 3.11356 4.01504 3.46917
135717 P 0 1 67.04609 0.57387 15.69278 1.91513 2.24116 0.05138 1.88846 3.10729 4.00839 3.47545
135718 P 0 1 67.14903 0.56253 15.69395 1.81365 2.25619 0.05077 1.88141 3.11860 4.00027 3.47360
135719 P 0 1 67.30237 0.54959 15.68227 1.70123 2.27897 0.05058 1.85097 3.10365 3.99763 3.48276
135720 P 0 1 67.53783 0.53172 15.66157 1.59033 2.28526 0.05009 1.79734 3.05087 3.99482 3.50017
135721 P 0 1 68.11920 0.49363 15.59964 1.43965 2.24334 0.04874 1.65067 2.85760 3.99330 3.55422
135722 P 0 1 68.65383 0.45937 15.52644 1.28745 2.22228 0.04789 1.51517 2.68505 3.99325 3.60926
135723 P 0 1 69.08476 0.43622 15.46056 1.24468 2.15893 0.04704 1.40095 2.50686 3.99739 3.66261
135724 P 0 1 69.35473 0.42111 15.42337 1.22843 2.10315 0.04602 1.33737 2.39944 3.99493 3.69145
135725 P 0 1 68.87005 0.44523 15.48330 1.19253 2.24721 0.04818 1.45545 2.62452 3.99664 3.63687
135726 P 0 1 68.94921 0.44258 15.47406 1.21827 2.21218 0.04784 1.43329 2.57591 3.99849 3.64817
135727 P 0 1 68.72610 0.45654 15.50853 1.27500 2.22429 0.04823 1.48869 2.64980 3.99888 3.62395
135728 P 0 1 68.75381 0.45634 15.50607 1.30120 2.20154 0.04804 1.47954 2.62435 4.00021 3.62889
135729 P 0 1 68.77415 0.45636 15.50423 1.32493 2.18234 0.04788 1.47239 2.60356 4.00135 3.63282
135730 P 0 1 66.42192 0.59940 15.72915 1.60092 2.54712 0.05504 2.09154 3.55357 3.99810 3.40325
136015 P 0 1 74.18519 0.18752 13.73077 0.75095 1.33516 0.04086 0.31345 0.68029 4.04447 4.73134
136016 P 0 1 74.17092 0.18787 13.74665 0.74259 1.34356 0.04076 0.31754 0.68937 4.04153 4.71921
136017 P 0 1 73.97863 0.19595 13.83943 0.71430 1.42380 0.04200 0.34364 0.74949 4.04776 4.66500
136018 P 0 1 73.96352 0.19632 13.86017 0.71269 1.42527 0.04165 0.34908 0.75949 4.04257 4.64924
136019 P 0 1 73.91065 0.19864 13.88432 0.71055 1.44291 0.04193 0.35618 0.77483 4.04431 4.63568
136020 P 0 1 73.86942 0.20015 13.91027 0.70378 1.45850 0.04195 0.36388 0.79144 4.04235 4.61826
136021 P 0 1 73.82008 0.20234 13.93227 0.70303 1.47392 0.04220 0.37058 0.80568 4.04390 4.60601
136022 P 0 1 73.68395 0.20853 13.99948 0.71168 1.50451 0.04251 0.39099 0.84541 4.04520 4.56773
136023 P 0 1 73.64130 0.20986 14.03497 0.70713 1.51456 0.04216 0.40208 0.86692 4.03874 4.54229
136024 P 0 1 73.55395 0.21376 14.07338 0.70805 1.53897 0.04249 0.41503 0.89336 4.04047 4.52054
136025 P 0 1 73.49924 0.21611 14.09833 0.70690 1.55519 0.04267 0.42372 0.91130 4.04082 4.50573
136026 P 0 1 73.41748 0.22000 14.12630 0.70854 1.58014 0.04322 0.43400 0.93313 4.04538 4.49180
136027 P 0 1 73.26722 0.22771 14.18190 0.72979 1.60827 0.04391 0.45384 0.96982 4.05249 4.46505
136028 P 0 1 73.25525 0.22998 14.16124 0.75580 1.60095 0.04473 0.44612 0.95222 4.06592 4.48779
136029 P 0 1 73.17168 0.23390 14.19690 0.75942 1.62142 0.04498 0.45939 0.97819 4.06684 4.46728
136030 P 0 1 73.28711 0.22780 14.15428 0.74009 1.60222 0.04448 0.44402 0.95056 4.06162 4.48782
136031 P 0 1 73.23679 0.22916 14.19678 0.73397 1.61241 0.04391 0.45915 0.97922 4.05216 4.45646
136032 P 0 1 73.25014 0.22772 14.20257 0.72149 1.61416 0.04352 0.46143 0.98497 4.04591 4.44809
136033 P 0 1 73.15060 0.23181 14.25281 0.72125 1.63802 0.04351 0.48074 1.02248 4.04258 4.41619
136034 P 0 1 72.97044 0.23965 14.32636 0.71991 1.68836 0.04403 0.51159 1.08469 4.04296 4.37200
136035 P 0 1 72.76239 0.24913 14.41061 0.73043 1.73417 0.04444 0.54863 1.15509 4.04274 4.32237
136036 P 0 1 72.65851 0.25404 14.44981 0.73771 1.75587 0.04469 0.56685 1.18920 4.04343 4.29988
136037 P 0 1 72.57234 0.25833 14.47973 0.74608 1.77293 0.04497 0.58122 1.21566 4.04515 4.28359
136038 P 0 1 72.48680 0.26312 14.50282 0.75853 1.78990 0.04549 0.59279 1.23673 4.05029 4.27352
136039 P 0 1 72.43835 0.26583 14.52291 0.77248 1.78970 0.04546 0.60186 1.25002 4.05033 4.26307
136040 P 0 1 72.35154 0.27076 14.55103 0.79126 1.79887 0.04573 0.61562 1.27227 4.05335 4.24957
136041 P 0 1 72.26518 0.27497 14.58303 0.80011 1.81322 0.04584 0.63223 1.30165 4.05298 4.23079
136042 P 0 1 72.15764 0.28108 14.61672 0.82242 1.82534 0.04618 0.64987 1.33029 4.05632 4.21414
136043 P 0 1 72.09408 0.28445 14.63251 0.82575 1.84270 0.04658 0.65946 1.34925 4.05923 4.20598
136044 P 0 1 72.01457 0.28866 14.65693 0.83524 1.85704 0.04684 0.67343 1.37398 4.06076 4.19253
136045 P 0 1 71.90135 0.29438 14.69325 0.84536 1.87858 0.04712 0.69492 1.41247 4.06135 4.17121
136046 P 0 1 71.81990 0.29950 14.71654 0.86980 1.88232 0.04737 0.70800 1.43121 4.06461 4.16075
136047 P 0 1 71.70316 0.30483 14.75423 0.86987 1.91111 0.04761 0.73242 1.47735 4.06315 4.13627
136048 P 0 1 71.61377 0.30909 14.77868 0.86865 1.93664 0.04797 0.74955 1.51107 4.06383 4.12074
136049 P 0 1 71.67705 0.30578 14.75730 0.85837 1.93005 0.04794 0.73627 1.48945 4.06442 4.13337
136050 P 0 1 71.81389 0.29856 14.71531 0.84132 1.90803 0.04762 0.71007 1.44424 4.06339 4.15757
136051 P 0 1 72.04438 0.28574 14.64793 0.80516 1.87263 0.04682 0.67043 1.37663 4.05735 4.19293
136052 P 0 1 72.33542 0.26934 14.55930 0.75193 1.83370 0.04578 0.62304 1.29737 4.04753 4.23658
136053 P 0 1 72.47452 0.26185 14.52031 0.73585 1.80440 0.04504 0.60240 1.25916 4.04107 4.25541
136054 P 0 1 72.61749 0.25423 14.47072 0.71181 1.78551 0.04465 0.57875 1.21890 4.03738 4.28056
136055 P 0 1 72.57631 0.25865 14.48008 0.75820 1.76081 0.04484 0.58028 1.21003 4.04558 4.28520
136056 P 0 1 72.57980 0.25879 14.47751 0.76313 1.75654 0.04487 0.57874 1.20592 4.04673 4.28796
136057 P 0 1 72.56653 0.25974 14.48142 0.76991 1.75505 0.04492 0.58028 1.20729 4.04787 4.28698
136058 P 0 1 72.54400 0.26112 14.48911 0.77758 1.75508 0.04497 0.58363 1.21190 4.04887 4.28373
136059 P 0 1 72.51653 0.26273 14.49888 0.78575 1.75587 0.04502 0.58801 1.21830 4.04973 4.27919
136060 P 0 1 72.48668 0.26446 14.50963 0.79427 1.75693 0.04507 0.59289 1.22553 4.05052 4.27403
136061 P 0 1 72.40156 0.26770 14.53543 0.77651 1.79645 0.04556 0.60822 1.26145 4.05094 4.25618
136062 P 0 1 72.36731 0.26959 14.54736 0.78385 1.79961 0.04564 0.61403 1.27079 4.05169 4.25014
136063 P 0 1 72.33434 0.27026 14.56525 0.77419 1.81232 0.04548 0.62380 1.29112 4.04734 4.23590
136064 P 0 1 72.48740 0.26306 14.50810 0.76333 1.78261 0.04524 0.59458 1.23767 4.04809 4.26992
136065 P 0 1 72.69612 0.25247 14.42502 0.72969 1.75840 0.04506 0.55646 1.17306 4.04778 4.31595
136066 P 0 1 72.68677 0.25310 14.42803 0.73354 1.75794 0.04509 0.55765 1.17446 4.04845 4.31497
136067 P 0 1 72.67861 0.25366 14.43054 0.73717 1.75738 0.04512 0.55863 1.17552 4.04912 4.31425
136083 P 0 1 71.43156 0.32806 14.76478 0.98226 1.94657 0.05141 0.74236 1.48514 4.10908 4.15878
136084 P 0 1 71.36582 0.32998 14.79412 0.96838 1.96675 0.05117 0.76208 1.52337 4.10237 4.13596
136085 P 0 1 71.35633 0.32726 14.81548 0.93037 1.98388 0.05039 0.77706 1.55687 4.08907 4.11329
136086 P 0 1 71.29855 0.33087 14.82959 0.94324 1.99084 0.05063 0.78674 1.57222 4.09111 4.10620
136087 P 0 1 71.01964 0.34894 14.89179 1.00898 2.02515 0.05196 0.83190 1.64308 4.10271 4.07585
136088 P 0 1 71.18369 0.34109 14.84330 1.01035 1.98494 0.05166 0.79514 1.57491 4.10580 4.10912
136089 P 0 1 71.13552 0.34387 14.85590 1.01750 1.99272 0.05181 0.80424 1.59027 4.10645 4.10172
136090 P 0 1 71.10828 0.34539 14.86277 1.01964 1.99864 0.05192 0.80945 1.59964 4.10678 4.09749
136091 P 0 1 71.06738 0.34752 14.87427 1.02201 2.00716 0.05201 0.81808 1.61504 4.10653 4.09001
136092 P 0 1 71.14359 0.34268 14.85104 0.99492 2.00905 0.05202 0.80286 1.59480 4.10636 4.10268
136093 P 0 1 71.29556 0.33312 14.80780 0.95081 2.00283 0.05177 0.77448 1.55375 4.10412 4.12576
136094 P 0 1 71.50303 0.32012 14.74315 0.88750 1.99989 0.05159 0.73517 1.49789 4.10184 4.15982
136095 P 0 1 71.60921 0.31356 14.72530 0.87780 1.96955 0.05062 0.72171 1.47079 4.09406 4.16738
136096 P 0 1 71.58684 0.31505 14.74613 0.90521 1.94445 0.04990 0.73105 1.47695 4.08905 4.15536
136097 P 0 1 71.53938 0.31806 14.76516 0.92775 1.93634 0.04972 0.74132 1.48881 4.08816 4.14530
136098 P 0 1 71.50077 0.32046 14.77834 0.94212 1.93436 0.04969 0.74894 1.49876 4.08820 4.13836
136099 P 0 1 71.68656 0.31071 14.73264 0.94170 1.87951 0.04864 0.71663 1.43463 4.08329 4.16568
136100 P 0 1 71.71460 0.30931 14.72600 0.94390 1.86926 0.04845 0.71186 1.42441 4.08244 4.16977
136101 P 0 1 71.64370 0.31274 14.74968 0.94715 1.88387 0.04856 0.72682 1.45136 4.08145 4.15467
136102 P 0 1 71.61908 0.31272 14.77036 0.94019 1.88623 0.04803 0.73908 1.47269 4.07377 4.13786
136103 P 0 1 71.41314 0.32347 14.83996 0.97540 1.90634 0.04803 0.78363 1.54391 4.07053 4.09559
136104 P 0 1 71.41788 0.32307 14.84119 0.97612 1.90274 0.04788 0.78400 1.54358 4.06917 4.09437
136105 P 0 1 71.40471 0.32462 14.84299 0.99473 1.89413 0.04793 0.78424 1.53945 4.07141 4.09579
136106 P 0 1 71.44927 0.32353 14.82888 1.02127 1.86494 0.04772 0.77232 1.51039 4.07366 4.10800
136117 P 0 1 72.48949 0.26352 14.57328 0.85852 1.66954 0.04208 0.61507 1.23643 4.02272 4.22935
136118 P 0 1 72.50597 0.26272 14.56715 0.85673 1.66684 0.04205 0.61196 1.23102 4.02270 4.23286
136119 P 0 1 72.43621 0.26766 14.58402 0.89732 1.65886 0.04232 0.61912 1.23599 4.02898 4.22951
136120 P 0 1 72.48118 0.26087 14.58505 0.79334 1.71657 0.04207 0.62522 1.27151 4.01341 4.21077
136121 P 0 1 72.44488 0.26091 14.60487 0.76816 1.74142 0.04197 0.63740 1.30045 4.00721 4.19273
136122 P 0 1 72.51690 0.25662 14.58894 0.75375 1.72909 0.04146 0.62878 1.28577 4.00104 4.19764
136123 P 0 1 72.45803 0.26127 14.59221 0.77852 1.73472 0.04223 0.63043 1.28598 4.01246 4.20417
136124 P 0 1 72.57994 0.25597 14.53878 0.76730 1.71836 0.04236 0.60372 1.23988 4.01662 4.23707
136125 P 0 1 72.44623 0.26392 14.57194 0.79673 1.73782 0.04318 0.62059 1.26767 4.02663 4.22528
136126 P 0 1 72.42410 0.26629 14.55973 0.80431 1.74930 0.04404 0.61558 1.26059 4.03744 4.23861
136127 P 0 1 72.36477 0.26904 14.57638 0.80134 1.76951 0.04438 0.62530 1.28121 4.03920 4.22887
136128 P 0 1 72.36404 0.26858 14.59824 0.81671 1.74472 0.04342 0.63374 1.28803 4.02956 4.21296
136129 P 0 1 72.22294 0.27489 14.64185 0.81111 1.78797 0.04400 0.65954 1.34031 4.03111 4.18628
136130 P 0 1 72.11220 0.27816 14.69279 0.79533 1.81924 0.04372 0.68957 1.39879 4.02152 4.14868
136131 P 0 1 72.01543 0.28183 14.73152 0.79358 1.83982 0.04363 0.71301 1.44205 4.01676 4.12239
136132 P 0 1 71.89982 0.28588 14.76899 0.77801 1.87994 0.04386 0.73893 1.49599 4.01328 4.09531
136133 P 0 1 71.69739 0.29511 14.82934 0.78499 1.92496 0.04434 0.78032 1.57272 4.01291 4.05792
136134 P 0 1 71.58253 0.29909 14.86309 0.77105 1.96366 0.04456 0.80666 1.62719 4.00939 4.03276
136135 P 0 1 71.37167 0.30749 14.92136 0.76233 2.02210 0.04501 0.85339 1.71896 4.00571 3.99198
136136 P 0 1 71.32436 0.30814 14.94010 0.75136 2.03703 0.04478 0.86887 1.75004 3.99966 3.97566
136137 P 0 1 71.24865 0.31329 14.96655 0.78328 2.02512 0.04471 0.88560 1.76795 4.00077 3.96408
136138 P 0 1 71.25569 0.31248 14.96978 0.78225 2.01989 0.04445 0.88728 1.76963 3.99775 3.96082
136139 P 0 1 71.37692 0.30731 14.94106 0.78622 1.98493 0.04403 0.86192 1.71933 3.99781 3.98048
136140 P 0 1 71.46883 0.30329 14.91690 0.78583 1.96242 0.04380 0.84224 1.68213 3.99822 3.99635
136141 P 0 1 71.60083 0.29782 14.88088 0.78969 1.92686 0.04347 0.81359 1.62656 3.99958 4.02073
136142 P 0 1 71.98197 0.28125 14.76566 0.78472 1.83877 0.04269 0.73262 1.47542 4.00277 4.09413
136143 P 0 1 72.10524 0.27657 14.72311 0.79244 1.80464 0.04254 0.70488 1.42125 4.00627 4.12307
136144 P 0 1 72.31709 0.26817 14.64817 0.80348 1.74630 0.04219 0.65919 1.33215 4.01081 4.17245
136145 P 0 1 72.50385 0.26010 14.58203 0.80467 1.69906 0.04176 0.62218 1.26130 4.01186 4.21319
136146 P 0 1 72.56736 0.25761 14.57685 0.83695 1.64829 0.04074 0.61522 1.23509 4.00525 4.21664
136147 P 0 1 72.51307 0.26090 14.61374 0.89263 1.61079 0.03988 0.62951 1.24326 3.99927 4.19696
136148 P 0 1 72.34846 0.26963 14.67686 0.95006 1.60705 0.03974 0.66061 1.28497 3.99883 4.16378
136149 P 0 1 72.12071 0.28185 14.74824 1.00535 1.62701 0.04021 0.70044 1.34540 4.00355 4.12723
136150 P 0 1 71.80007 0.29903 14.84134 1.06751 1.66734 0.04105 0.75840 1.43725 4.01017 4.07783
136151 P 0 1 71.50729 0.31503 14.92108 1.12692 1.70256 0.04181 0.81300 1.52223 4.01555 4.03453
136152 P 0 1 71.19493 0.33235 15.00229 1.19516 1.73614 0.04252 0.87366 1.61416 4.01981 3.98898
136153 P 0 1 70.94614 0.34532 15.07430 1.25639 1.75006 0.04250 0.93008 1.69458 4.01601 3.94461
136154 P 0 1 70.69440 0.36033 15.12794 1.32994 1.76966 0.04315 0.97761 1.76113 4.02114 3.91470
136155 P 0 1 70.44527 0.37382 15.18983 1.39533 1.78403 0.04326 1.03451 1.84024 4.01840 3.87530
136156 P 0 1 70.15769 0.39061 15.24870 1.47705 1.80460 0.04377 1.09515 1.92378 4.02009 3.83858
136157 P 0 1 69.86831 0.40831 15.29947 1.56217 1.82840 0.04451 1.15372 2.00425 4.02422 3.80663
136158 P 0 1 69.61106 0.42425 15.34103 1.62764 1.85640 0.04530 1.20679 2.07999 4.02821 3.77933
136159 P 0 1 69.25986 0.44623 15.39432 1.71711 1.89427 0.04635 1.28130 2.18555 4.03261 3.74240
136160 P 0 1 68.89558 0.46977 15.44279 1.81170 1.93511 0.04756 1.35834 2.29432 4.03786 3.70696
136161 P 0 1 68.52826 0.49292 15.49237 1.93353 1.95665 0.04823 1.44161 2.40143 4.03760 3.66740
136162 P 0 1 68.08113 0.52168 15.54536 2.03886 2.00734 0.04949 1.54666 2.54866 4.03898 3.62185
136163 P 0 1 67.70114 0.54604 15.58739 2.12970 2.04709 0.05041 1.64033 2.67751 4.03790 3.58250
136164 P 0 1 67.45518 0.56082 15.61697 2.16720 2.07732 0.05085 1.70895 2.77509 4.03409 3.55353
136165 P 0 1 67.36379 0.56436 15.63516 2.13585 2.10119 0.05082 1.74679 2.83749 4.02831 3.53624
136166 P 0 1 67.33981 0.56174 15.65296 2.09199 2.10759 0.05013 1.77541 2.88291 4.01754 3.51992
136167 P 0 1 67.14500 0.57237 15.67376 2.00979 2.18731 0.05125 1.83906 3.00784 4.01669 3.49693
136168 P 0 1 67.18076 0.56351 15.68767 1.88859 2.21653 0.05056 1.86096 3.06491 4.00394 3.48258
136169 P 0 1 67.15409 0.56080 15.69787 1.80504 2.25291 0.05046 1.88662 3.12567 3.99667 3.46985
136170 P 0 1 67.17638 0.55593 15.69835 1.71628 2.28993 0.05055 1.89228 3.16153 3.99291 3.46588
136171 P 0 1 67.29744 0.54529 15.68796 1.62258 2.31254 0.05043 1.86788 3.15251 3.99049 3.47288
136172 P 0 1 68.08046 0.49434 15.60421 1.41470 2.26489 0.04888 1.66458 2.88922 3.99122 3.54750
136173 P 0 1 68.75084 0.45057 15.50872 1.20879 2.25227 0.04794 1.49430 2.67975 3.99057 3.61625
136174 P 0 1 69.21165 0.42557 15.43625 1.15550 2.18958 0.04706 1.37390 2.49348 3.99415 3.67287
136175 P 0 1 69.47157 0.41472 15.38824 1.17000 2.13043 0.04673 1.29935 2.36241 4.00221 3.71436
136176 P 0 1 68.93305 0.44078 15.47363 1.17013 2.24742 0.04805 1.44102 2.60782 3.99554 3.64256
136177 P 0 1 68.69573 0.45939 15.49872 1.25410 2.26101 0.04923 1.48482 2.66010 4.00680 3.63009
136178 P 0 1 68.71888 0.46012 15.49645 1.28929 2.23448 0.04908 1.47527 2.63111 4.00933 3.63599
136179 P 0 1 68.79237 0.45383 15.50095 1.29178 2.19822 0.04793 1.47061 2.61208 3.99971 3.63251
136180 P 0 1 68.80664 0.45427 15.49994 1.31747 2.17918 0.04778 1.46486 2.59299 4.00096 3.63591
136181 P 0 1 68.81652 0.45476 15.49921 1.34015 2.16326 0.04767 1.46039 2.57743 4.00200 3.63862
136467 P 0 1 74.12496 0.19037 13.76991 0.76862 1.33640 0.04066 0.32264 0.69518 4.04278 4.70849
136468 P 0 1 74.15974 0.18734 13.77074 0.70564 1.37150 0.04065 0.32465 0.70907 4.03418 4.69648
136469 P 0 1 73.85359 0.20223 13.89625 0.73947 1.44065 0.04239 0.35898 0.77669 4.05288 4.63687
136470 P 0 1 73.86553 0.20122 13.89767 0.72599 1.44592 0.04224 0.35970 0.78003 4.04928 4.63243
136471 P 0 1 73.94242 0.19682 13.88170 0.70472 1.43438 0.04144 0.35520 0.77241 4.03812 4.63280
136472 P 0 1 73.88619 0.19901 13.91486 0.69929 1.45316 0.04151 0.36496 0.79300 4.03653 4.61149
136473 P 0 1 73.72577 0.20632 13.99649 0.71329 1.48521 0.04179 0.38923 0.83914 4.03757 4.56519
136474 P 0 1 73.62691 0.21100 14.03031 0.71409 1.51703 0.04254 0.40070 0.86414 4.04421 4.54906
136475 P 0 1 73.53202 0.21591 14.07208 0.73559 1.52642 0.04275 0.41366 0.88597 4.04723 4.52838
136476 P 0 1 73.37514 0.22332 14.13419 0.74130 1.56884 0.04351 0.43558 0.93030 4.05273 4.49508
136477 P 0 1 73.33753 0.22499 14.14684 0.73724 1.58435 0.04380 0.44062 0.94205 4.05453 4.48805
136478 P 0 1 73.19836 0.23393 14.17070 0.78299 1.60095 0.04527 0.44905 0.95431 4.07463 4.48981
136479 P 0 1 73.27928 0.22966 14.13998 0.76941 1.58750 0.04494 0.43817 0.93476 4.07130 4.50500
136480 P 0 1 73.33273 0.22659 14.12736 0.75963 1.57604 0.04444 0.43352 0.92589 4.06549 4.50830
136481 P 0 1 73.08770 0.23862 14.23139 0.78498 1.62419 0.04510 0.47145 0.99653 4.06934 4.45070
136482 P 0 1 73.17711 0.23216 14.22247 0.74373 1.62060 0.04402 0.46851 0.99563 4.05306 4.44272
136483 P 0 1 73.17151 0.23210 14.23126 0.74125 1.62132 0.04381 0.47171 1.00157 4.04997 4.43551
136484 P 0 1 73.01285 0.23976 14.29169 0.75183 1.65851 0.04442 0.49597 1.04846 4.05393 4.40257
136485 P 0 1 72.83288 0.24777 14.37345 0.76083 1.69505 0.04450 0.53016 1.11231 4.05044 4.35261
136486 P 0 1 72.72646 0.25277 14.41313 0.76517 1.72084 0.04484 0.54824 1.14724 4.05161 4.32970
136487 P 0 1 72.64762 0.25594 14.44465 0.75882 1.74628 0.04502 0.56359 1.17890 4.05015 4.30904
136488 P 0 1 72.60539 0.25813 14.45832 0.76348 1.75486 0.04520 0.57012 1.19094 4.05158 4.30199
136489 P 0 1 72.52457 0.26245 14.48577 0.77654 1.76696 0.04546 0.58304 1.21331 4.05390 4.28799
136490 P 0 1 72.44534 0.26684 14.51169 0.79147 1.77744 0.04573 0.59546 1.23419 4.05659 4.27523
136491 P 0 1 72.36765 0.27122 14.53641 0.80698 1.78726 0.04601 0.60757 1.25430 4.05939 4.26323
136492 P 0 1 72.29206 0.27478 14.56486 0.81187 1.80213 0.04611 0.62231 1.28120 4.05870 4.24599
136493 P 0 1 72.19678 0.28021 14.59432 0.83140 1.81368 0.04644 0.63753 1.30616 4.06194 4.23154
136494 P 0 1 72.15232 0.28257 14.60368 0.83112 1.82907 0.04682 0.64354 1.31925 4.06472 4.22691
136495 P 0 1 72.10049 0.28533 14.61914 0.83664 1.83952 0.04703 0.65223 1.33502 4.06608 4.21853
136496 P 0 1 71.99141 0.29140 14.65269 0.85530 1.85501 0.04737 0.67085 1.36641 4.06870 4.20088
136497 P 0 1 72.01723 0.29021 14.64474 0.85630 1.84717 0.04727 0.66596 1.35658 4.06861 4.20593
136498 P 0 1 71.96694 0.29215 14.66007 0.84632 1.86877 0.04749 0.67609 1.37917 4.06807 4.19492
136499 P 0 1 72.01796 0.28898 14.64112 0.82697 1.87217 0.04753 0.66659 1.36688 4.06758 4.20423
136500 P 0 1 72.11668 0.28370 14.60853 0.81210 1.85801 0.04730 0.64869 1.33634 4.06639 4.22225
136501 P 0 1 72.19838 0.27936 14.58250 0.80167 1.84386 0.04705 0.63455 1.31136 4.06481 4.23646
136502 P 0 1 72.36218 0.27054 14.53028 0.77844 1.81655 0.04648 0.60737 1.26363 4.06058 4.26394
136503 P 0 1 72.51862 0.26108 14.48780 0.74256 1.79675 0.04561 0.58672 1.23004 4.05029 4.28054
136504 P 0 1 72.64149 0.25448 14.44720 0.72342 1.77745 0.04515 0.56754 1.19646 4.04609 4.30072
136505 P 0 1 72.77565 0.24687 14.39763 0.69038 1.76920 0.04486 0.54636 1.16338 4.04171 4.32395
136506 P 0 1 72.69243 0.25336 14.42792 0.74624 1.74466 0.04494 0.55646 1.16819 4.04885 4.31694
136507 P 0 1 72.68010 0.25409 14.43320 0.75081 1.74382 0.04493 0.55859 1.17104 4.04900 4.31441
136508 P 0 1 72.65247 0.25559 14.44423 0.75747 1.74534 0.04495 0.56336 1.17851 4.04934 4.30874
136509 P 0 1 72.61734 0.25747 14.45813 0.76517 1.74793 0.04498 0.56950 1.18836 4.04968 4.30143
136510 P 0 1 72.57917 0.25951 14.47313 0.77349 1.75080 0.04502 0.57622 1.19913 4.05003 4.29351
136511 P 0 1 72.54036 0.26161 14.48818 0.78230 1.75348 0.04505 0.58303 1.20993 4.05043 4.28562
136512 P 0 1 72.49810 0.26415 14.49878 0.79143 1.75999 0.04533 0.58821 1.21865 4.05361 4.28175
136513 P 0 1 72.40938 0.26729 14.53166 0.77425 1.79682 0.04559 0.60650 1.25896 4.05122 4.25833
136514 P 0 1 72.37019 0.26944 14.54554 0.78244 1.80047 0.04567 0.61325 1.26985 4.05196 4.25119
136515 P 0 1 72.33334 0.27029 14.56500 0.77320 1.81375 0.04551 0.62381 1.29157 4.04753 4.23601
136516 P 0 1 72.57663 0.25814 14.48137 0.74920 1.76738 0.04482 0.58149 1.21461 4.04393 4.28244
136517 P 0 1 72.70354 0.25212 14.42131 0.72827 1.75810 0.04508 0.55488 1.17050 4.04807 4.31814
136518 P 0 1 72.69412 0.25275 14.42428 0.73225 1.75759 0.04512 0.55604 1.17183 4.04879 4.31724
136534 P 0 1 71.50893 0.32198 14.75166 0.94636 1.94615 0.05085 0.73447 1.47708 4.10159 4.16092
136535 P 0 1 71.52528 0.31775 14.76684 0.90338 1.96022 0.04997 0.74488 1.50322 4.08731 4.14116
136536 P 0 1 71.49382 0.31986 14.77391 0.91225 1.96324 0.05014 0.74940 1.50997 4.08915 4.13828
136537 P 0 1 71.53562 0.32105 14.74497 0.95727 1.93010 0.05066 0.72894 1.46320 4.10179 4.16641
136538 P 0 1 71.49977 0.32319 14.75466 0.96434 1.93494 0.05078 0.73510 1.47329 4.10271 4.16123
136539 P 0 1 71.41486 0.32825 14.77663 0.97905 1.94840 0.05113 0.74957 1.49768 4.10507 4.14935
136540 P 0 1 71.33458 0.33285 14.80068 0.99460 1.95733 0.05127 0.76519 1.52277 4.10539 4.13535
136541 P 0 1 71.36297 0.33124 14.78939 0.98451 1.95958 0.05138 0.75850 1.51380 4.10651 4.14212
136542 P 0 1 71.47716 0.32494 14.75297 0.96500 1.94623 0.05127 0.73531 1.47591 4.10718 4.16403
136543 P 0 1 71.61154 0.31683 14.71646 0.93728 1.92895 0.05079 0.71249 1.43878 4.10355 4.18334
136544 P 0 1 71.83072 0.30351 14.65506 0.88755 1.90427 0.05001 0.67654 1.38127 4.09665 4.21443
136545 P 0 1 72.13567 0.28489 14.56918 0.81666 1.86975 0.04872 0.63003 1.30666 4.08369 4.25475
136546 P 0 1 72.27519 0.27629 14.54120 0.79438 1.83835 0.04752 0.61412 1.27693 4.07180 4.26422
136547 P 0 1 72.09542 0.28692 14.59925 0.83928 1.85222 0.04800 0.64326 1.32224 4.07736 4.23604
136548 P 0 1 71.94601 0.29572 14.64513 0.87370 1.86694 0.04845 0.66788 1.36133 4.08173 4.21311
136549 P 0 1 72.00180 0.29334 14.63354 0.88941 1.83592 0.04790 0.65899 1.33825 4.07963 4.22120
136550 P 0 1 71.97534 0.29505 14.64269 0.90083 1.83387 0.04790 0.66350 1.34376 4.08017 4.21691
136551 P 0 1 71.96824 0.29560 14.64571 0.90724 1.83043 0.04786 0.66474 1.34426 4.08023 4.21570
136552 P 0 1 71.97287 0.29547 14.64494 0.91074 1.82610 0.04779 0.66394 1.34160 4.08008 4.21647
136553 P 0 1 71.94727 0.29662 14.65970 0.91893 1.82259 0.04753 0.67132 1.35191 4.07726 4.20688
136554 P 0 1 71.96160 0.29592 14.65623 0.92037 1.81701 0.04743 0.66898 1.34677 4.07673 4.20896
136555 P 0 1 71.55441 0.31545 14.80484 0.95741 1.87941 0.04741 0.75891 1.50079 4.06652 4.11484
136556 P 0 1 71.55018 0.31559 14.80849 0.96005 1.87686 0.04730 0.76085 1.50298 4.06537 4.11234
136557 P 0 1 71.53073 0.31754 14.81181 0.98088 1.86843 0.04737 0.76201 1.50011 4.06795 4.11317
136568 P 0 1 72.54090 0.26095 14.55744 0.85536 1.65739 0.04185 0.60664 1.22058 4.02110 4.23779
136569 P 0 1 72.54472 0.26076 14.55565 0.85409 1.65760 0.04186 0.60583 1.21946 4.02123 4.23880
136570 P 0 1 72.53881 0.26105 14.55671 0.85320 1.66037 0.04193 0.60655 1.22132 4.02174 4.23832
136571 P 0 1 72.48571 0.26049 14.58569 0.79173 1.71537 0.04197 0.62546 1.27188 4.01213 4.20959
136572 P 0 1 72.47766 0.25877 14.59419 0.75405 1.74393 0.04190 0.63258 1.29509 4.00534 4.19649
136573 P 0 1 72.37041 0.26249 14.63966 0.74647 1.77191 0.04183 0.65802 1.34433 3.99969 4.16519
136574 P 0 1 72.56164 0.25210 14.58563 0.71534 1.74143 0.04095 0.62898 1.29461 3.99012 4.18919
136575 P 0 1 72.50433 0.25671 14.58173 0.73275 1.75628 0.04201 0.62791 1.29311 4.00446 4.20071
136576 P 0 1 72.33675 0.26855 14.61577 0.79890 1.76072 0.04322 0.64404 1.31086 4.02371 4.19749
136577 P 0 1 72.29936 0.27172 14.60950 0.80865 1.77430 0.04409 0.64194 1.30876 4.03439 4.20731
136578 P 0 1 72.23057 0.27490 14.62994 0.80725 1.79489 0.04440 0.65408 1.33329 4.03559 4.19510
136579 P 0 1 72.26292 0.27245 14.64556 0.81862 1.76124 0.04315 0.65898 1.33275 4.02300 4.18132
136580 P 0 1 72.15421 0.27643 14.69134 0.81282 1.78705 0.04304 0.68551 1.38259 4.01710 4.14991
136581 P 0 1 72.02008 0.28233 14.73088 0.80798 1.82687 0.04355 0.71116 1.43392 4.01801 4.12521
136582 P 0 1 71.94351 0.28537 14.76129 0.80963 1.84036 0.04345 0.72984 1.46716 4.01440 4.10498
136583 P 0 1 71.83919 0.28920 14.79309 0.79612 1.87685 0.04373 0.75261 1.51467 4.01224 4.08231
136584 P 0 1 71.76453 0.29170 14.81872 0.78755 1.89957 0.04377 0.77085 1.55104 4.00876 4.06351
136585 P 0 1 71.55846 0.30158 14.87634 0.79996 1.94217 0.04433 0.81222 1.62603 4.00999 4.02893
136586 P 0 1 71.28220 0.31396 14.94843 0.80154 2.01101 0.04512 0.87022 1.73607 4.00954 3.98192
136587 P 0 1 71.26281 0.31374 14.95893 0.79311 2.01756 0.04489 0.87883 1.75321 4.00485 3.97208
136588 P 0 1 71.25308 0.31431 14.96518 0.79953 2.01191 0.04474 0.88247 1.75649 4.00367 3.96862
136589 P 0 1 71.32133 0.31187 14.94813 0.80795 1.98830 0.04455 0.86692 1.72407 4.00515 3.98172
136590 P 0 1 71.35543 0.31077 14.94095 0.81602 1.97239 0.04439 0.85964 1.70699 4.00559 3.98783
136591 P 0 1 71.46259 0.30616 14.91279 0.81817 1.94405 0.04410 0.83653 1.66257 4.00629 4.00675
136592 P 0 1 71.80830 0.29099 14.81196 0.81557 1.86262 0.04335 0.76220 1.52384 4.00925 4.07192
136593 P 0 1 71.95174 0.28476 14.76791 0.81648 1.82671 0.04302 0.73219 1.46687 4.01027 4.10006
136594 P 0 1 72.03811 0.28165 14.73606 0.82416 1.80259 0.04299 0.71147 1.42662 4.01399 4.12236
136595 P 0 1 72.17376 0.27680 14.68592 0.84124 1.75973 0.04284 0.67975 1.36314 4.01927 4.15755
136596 P 0 1 72.28534 0.27193 14.65370 0.85154 1.72078 0.04229 0.65925 1.32003 4.01755 4.17759
136597 P 0 1 72.30896 0.27130 14.65564 0.87858 1.68867 0.04168 0.65720 1.30624 4.01413 4.17759
136598 P 0 1 72.28840 0.27288 14.67515 0.92055 1.65575 0.04099 0.66413 1.30487 4.00971 4.16758
136599 P 0 1 72.18255 0.27870 14.71659 0.96630 1.64580 0.04076 0.68499 1.33010 4.00848 4.14574
136600 P 0 1 71.99960 0.28876 14.77426 1.01980 1.65456 0.04100 0.71769 1.37690 4.01137 4.11606
136601 P 0 1 71.78098 0.30063 14.83964 1.07317 1.67311 0.04139 0.75807 1.43743 4.01449 4.08109
136602 P 0 1 71.56650 0.31254 14.89905 1.12639 1.69232 0.04185 0.79760 1.49633 4.01818 4.04924
136603 P 0 1 71.35910 0.32359 14.96204 1.18560 1.70049 0.04187 0.84094 1.55705 4.01671 4.01261
136604 P 0 1 71.20457 0.33198 15.00721 1.23927 1.70079 0.04181 0.87341 1.59950 4.01525 3.98621
136605 P 0 1 71.00587 0.34261 15.05912 1.27440 1.72527 0.04218 0.91551 1.66429 4.01575 3.95501
136606 P 0 1 70.77334 0.35603 15.11245 1.34144 1.74182 0.04264 0.96120 1.72817 4.01859 3.92433
136607 P 0 1 70.54181 0.36997 15.15839 1.40558 1.76396 0.04333 1.00467 1.79024 4.02383 3.89820
136608 P 0 1 70.32093 0.38320 15.20250 1.47566 1.77819 0.04380 1.04821 1.84913 4.02665 3.87173
136609 P 0 1 70.02912 0.40162 15.25132 1.56844 1.80295 0.04475 1.10224 1.92315 4.03372 3.84268
136610 P 0 1 69.67725 0.42273 15.31486 1.65586 1.83896 0.04560 1.17757 2.03057 4.03625 3.80034
136611 P 0 1 69.41232 0.43930 15.35649 1.73213 1.86320 0.04632 1.23260 2.10654 4.03925 3.77184
136612 P 0 1 69.15851 0.45396 15.40206 1.80306 1.87950 0.04654 1.29376 2.18855 4.03617 3.73790
136613 P 0 1 68.78709 0.47684 15.45685 1.87996 1.92526 0.04755 1.37997 2.31310 4.03735 3.69604
136614 P 0 1 68.46782 0.49821 15.49261 1.97225 1.95884 0.04865 1.44694 2.40516 4.04207 3.66744
136615 P 0 1 68.21208 0.51301 15.53145 2.00026 1.99547 0.04912 1.51702 2.50904 4.03830 3.63425
136616 P 0 1 68.03901 0.52175 15.56195 1.98933 2.02862 0.04930 1.57311 2.59719 4.03246 3.60729
136617 P 0 1 67.84740 0.52982 15.60020 1.97687 2.05698 0.04905 1.64339 2.70292 4.02098 3.57239
136618 P 0 1 67.62024 0.54137 15.62993 1.88698 2.14599 0.05016 1.71785 2.84668 4.01835 3.54244
136619 P 0 1 67.48226 0.54434 15.66055 1.83292 2.18013 0.04976 1.78138 2.95232 4.00485 3.51148
136620 P 0 1 67.31917 0.54926 15.68743 1.77274 2.22865 0.04975 1.84787 3.06915 3.99408 3.48189
136621 P 0 1 67.30255 0.54702 15.69329 1.71040 2.25750 0.04972 1.86457 3.11253 3.98908 3.47334
136622 P 0 1 67.64384 0.52412 15.65986 1.59787 2.24624 0.04912 1.77744 3.00779 3.98934 3.50437
136623 P 0 1 68.23533 0.48571 15.58710 1.40727 2.23482 0.04839 1.62356 2.82214 3.99171 3.56396
136624 P 0 1 68.84166 0.44895 15.49817 1.26204 2.19930 0.04756 1.46532 2.61017 3.99492 3.63191
136625 P 0 1 69.28018 0.42525 15.41699 1.18293 2.16819 0.04738 1.34462 2.43852 4.00332 3.69261
136626 P 0 1 69.54489 0.41000 15.37942 1.15921 2.11656 0.04633 1.28514 2.33911 3.99949 3.71987
136627 P 0 1 69.91740 0.39360 15.29312 1.14183 2.06412 0.04645 1.17730 2.16622 4.01378 3.78618
136628 P 0 1 68.73970 0.45700 15.49352 1.25361 2.25057 0.04905 1.47403 2.64109 4.00665 3.63478
136629 P 0 1 68.75889 0.45788 15.49151 1.28767 2.22586 0.04893 1.46545 2.61436 4.00918 3.64027
136630 P 0 1 68.77069 0.45887 15.49014 1.31851 2.20514 0.04884 1.45903 2.59290 4.01133 3.64455
136631 P 0 1 68.83815 0.45246 15.49597 1.31511 2.17305 0.04767 1.45724 2.58044 4.00073 3.63918
136632 P 0 1 68.84384 0.45318 15.49573 1.33789 2.15810 0.04757 1.45378 2.56665 4.00181 3.64146
136919 P 0 1 74.02123 0.19377 13.82495 0.70732 1.41512 0.04168 0.33969 0.74187 4.04389 4.67047
136920 P 0 1 73.80735 0.20440 13.90935 0.73460 1.46110 0.04293 0.36340 0.78799 4.05752 4.63137
136921 P 0 1 73.77884 0.20537 13.93047 0.72925 1.47124 0.04284 0.36967 0.80106 4.05475 4.61652
136922 P 0 1 73.74670 0.20668 13.94790 0.72606 1.48241 0.04291 0.37505 0.81252 4.05429 4.60548
136923 P 0 1 73.64133 0.21225 13.99005 0.75052 1.49502 0.04333 0.38739 0.83368 4.06007 4.58635
136924 P 0 1 73.60558 0.21354 14.00839 0.74003 1.51327 0.04350 0.39370 0.84858 4.05947 4.57393
136925 P 0 1 73.46316 0.22010 14.08236 0.75316 1.53942 0.04357 0.41732 0.89255 4.05802 4.53033
136926 P 0 1 73.43740 0.22105 14.09464 0.74682 1.55163 0.04369 0.42188 0.90309 4.05769 4.52211
136927 P 0 1 73.43643 0.22090 14.09798 0.74318 1.55376 0.04362 0.42308 0.90592 4.05623 4.51889
136928 P 0 1 73.48474 0.21835 14.07998 0.73425 1.54614 0.04339 0.41711 0.89527 4.05361 4.52716
136929 P 0 1 73.24135 0.23198 14.15477 0.78682 1.58465 0.04499 0.44278 0.94040 4.07323 4.49902
136930 P 0 1 73.24450 0.23172 14.15407 0.78368 1.58604 0.04498 0.44265 0.94073 4.07277 4.49886
136931 P 0 1 73.27233 0.23023 14.14246 0.77718 1.58332 0.04492 0.43870 0.93416 4.07198 4.50472
136932 P 0 1 73.06750 0.23817 14.27053 0.77691 1.62237 0.04404 0.48560 1.02140 4.05484 4.41865
136933 P 0 1 73.11268 0.23578 14.24619 0.76096 1.62558 0.04422 0.47708 1.00922 4.05615 4.43215
136934 P 0 1 73.01491 0.24062 14.28296 0.76931 1.64724 0.04461 0.49180 1.03722 4.05889 4.41245
136935 P 0 1 72.83380 0.24928 14.35971 0.78616 1.68083 0.04489 0.52339 1.09502 4.05882 4.36809
136936 P 0 1 72.78561 0.25100 14.38092 0.77681 1.70028 0.04499 0.53335 1.11665 4.05708 4.35331
136937 P 0 1 72.71979 0.25359 14.41368 0.77529 1.71539 0.04489 0.54796 1.14443 4.05347 4.33152
136938 P 0 1 72.67444 0.25572 14.43145 0.77809 1.72497 0.04498 0.55613 1.15967 4.05347 4.32108
136939 P 0 1 72.59532 0.26071 14.44997 0.79969 1.73465 0.04556 0.56456 1.17290 4.06076 4.31588
136940 P 0 1 72.51965 0.26481 14.47535 0.81232 1.74617 0.04582 0.57643 1.19341 4.06308 4.30297
136941 P 0 1 72.45291 0.26780 14.49968 0.81058 1.76534 0.04602 0.58883 1.21813 4.06291 4.28781
136942 P 0 1 72.38091 0.27111 14.52769 0.81355 1.78082 0.04611 0.60291 1.24433 4.06200 4.27056
136943 P 0 1 72.28657 0.27654 14.55684 0.83392 1.79199 0.04646 0.61741 1.26800 4.06564 4.25663
136944 P 0 1 72.24887 0.27862 14.56323 0.83343 1.80631 0.04686 0.62167 1.27798 4.06893 4.25409
136945 P 0 1 72.20642 0.28100 14.57507 0.83932 1.81456 0.04708 0.62806 1.28946 4.07077 4.24825
136946 P 0 1 72.15146 0.28380 14.59252 0.84329 1.82674 0.04728 0.63767 1.30732 4.07165 4.23826
136947 P 0 1 72.12126 0.28590 14.60047 0.85608 1.82608 0.04741 0.64148 1.31180 4.07381 4.23571
136948 P 0 1 72.18337 0.28239 14.58012 0.84288 1.81957 0.04726 0.63093 1.29475 4.07247 4.24627
136949 P 0 1 72.20851 0.28079 14.56751 0.82834 1.82682 0.04743 0.62550 1.28908 4.07327 4.25275
136950 P 0 1 72.37690 0.27170 14.50824 0.79894 1.80572 0.04709 0.59600 1.23947 4.07107 4.28487
136951 P 0 1 72.50469 0.26457 14.46492 0.77376 1.79037 0.04671 0.57553 1.20534 4.06743 4.30669
136952 P 0 1 72.57228 0.26085 14.44297 0.76263 1.77969 0.04644 0.56524 1.18737 4.06495 4.31756
136953 P 0 1 72.74013 0.25131 14.38999 0.72938 1.75659 0.04569 0.54157 1.14721 4.05663 4.34150
136954 P 0 1 72.85291 0.24452 14.35342 0.69808 1.74908 0.04521 0.52665 1.12451 4.04971 4.35591
136955 P 0 1 72.92127 0.24070 14.33083 0.68460 1.73996 0.04490 0.51730 1.10857 4.04606 4.36581
136956 P 0 1 73.01351 0.23516 14.29637 0.65609 1.73883 0.04465 0.50439 1.08995 4.04122 4.37983
136957 P 0 1 72.95232 0.23975 14.31853 0.69246 1.72452 0.04479 0.51132 1.09435 4.04703 4.37493
136958 P 0 1 72.89586 0.24257 14.34671 0.70464 1.72642 0.04467 0.52235 1.11210 4.04572 4.35897
136959 P 0 1 72.86401 0.24398 14.36213 0.70754 1.73108 0.04463 0.52880 1.12367 4.04465 4.34952
136960 P 0 1 72.69069 0.25384 14.42633 0.75279 1.74089 0.04501 0.55541 1.16481 4.05061 4.31962
136961 P 0 1 72.64099 0.25633 14.44722 0.76110 1.74612 0.04502 0.56466 1.18037 4.05033 4.30785
136962 P 0 1 72.59303 0.25879 14.46690 0.77004 1.75055 0.04504 0.57349 1.19494 4.05026 4.29697
136963 P 0 1 72.54339 0.26163 14.48135 0.77959 1.75809 0.04529 0.58035 1.20666 4.05300 4.29065
136964 P 0 1 72.47987 0.26347 14.51928 0.77373 1.77121 0.04487 0.59870 1.24094 4.04495 4.26299
136965 P 0 1 72.40545 0.26744 14.53266 0.77336 1.79881 0.04562 0.60715 1.26056 4.05131 4.25764
136966 P 0 1 72.36330 0.26859 14.55402 0.76556 1.81244 0.04548 0.61852 1.28353 4.04703 4.24152
136967 P 0 1 72.47834 0.26292 14.51572 0.75672 1.78793 0.04511 0.59862 1.24647 4.04516 4.26302
136968 P 0 1 72.71847 0.25123 14.41537 0.72330 1.75845 0.04507 0.55246 1.16713 4.04765 4.32086
136969 P 0 1 72.70778 0.25194 14.41878 0.72770 1.75794 0.04511 0.55380 1.16870 4.04846 4.31979
136970 P 0 1 72.69891 0.25256 14.42144 0.73171 1.75730 0.04515 0.55482 1.16976 4.04923 4.31910
136985 P 0 1 71.65391 0.31051 14.72856 0.88199 1.94286 0.04966 0.72083 1.46319 4.08578 4.16271
136986 P 0 1 71.88938 0.29968 14.65193 0.88641 1.87945 0.04910 0.67256 1.36985 4.08860 4.21305
136987 P 0 1 71.70838 0.31147 14.69197 0.93126 1.90431 0.05026 0.69643 1.40816 4.10056 4.19721
136988 P 0 1 71.69223 0.31252 14.69595 0.93574 1.90588 0.05034 0.69877 1.41173 4.10138 4.19546
136989 P 0 1 71.68072 0.31331 14.69872 0.93984 1.90637 0.05039 0.70035 1.41388 4.10206 4.19437
136990 P 0 1 71.60034 0.31863 14.71388 0.95696 1.92115 0.05103 0.71031 1.43095 4.10806 4.18870
136991 P 0 1 71.61609 0.31776 14.70685 0.95138 1.92265 0.05111 0.70651 1.42578 4.10889 4.19296
136992 P 0 1 71.67117 0.31469 14.69219 0.94683 1.90992 0.05085 0.69712 1.40838 4.10749 4.20134
136993 P 0 1 71.76500 0.30940 14.66636 0.93619 1.89069 0.05043 0.68125 1.37979 4.10510 4.21577
136994 P 0 1 71.91025 0.30114 14.62561 0.91687 1.86291 0.04980 0.65730 1.33725 4.10096 4.23791
136995 P 0 1 72.11919 0.28889 14.56506 0.87667 1.83241 0.04894 0.62449 1.28203 4.09372 4.26859
136996 P 0 1 72.38743 0.27315 14.49467 0.83235 1.78161 0.04732 0.58763 1.21634 4.07880 4.30069
136997 P 0 1 72.52348 0.26460 14.46496 0.80109 1.75912 0.04624 0.57290 1.19138 4.06657 4.30965
136998 P 0 1 72.36295 0.27350 14.51582 0.82826 1.78439 0.04688 0.59755 1.23407 4.07232 4.28426
136999 P 0 1 72.20724 0.28206 14.56416 0.85124 1.81133 0.04749 0.62241 1.27781 4.07711 4.25914
137000 P 0 1 72.24602 0.28037 14.55694 0.86267 1.78845 0.04705 0.61698 1.26279 4.07487 4.26386
137001 P 0 1 72.19525 0.28320 14.57438 0.87367 1.79343 0.04714 0.62575 1.27690 4.07568 4.25461
137002 P 0 1 72.16348 0.28498 14.58566 0.88141 1.79562 0.04718 0.63141 1.28571 4.07599 4.24857
137003 P 0 1 72.14467 0.28606 14.59262 0.88703 1.79593 0.04718 0.63484 1.29071 4.07607 4.24488
137004 P 0 1 72.13560 0.28663 14.59624 0.89127 1.79475 0.04716 0.63652 1.29270 4.07607 4.24306
137005 P 0 1 72.13502 0.28675 14.59696 0.89452 1.79211 0.04712 0.63664 1.29196 4.07601 4.24291
137006 P 0 1 72.14271 0.28644 14.59486 0.89695 1.78793 0.04706 0.63524 1.28851 4.07589 4.24440
137007 P 0 1 71.86971 0.29923 14.71235 0.93618 1.81202 0.04641 0.69860 1.39183 4.06367 4.17000
137008 P 0 1 71.66016 0.30943 14.78134 0.94831 1.85365 0.04676 0.74209 1.46936 4.06182 4.12707
137019 P 0 1 72.60371 0.25783 14.53785 0.85176 1.64234 0.04157 0.59639 1.20122 4.01911 4.24821
137020 P 0 1 72.59339 0.25830 14.54109 0.85107 1.64578 0.04162 0.59816 1.20489 4.01937 4.24633
137021 P 0 1 72.56958 0.25943 14.54855 0.85091 1.65261 0.04174 0.60215 1.21283 4.02003 4.24217
137022 P 0 1 72.14930 0.28133 14.68627 0.91743 1.71413 0.04287 0.67527 1.33574 4.02851 4.16916
137023 P 0 1 72.46546 0.25905 14.60156 0.75252 1.74637 0.04181 0.63646 1.30226 4.00354 4.19098
137024 P 0 1 72.51263 0.25520 14.60145 0.73364 1.73973 0.04108 0.63622 1.30343 3.99302 4.18360
137025 P 0 1 72.37765 0.25966 14.65134 0.71556 1.78617 0.04128 0.66604 1.36575 3.98817 4.14837
137026 P 0 1 72.33573 0.26511 14.64382 0.75981 1.77474 0.04219 0.66016 1.34636 4.00514 4.16694
137027 P 0 1 72.16653 0.27565 14.68267 0.80211 1.79526 0.04324 0.68177 1.37980 4.01847 4.15451
137028 P 0 1 72.20942 0.27443 14.64781 0.79110 1.80627 0.04404 0.66453 1.35534 4.02824 4.17882
137029 P 0 1 72.12997 0.27815 14.67178 0.79258 1.82686 0.04434 0.67901 1.38339 4.02929 4.16464
137030 P 0 1 72.15321 0.27603 14.70344 0.81865 1.77518 0.04252 0.69087 1.38791 4.01146 4.14074
137031 P 0 1 72.04109 0.28140 14.73739 0.82457 1.80001 0.04288 0.71195 1.42678 4.01283 4.12110
137032 P 0 1 71.91529 0.28714 14.77189 0.82194 1.83663 0.04341 0.73546 1.47352 4.01465 4.10006
137033 P 0 1 71.82946 0.29054 14.80034 0.81753 1.85968 0.04353 0.75481 1.51086 4.01248 4.08077
137034 P 0 1 71.77676 0.29266 14.82175 0.82114 1.86588 0.04341 0.76846 1.53383 4.00953 4.06659
137035 P 0 1 71.65354 0.29821 14.85570 0.82075 1.89803 0.04380 0.79335 1.58158 4.00990 4.04514
137036 P 0 1 71.68203 0.29671 14.84264 0.81059 1.90237 0.04396 0.78571 1.57191 4.01145 4.05263
137037 P 0 1 71.36767 0.31178 14.92465 0.82325 1.97456 0.04499 0.84841 1.68806 4.01417 4.00246
137038 P 0 1 71.32506 0.31303 14.94186 0.82100 1.98191 0.04481 0.86142 1.71123 4.01017 3.98950
