 Vistelius (1995)
SiO2 TiO2 Al2O3 Fe2O3 FeO MnO MgO CaO Na2O K2O
170694 P 0 1 72.89314 0.31027 14.09889 0.34598 2.36422 0.05840 0.59227 1.62291 3.44673 4.26720
170695 P 0 1 72.78896 0.31288 14.16341 0.34027 2.39028 0.05860 0.60593 1.65700 3.44622 4.23645
170696 P 0 1 72.67069 0.31582 14.23580 0.33391 2.41968 0.05883 0.62156 1.69601 3.44559 4.20213
170697 P 0 1 72.53825 0.31907 14.31572 0.32696 2.45239 0.05908 0.63922 1.74006 3.44480 4.16446
170698 P 0 1 72.39182 0.32261 14.40271 0.31951 2.48832 0.05935 0.65894 1.78920 3.44384 4.12370
170699 P 0 1 72.23173 0.32645 14.49615 0.31164 2.52734 0.05963 0.68076 1.84346 3.44266 4.08018
170700 P 0 1 72.05850 0.33054 14.59535 0.30345 2.56927 0.05993 0.70467 1.90279 3.44126 4.03425
170701 P 0 1 71.87280 0.33487 14.69954 0.29503 2.61390 0.06023 0.73064 1.96709 3.43959 3.98631
170702 P 0 1 71.67544 0.33941 14.80790 0.28647 2.66099 0.06055 0.75862 2.03621 3.43765 3.93675
170703 P 0 1 71.46740 0.34414 14.91956 0.27786 2.71026 0.06088 0.78857 2.10995 3.43542 3.88598
170704 P 0 1 71.24984 0.34901 15.03361 0.26928 2.76140 0.06120 0.82036 2.18801 3.43289 3.83440
170705 P 0 1 71.19800 0.34873 15.07554 0.26139 2.76646 0.06094 0.82473 2.21029 3.43468 3.81925
170706 P 0 1 70.96641 0.35380 15.19338 0.25298 2.82019 0.06128 0.85907 2.29478 3.43172 3.76639
170707 P 0 1 70.73066 0.35889 15.31036 0.24485 2.87446 0.06160 0.89460 2.38191 3.42849 3.71418
170708 P 0 1 70.49344 0.36393 15.42514 0.23708 2.92865 0.06192 0.93092 2.47072 3.42503 3.66317
170709 P 0 1 70.25814 0.36887 15.53619 0.22973 2.98198 0.06222 0.96752 2.55993 3.42141 3.61402
170710 P 0 1 70.02890 0.37361 15.64181 0.22289 3.03355 0.06251 1.00371 2.64790 3.41770 3.56742
170711 P 0 1 69.81046 0.37806 15.74017 0.21666 3.08233 0.06277 1.03868 2.73271 3.41401 3.52415
170712 P 0 1 69.60778 0.38214 15.82952 0.21109 3.12727 0.06301 1.07154 2.81226 3.41046 3.48493
170713 P 0 1 69.42525 0.38577 15.90848 0.20625 3.16747 0.06321 1.10147 2.88459 3.40716 3.45036
170714 P 0 1 69.26594 0.38889 15.97628 0.20213 3.20233 0.06339 1.12784 2.94828 3.40421 3.42072
170715 P 0 1 69.13109 0.39151 16.03290 0.19871 3.23165 0.06353 1.15033 3.00260 3.40167 3.39601
170716 P 0 1 69.02026 0.39363 16.07896 0.19594 3.25561 0.06364 1.16892 3.04753 3.39955 3.37595
170717 P 0 1 68.93199 0.39530 16.11538 0.19375 3.27458 0.06372 1.18378 3.08352 3.39786 3.36012
170718 P 0 1 68.20337 0.42469 16.25608 0.21738 3.51257 0.06776 1.35924 3.33939 3.36129 3.25823
170719 P 0 1 68.14219 0.42585 16.27915 0.21579 3.52578 0.06782 1.37047 3.36494 3.35999 3.24803
170720 P 0 1 68.09771 0.42669 16.29584 0.21464 3.53536 0.06786 1.37865 3.38355 3.35904 3.24066
170721 P 0 1 68.06843 0.42724 16.30680 0.21389 3.54165 0.06788 1.38404 3.39584 3.35841 3.23582
170722 P 0 1 68.05286 0.42753 16.31262 0.21348 3.54499 0.06790 1.38691 3.40238 3.35808 3.23325
170723 P 0 1 68.04953 0.42760 16.31388 0.21340 3.54570 0.06790 1.38752 3.40378 3.35801 3.23270
170724 P 0 1 68.05697 0.42745 16.31112 0.21358 3.54409 0.06789 1.38614 3.40066 3.35817 3.23392
170725 P 0 1 68.07369 0.42714 16.30489 0.21401 3.54049 0.06788 1.38306 3.39365 3.35853 3.23668
170726 P 0 1 67.41080 0.46077 16.34766 0.25717 3.79141 0.07299 1.57741 3.60472 3.31614 3.16093
170727 P 0 1 67.43960 0.46029 16.33699 0.25825 3.78549 0.07298 1.57188 3.59226 3.31671 3.16556
170728 P 0 1 67.47391 0.45971 16.32436 0.25951 3.77837 0.07297 1.56525 3.57747 3.31739 3.17107
170729 P 0 1 67.23854 0.47435 16.31124 0.28526 3.88025 0.07537 1.64532 3.64151 3.29915 3.14901
170730 P 0 1 67.28212 0.47361 16.29536 0.28707 3.87119 0.07535 1.63667 3.62265 3.30001 3.15597
170731 P 0 1 67.32840 0.47282 16.27847 0.28899 3.86152 0.07534 1.62748 3.60267 3.30093 3.16337
170732 P 0 1 67.37668 0.47198 16.26083 0.29099 3.85139 0.07532 1.61790 3.58189 3.30190 3.17112
170733 P 0 1 67.42638 0.47112 16.24262 0.29306 3.84092 0.07530 1.60804 3.56056 3.30289 3.17913
170734 P 0 1 67.47702 0.47023 16.22400 0.29517 3.83021 0.07527 1.59800 3.53888 3.30389 3.18732
170735 P 0 1 67.52821 0.46932 16.20512 0.29731 3.81935 0.07525 1.58787 3.51703 3.30491 3.19564
170736 P 0 1 67.57961 0.46841 16.18607 0.29948 3.80840 0.07522 1.57771 3.49514 3.30593 3.20403
170737 P 0 1 67.63098 0.46749 16.16697 0.30166 3.79743 0.07520 1.56757 3.47331 3.30694 3.21245
170738 P 0 1 67.68209 0.46657 16.14788 0.30384 3.78649 0.07517 1.55750 3.45165 3.30794 3.22087
170739 P 0 1 67.73278 0.46565 16.12887 0.30602 3.77560 0.07515 1.54753 3.43022 3.30893 3.22926
170740 P 0 1 67.78290 0.46474 16.10998 0.30819 3.76481 0.07512 1.53768 3.40908 3.30991 3.23759
170741 P 0 1 67.83236 0.46383 16.09127 0.31035 3.75413 0.07509 1.52799 3.38827 3.31086 3.24585
170742 P 0 1 67.88106 0.46294 16.07276 0.31249 3.74359 0.07506 1.51846 3.36782 3.31180 3.25402
170743 P 0 1 67.92894 0.46205 16.05449 0.31461 3.73320 0.07503 1.50910 3.34776 3.31272 3.26209
170744 P 0 1 67.97595 0.46118 16.03647 0.31671 3.72298 0.07500 1.49994 3.32811 3.31361 3.27005
170745 P 0 1 68.02205 0.46032 16.01873 0.31878 3.71293 0.07498 1.49096 3.30888 3.31449 3.27789
170746 P 0 1 68.06721 0.45947 16.00128 0.32082 3.70306 0.07495 1.48218 3.29008 3.31534 3.28560
170747 P 0 1 68.11142 0.45864 15.98413 0.32284 3.69337 0.07492 1.47360 3.27172 3.31617 3.29319
170748 P 0 1 68.15467 0.45782 15.96728 0.32482 3.68388 0.07489 1.46523 3.25379 3.31698 3.30064
170749 P 0 1 68.19695 0.45702 15.95075 0.32677 3.67458 0.07486 1.45705 3.23630 3.31777 3.30795
170750 P 0 1 68.23827 0.45623 15.93454 0.32869 3.66547 0.07484 1.44907 3.21924 3.31853 3.31512
170751 P 0 1 68.27862 0.45546 15.91865 0.33058 3.65655 0.07481 1.44129 3.20261 3.31928 3.32216
170752 P 0 1 68.31801 0.45471 15.90308 0.33243 3.64783 0.07478 1.43371 3.18641 3.32000 3.32906
170753 P 0 1 68.35646 0.45396 15.88783 0.33425 3.63930 0.07475 1.42632 3.17062 3.32070 3.33581
170754 P 0 1 68.39398 0.45324 15.87290 0.33603 3.63096 0.07473 1.41911 3.15525 3.32138 3.34243
170755 P 0 1 68.43057 0.45253 15.85828 0.33778 3.62281 0.07470 1.41210 3.14028 3.32205 3.34890
170756 P 0 1 68.46626 0.45183 15.84399 0.33950 3.61484 0.07467 1.40527 3.12570 3.32269 3.35524
170757 P 0 1 68.50107 0.45115 15.83000 0.34118 3.60706 0.07465 1.39861 3.11151 3.32332 3.36145
170758 P 0 1 68.53500 0.45048 15.81633 0.34283 3.59946 0.07462 1.39213 3.09771 3.32393 3.36752
170759 P 0 1 68.56807 0.44983 15.80296 0.34444 3.59204 0.07459 1.38583 3.08427 3.32452 3.37345
170760 P 0 1 68.60031 0.44919 15.78990 0.34602 3.58479 0.07457 1.37969 3.07119 3.32509 3.37925
170761 P 0 1 68.63173 0.44857 15.77713 0.34757 3.57772 0.07454 1.37371 3.05847 3.32565 3.38493
170762 P 0 1 68.66234 0.44796 15.76465 0.34908 3.57081 0.07452 1.36789 3.04609 3.32619 3.39047
170763 P 0 1 68.69218 0.44736 15.75246 0.35056 3.56407 0.07449 1.36223 3.03404 3.32671 3.39589
170764 P 0 1 68.72124 0.44678 15.74055 0.35201 3.55749 0.07447 1.35672 3.02232 3.32722 3.40119
170765 P 0 1 68.74956 0.44621 15.72893 0.35343 3.55107 0.07444 1.35136 3.01092 3.32772 3.40636
170766 P 0 1 68.77715 0.44565 15.71757 0.35481 3.54480 0.07442 1.34614 2.99983 3.32820 3.41142
170767 P 0 1 68.80403 0.44511 15.70648 0.35617 3.53869 0.07440 1.34106 2.98904 3.32867 3.41636
170768 P 0 1 68.83021 0.44458 15.69566 0.35749 3.53273 0.07437 1.33611 2.97854 3.32912 3.42118
170769 P 0 1 68.85571 0.44406 15.68509 0.35878 3.52691 0.07435 1.33130 2.96833 3.32957 3.42589
170770 P 0 1 68.88055 0.44355 15.67478 0.36005 3.52123 0.07433 1.32662 2.95840 3.32999 3.43049
170771 P 0 1 68.90475 0.44306 15.66471 0.36128 3.51570 0.07431 1.32206 2.94874 3.33041 3.43498
170772 P 0 1 68.92831 0.44257 15.65489 0.36249 3.51030 0.07429 1.31763 2.93934 3.33082 3.43937
170773 P 0 1 68.95126 0.44210 15.64530 0.36366 3.50503 0.07427 1.31332 2.93020 3.33121 3.44365
170774 P 0 1 68.97362 0.44164 15.63595 0.36481 3.49990 0.07424 1.30912 2.92130 3.33159 3.44782
170775 P 0 1 68.99539 0.44119 15.62683 0.36594 3.49489 0.07422 1.30503 2.91265 3.33196 3.45190
170776 P 0 1 69.01659 0.44075 15.61792 0.36703 3.49001 0.07420 1.30106 2.90424 3.33232 3.45588
170777 P 0 1 69.03723 0.44032 15.60924 0.36810 3.48524 0.07418 1.29719 2.89605 3.33268 3.45977
170778 P 0 1 69.05734 0.43990 15.60077 0.36914 3.48060 0.07416 1.29342 2.88809 3.33302 3.46356
170779 P 0 1 69.07692 0.43949 15.59251 0.37016 3.47607 0.07414 1.28976 2.88034 3.33335 3.46726
170780 P 0 1 69.09599 0.43909 15.58445 0.37116 3.47166 0.07413 1.28619 2.87280 3.33367 3.47086
170781 P 0 1 69.11455 0.43870 15.57659 0.37212 3.46736 0.07411 1.28272 2.86547 3.33398 3.47438
170782 P 0 1 69.13263 0.43832 15.56893 0.37307 3.46316 0.07409 1.27935 2.85834 3.33429 3.47782
170783 P 0 1 69.15024 0.43795 15.56146 0.37399 3.45907 0.07407 1.27606 2.85140 3.33459 3.48117
170784 P 0 1 69.16738 0.43759 15.55417 0.37489 3.45509 0.07405 1.27286 2.84466 3.33487 3.48444
170785 P 0 1 69.18407 0.43723 15.54707 0.37577 3.45120 0.07404 1.26975 2.83809 3.33515 3.48762
170786 P 0 1 69.20032 0.43689 15.54014 0.37662 3.44741 0.07402 1.26672 2.83171 3.33543 3.49073
170787 P 0 1 69.21615 0.43655 15.53339 0.37746 3.44372 0.07400 1.26378 2.82549 3.33569 3.49376
170788 P 0 1 69.23155 0.43623 15.52681 0.37827 3.44013 0.07399 1.26091 2.81945 3.33595 3.49672
170789 P 0 1 69.24655 0.43590 15.52040 0.37906 3.43662 0.07397 1.25812 2.81357 3.33620 3.49960
170790 P 0 1 69.26116 0.43559 15.51414 0.37984 3.43320 0.07396 1.25541 2.80785 3.33644 3.50241
170791 P 0 1 69.27537 0.43529 15.50805 0.38059 3.42987 0.07394 1.25276 2.80229 3.33668 3.50515
170792 P 0 1 69.28922 0.43499 15.50211 0.38132 3.42663 0.07392 1.25019 2.79688 3.33691 3.50782
170793 P 0 1 69.30269 0.43470 15.49632 0.38204 3.42347 0.07391 1.24769 2.79161 3.33713 3.51043
170794 P 0 1 69.31581 0.43442 15.49068 0.38274 3.42039 0.07390 1.24526 2.78649 3.33735 3.51296
170871 P 0 1 61.85537 0.62265 17.22759 0.28859 5.26992 0.08967 3.16746 5.86208 3.09170 2.52497
170872 P 0 1 61.85685 0.62262 17.22734 0.28862 5.26961 0.08967 3.16704 5.86138 3.09175 2.52512
170873 P 0 1 61.85839 0.62259 17.22708 0.28866 5.26930 0.08967 3.16659 5.86064 3.09180 2.52528
170874 P 0 1 61.85999 0.62257 17.22680 0.28869 5.26897 0.08967 3.16613 5.85988 3.09185 2.52545
170875 P 0 1 61.86165 0.62254 17.22652 0.28873 5.26863 0.08967 3.16565 5.85909 3.09190 2.52562
170876 P 0 1 61.86338 0.62251 17.22622 0.28877 5.26827 0.08967 3.16515 5.85827 3.09196 2.52580
170877 P 0 1 61.86517 0.62248 17.22592 0.28881 5.26790 0.08967 3.16463 5.85742 3.09202 2.52599
170878 P 0 1 61.86704 0.62244 17.22560 0.28885 5.26752 0.08967 3.16408 5.85653 3.09208 2.52619
170879 P 0 1 61.86898 0.62241 17.22527 0.28889 5.26711 0.08966 3.16352 5.85561 3.09215 2.52639
170880 P 0 1 61.87100 0.62237 17.22493 0.28894 5.26670 0.08966 3.16294 5.85466 3.09222 2.52660
170881 P 0 1 61.87310 0.62233 17.22457 0.28898 5.26626 0.08966 3.16233 5.85366 3.09229 2.52682
170882 P 0 1 61.87528 0.62230 17.22420 0.28903 5.26581 0.08966 3.16169 5.85262 3.09236 2.52705
170883 P 0 1 61.87756 0.62226 17.22381 0.28908 5.26534 0.08966 3.16103 5.85155 3.09243 2.52729
170884 P 0 1 61.87993 0.62221 17.22341 0.28913 5.26485 0.08966 3.16034 5.85043 3.09251 2.52754
170885 P 0 1 61.88239 0.62217 17.22300 0.28918 5.26434 0.08965 3.15962 5.84926 3.09260 2.52779
170886 P 0 1 61.88496 0.62212 17.22257 0.28923 5.26380 0.08965 3.15887 5.84804 3.09268 2.52806
170887 P 0 1 61.88763 0.62207 17.22212 0.28929 5.26324 0.08965 3.15809 5.84678 3.09277 2.52834
170888 P 0 1 61.89042 0.62202 17.22165 0.28935 5.26266 0.08965 3.15728 5.84546 3.09287 2.52863
170889 P 0 1 61.89333 0.62197 17.22116 0.28941 5.26206 0.08965 3.15643 5.84409 3.09296 2.52894
170890 P 0 1 61.89636 0.62192 17.22066 0.28947 5.26143 0.08964 3.15555 5.84266 3.09306 2.52925
170891 P 0 1 61.89951 0.62186 17.22013 0.28954 5.26077 0.08964 3.15463 5.84117 3.09317 2.52958
170892 P 0 1 61.90281 0.62180 17.21958 0.28961 5.26008 0.08964 3.15367 5.83962 3.09328 2.52993
170893 P 0 1 61.90624 0.62174 17.21901 0.28968 5.25936 0.08964 3.15266 5.83800 3.09340 2.53028
170894 P 0 1 61.90983 0.62167 17.21841 0.28975 5.25861 0.08963 3.15161 5.83631 3.09352 2.53066
170895 P 0 1 61.91358 0.62160 17.21779 0.28983 5.25782 0.08963 3.15052 5.83454 3.09365 2.53105
170896 P 0 1 61.91749 0.62153 17.21714 0.28990 5.25700 0.08963 3.14937 5.83270 3.09378 2.53146
170897 P 0 1 61.92157 0.62145 17.21646 0.28999 5.25614 0.08962 3.14818 5.83078 3.09392 2.53188
170898 P 0 1 61.92584 0.62138 17.21576 0.29007 5.25524 0.08962 3.14693 5.82877 3.09406 2.53233
170899 P 0 1 61.93030 0.62129 17.21502 0.29016 5.25430 0.08962 3.14562 5.82668 3.09421 2.53279
170900 P 0 1 61.93497 0.62121 17.21425 0.29025 5.25332 0.08961 3.14425 5.82449 3.09437 2.53328
170901 P 0 1 61.93984 0.62112 17.21345 0.29035 5.25229 0.08961 3.14282 5.82220 3.09454 2.53379
170902 P 0 1 61.94495 0.62102 17.21261 0.29045 5.25121 0.08960 3.14133 5.81980 3.09471 2.53432
170903 P 0 1 61.95029 0.62092 17.21173 0.29055 5.25008 0.08960 3.13976 5.81730 3.09489 2.53488
170904 P 0 1 61.95589 0.62082 17.21081 0.29066 5.24890 0.08959 3.13812 5.81467 3.09508 2.53546
170905 P 0 1 61.96175 0.62071 17.20985 0.29077 5.24765 0.08959 3.13640 5.81193 3.09528 2.53607
170906 P 0 1 61.96789 0.62059 17.20884 0.29089 5.24635 0.08958 3.13459 5.80906 3.09549 2.53671
170907 P 0 1 61.97433 0.62047 17.20779 0.29101 5.24498 0.08958 3.13270 5.80604 3.09571 2.53738
170908 P 0 1 61.98108 0.62034 17.20668 0.29114 5.24355 0.08957 3.13072 5.80289 3.09594 2.53809
170909 P 0 1 61.98816 0.62021 17.20553 0.29128 5.24204 0.08957 3.12863 5.79958 3.09619 2.53883
170910 P 0 1 61.99559 0.62007 17.20432 0.29142 5.24046 0.08956 3.12645 5.79611 3.09644 2.53960
170911 P 0 1 62.00339 0.61992 17.20304 0.29156 5.23879 0.08955 3.12415 5.79246 3.09671 2.54041
170912 P 0 1 62.01159 0.61976 17.20171 0.29172 5.23704 0.08954 3.12174 5.78864 3.09699 2.54127
170913 P 0 1 62.02021 0.61960 17.20031 0.29188 5.23520 0.08954 3.11920 5.78462 3.09728 2.54217
170914 P 0 1 62.02926 0.61942 17.19883 0.29204 5.23326 0.08953 3.11654 5.78041 3.09760 2.54311
170915 P 0 1 62.03879 0.61924 17.19728 0.29222 5.23122 0.08952 3.11373 5.77597 3.09792 2.54411
170916 P 0 1 62.04881 0.61905 17.19565 0.29240 5.22907 0.08951 3.11078 5.77131 3.09827 2.54515
170917 P 0 1 62.05936 0.61884 17.19394 0.29259 5.22681 0.08950 3.10767 5.76640 3.09863 2.54625
170918 P 0 1 66.87021 0.49412 16.31627 0.31739 4.02324 0.07845 1.76353 3.75104 3.27484 3.11091
170919 P 0 1 66.82508 0.49505 16.33053 0.31595 4.03348 0.07850 1.77345 3.77011 3.27371 3.10415
170920 P 0 1 66.77898 0.49600 16.34503 0.31449 4.04391 0.07855 1.78360 3.78962 3.27255 3.09728
170921 P 0 1 66.73192 0.49696 16.35977 0.31301 4.05454 0.07860 1.79398 3.80958 3.27136 3.09028
170922 P 0 1 66.68392 0.49794 16.37474 0.31150 4.06536 0.07865 1.80459 3.82997 3.27015 3.08318
170923 P 0 1 66.63500 0.49893 16.38993 0.30997 4.07637 0.07870 1.81542 3.85080 3.26891 3.07597
170924 P 0 1 66.58519 0.49994 16.40533 0.30842 4.08755 0.07875 1.82648 3.87205 3.26764 3.06865
170925 P 0 1 66.53452 0.50096 16.42093 0.30684 4.09890 0.07880 1.83774 3.89371 3.26635 3.06124
170926 P 0 1 66.48302 0.50199 16.43671 0.30525 4.11041 0.07885 1.84921 3.91578 3.26504 3.05374
170927 P 0 1 66.43075 0.50304 16.45265 0.30364 4.12206 0.07890 1.86088 3.93822 3.26370 3.04616
170928 P 0 1 66.37775 0.50409 16.46875 0.30201 4.13384 0.07895 1.87273 3.96103 3.26234 3.03850
170929 P 0 1 66.32408 0.50515 16.48497 0.30037 4.14575 0.07901 1.88475 3.98418 3.26096 3.03078
170930 P 0 1 66.26981 0.50622 16.50131 0.29871 4.15775 0.07906 1.89693 4.00764 3.25956 3.02301
170931 P 0 1 66.21501 0.50729 16.51774 0.29704 4.16983 0.07911 1.90925 4.03139 3.25815 3.01519
170932 P 0 1 65.96444 0.51507 16.56520 0.29919 4.23920 0.07996 1.97612 4.12884 3.24820 2.98378
170933 P 0 1 65.91183 0.51607 16.58059 0.29756 4.25067 0.08000 1.98813 4.15189 3.24683 2.97643
170934 P 0 1 65.85903 0.51707 16.59599 0.29592 4.26214 0.08004 2.00020 4.17509 3.24546 2.96908
170935 P 0 1 65.80615 0.51807 16.61136 0.29428 4.27358 0.08008 2.01229 4.19837 3.24408 2.96174
170936 P 0 1 65.75331 0.51905 16.62667 0.29264 4.28497 0.08012 2.02439 4.22170 3.24271 2.95444
170937 P 0 1 65.70064 0.52003 16.64189 0.29100 4.29628 0.08016 2.03646 4.24503 3.24134 2.94718
170938 P 0 1 65.64827 0.52099 16.65700 0.28936 4.30748 0.08019 2.04847 4.26828 3.23997 2.93999
170939 P 0 1 65.59633 0.52193 16.67196 0.28773 4.31854 0.08023 2.06038 4.29141 3.23863 2.93288
170940 P 0 1 65.49903 0.52627 16.67666 0.29288 4.35198 0.08084 2.09207 4.32418 3.23314 2.92294
170941 P 0 1 65.44683 0.52719 16.69168 0.29115 4.36294 0.08087 2.10408 4.34761 3.23181 2.91584
170942 P 0 1 65.39551 0.52808 16.70645 0.28943 4.37366 0.08089 2.11588 4.37073 3.23050 2.90887
170943 P 0 1 65.34524 0.52894 16.72092 0.28773 4.38409 0.08091 2.12743 4.39345 3.22922 2.90207
170944 P 0 1 65.29618 0.52977 16.73506 0.28605 4.39420 0.08093 2.13868 4.41570 3.22798 2.89543
170945 P 0 1 65.24850 0.53056 16.74884 0.28440 4.40395 0.08095 2.14959 4.43741 3.22679 2.88900
170946 P 0 1 65.20238 0.53131 16.76222 0.28277 4.41331 0.08096 2.16012 4.45850 3.22564 2.88278
170947 P 0 1 64.96541 0.54230 16.76672 0.29653 4.49670 0.08253 2.24131 4.53677 3.21175 2.85999
170948 P 0 1 64.92133 0.54295 16.77967 0.29474 4.50533 0.08253 2.25139 4.55728 3.21070 2.85408
170949 P 0 1 64.87932 0.54355 16.79211 0.29298 4.51346 0.08252 2.26095 4.57695 3.20972 2.84845
170950 P 0 1 64.83953 0.54410 16.80402 0.29127 4.52105 0.08251 2.26993 4.59568 3.20880 2.84310
170951 P 0 1 64.80211 0.54459 16.81537 0.28961 4.52806 0.08250 2.27832 4.61341 3.20797 2.83807
170952 P 0 1 64.76719 0.54503 16.82612 0.28800 4.53448 0.08248 2.28606 4.63008 3.20721 2.83335
170953 P 0 1 64.73490 0.54540 16.83624 0.28645 4.54029 0.08246 2.29313 4.64562 3.20653 2.82898
170954 P 0 1 64.39289 0.55753 16.87028 0.29484 4.64199 0.08393 2.40017 4.77503 3.19042 2.79294
170955 P 0 1 64.38125 0.55750 16.87517 0.29379 4.64330 0.08388 2.40218 4.78138 3.19034 2.79121
170956 P 0 1 64.37114 0.55746 16.87962 0.29281 4.64431 0.08384 2.40384 4.78700 3.19029 2.78968
170957 P 0 1 64.36192 0.55742 16.88366 0.29193 4.64525 0.08381 2.40535 4.79212 3.19024 2.78830
170958 P 0 1 64.35250 0.55744 16.88724 0.29122 4.64651 0.08378 2.40714 4.79708 3.19013 2.78696
170959 P 0 1 64.56802 0.54683 16.89236 0.27715 4.56768 0.08224 2.32786 4.72837 3.20353 2.80596
170960 P 0 1 64.55569 0.54712 16.89486 0.27701 4.57062 0.08226 2.33115 4.73369 3.20311 2.80449
170961 P 0 1 64.54255 0.54750 16.89694 0.27707 4.57408 0.08230 2.33490 4.73908 3.20258 2.80300
170962 P 0 1 64.52938 0.54791 16.89875 0.27721 4.57770 0.08234 2.33879 4.74435 3.20202 2.80155
170963 P 0 1 64.51687 0.54831 16.90030 0.27740 4.58124 0.08239 2.34256 4.74927 3.20147 2.80020
170964 P 0 1 64.50574 0.54869 16.90149 0.27763 4.58448 0.08243 2.34600 4.75356 3.20096 2.79902
170965 P 0 1 64.49674 0.54903 16.90219 0.27790 4.58726 0.08248 2.34890 4.75689 3.20051 2.79810
170966 P 0 1 64.49058 0.54931 16.90224 0.27823 4.58941 0.08252 2.35107 4.75896 3.20015 2.79753
170967 P 0 1 64.48787 0.54952 16.90151 0.27863 4.59078 0.08255 2.35236 4.75949 3.19990 2.79738
170968 P 0 1 64.48907 0.54965 16.89990 0.27911 4.59128 0.08258 2.35265 4.75828 3.19977 2.79771
170969 P 0 1 64.49448 0.54970 16.89732 0.27967 4.59085 0.08261 2.35186 4.75519 3.19977 2.79855
170970 P 0 1 64.50420 0.54965 16.89377 0.28032 4.58945 0.08263 2.34997 4.75018 3.19991 2.79992
170971 P 0 1 64.51821 0.54952 16.88922 0.28105 4.58710 0.08264 2.34699 4.74326 3.20018 2.80182
170972 P 0 1 64.53637 0.54931 16.88373 0.28187 4.58382 0.08265 2.34294 4.73450 3.20057 2.80423
170973 P 0 1 64.55842 0.54901 16.87734 0.28278 4.57966 0.08266 2.33790 4.72401 3.20109 2.80712
170974 P 0 1 64.58406 0.54864 16.87011 0.28375 4.57470 0.08266 2.33195 4.71194 3.20172 2.81046
170975 P 0 1 64.61294 0.54820 16.86213 0.28480 4.56900 0.08266 2.32518 4.69845 3.20245 2.81420
170976 P 0 1 64.64467 0.54770 16.85347 0.28590 4.56265 0.08265 2.31767 4.68371 3.20327 2.81830
170977 P 0 1 64.67886 0.54714 16.84423 0.28706 4.55574 0.08264 2.30955 4.66791 3.20417 2.82271
170978 P 0 1 64.71513 0.54654 16.83448 0.28826 4.54833 0.08263 2.30090 4.65121 3.20513 2.82740
170979 P 0 1 65.45644 0.51781 16.77080 0.26351 4.31509 0.07892 2.06840 4.38099 3.24253 2.90552
170980 P 0 1 65.50667 0.51685 16.75716 0.26474 4.30419 0.07887 2.05670 4.35868 3.24393 2.91220
170981 P 0 1 65.55773 0.51587 16.74326 0.26598 4.29307 0.07883 2.04482 4.33607 3.24535 2.91902
170982 P 0 1 65.71739 0.50975 16.72625 0.26101 4.24304 0.07804 1.99698 4.27762 3.25328 2.93665
170983 P 0 1 65.76971 0.50871 16.71188 0.26221 4.23149 0.07798 1.98491 4.25465 3.25475 2.94371
170984 P 0 1 65.82200 0.50766 16.69747 0.26340 4.21992 0.07792 1.97286 4.23175 3.25622 2.95080
170985 P 0 1 65.87405 0.50662 16.68307 0.26458 4.20837 0.07787 1.96088 4.20901 3.25768 2.95787
170986 P 0 1 65.92566 0.50558 16.66874 0.26576 4.19688 0.07781 1.94902 4.18651 3.25913 2.96491
170987 P 0 1 65.97667 0.50454 16.65453 0.26691 4.18549 0.07775 1.93732 4.16433 3.26057 2.97189
170988 P 0 1 66.02692 0.50351 16.64048 0.26805 4.17424 0.07769 1.92581 4.14253 3.26198 2.97880
170989 P 0 1 66.07628 0.50250 16.62663 0.26917 4.16315 0.07763 1.91451 4.12116 3.26336 2.98560
170990 P 0 1 66.12466 0.50150 16.61302 0.27025 4.15226 0.07757 1.90346 4.10027 3.26472 2.99229
170991 P 0 1 66.17196 0.50051 16.59967 0.27131 4.14157 0.07752 1.89266 4.07989 3.26605 2.99885
170992 P 0 1 66.21811 0.49955 16.58662 0.27234 4.13112 0.07746 1.88214 4.06005 3.26734 3.00527
170993 P 0 1 66.26304 0.49860 16.57388 0.27334 4.12090 0.07740 1.87191 4.04078 3.26861 3.01155
170994 P 0 1 66.30670 0.49768 16.56147 0.27430 4.11095 0.07734 1.86198 4.02210 3.26983 3.01766
170995 P 0 1 66.34906 0.49677 16.54941 0.27522 4.10126 0.07729 1.85235 4.00401 3.27103 3.02360
170996 P 0 1 66.39009 0.49589 16.53771 0.27611 4.09184 0.07723 1.84303 3.98654 3.27218 3.02937
170997 P 0 1 66.42978 0.49504 16.52638 0.27696 4.08271 0.07718 1.83402 3.96967 3.27330 3.03497
170998 P 0 1 67.14618 0.46954 16.40363 0.26091 3.86770 0.07402 1.64307 3.70442 3.30529 3.12522
170999 P 0 1 67.18601 0.46864 16.39155 0.26164 3.85830 0.07396 1.63444 3.68793 3.30641 3.13114
171000 P 0 1 67.22423 0.46776 16.37995 0.26232 3.84924 0.07389 1.62616 3.67214 3.30748 3.13682
171001 P 0 1 67.26086 0.46691 16.36884 0.26296 3.84052 0.07383 1.61823 3.65705 3.30852 3.14228
171002 P 0 1 67.29592 0.46610 16.35822 0.26355 3.83214 0.07377 1.61063 3.64264 3.30952 3.14752
171003 P 0 1 67.32944 0.46531 16.34808 0.26410 3.82409 0.07371 1.60337 3.62891 3.31048 3.15252
171004 P 0 1 67.36143 0.46455 16.33843 0.26461 3.81636 0.07365 1.59642 3.61583 3.31140 3.15731
171005 P 0 1 67.39195 0.46381 16.32925 0.26508 3.80896 0.07359 1.58979 3.60340 3.31228 3.16188
171006 P 0 1 67.42103 0.46311 16.32054 0.26550 3.80187 0.07353 1.58346 3.59159 3.31313 3.16623
171007 P 0 1 67.44871 0.46243 16.31228 0.26588 3.79508 0.07347 1.57743 3.58039 3.31395 3.17038
171008 P 0 1 67.47503 0.46177 16.30447 0.26622 3.78859 0.07342 1.57167 3.56977 3.31474 3.17432
171009 P 0 1 67.50004 0.46115 16.29710 0.26652 3.78237 0.07336 1.56619 3.55971 3.31549 3.17806
171010 P 0 1 67.52379 0.46054 16.29014 0.26679 3.77643 0.07331 1.56097 3.55019 3.31622 3.18161
171011 P 0 1 67.54634 0.45996 16.28359 0.26701 3.77076 0.07326 1.55600 3.54119 3.31691 3.18498
171012 P 0 1 67.56774 0.45940 16.27743 0.26720 3.76533 0.07321 1.55127 3.53267 3.31758 3.18817
171013 P 0 1 67.58805 0.45886 16.27164 0.26735 3.76014 0.07316 1.54675 3.52463 3.31823 3.19119
171014 P 0 1 67.60733 0.45834 16.26620 0.26748 3.75516 0.07311 1.54245 3.51702 3.31885 3.19406
171015 P 0 1 67.62566 0.45783 16.26110 0.26757 3.75040 0.07306 1.53834 3.50982 3.31945 3.19677
171016 P 0 1 67.64308 0.45735 16.25630 0.26763 3.74583 0.07301 1.53442 3.50301 3.32003 3.19934
171017 P 0 1 67.65968 0.45687 16.25180 0.26766 3.74144 0.07296 1.53066 3.49655 3.32059 3.20179
171018 P 0 1 67.67552 0.45642 16.24756 0.26767 3.73721 0.07292 1.52706 3.49041 3.32114 3.20411
171019 P 0 1 67.69068 0.45597 16.24356 0.26765 3.73313 0.07287 1.52359 3.48456 3.32167 3.20633
171020 P 0 1 67.70523 0.45554 16.23977 0.26761 3.72917 0.07282 1.52024 3.47897 3.32219 3.20845
171021 P 0 1 67.71926 0.45511 16.23618 0.26756 3.72533 0.07278 1.51700 3.47361 3.32270 3.21048
171022 P 0 1 67.73284 0.45470 16.23274 0.26748 3.72158 0.07273 1.51384 3.46844 3.32320 3.21245
171023 P 0 1 67.74606 0.45429 16.22944 0.26739 3.71791 0.07269 1.51076 3.46342 3.32369 3.21436
171024 P 0 1 67.75900 0.45388 16.22624 0.26729 3.71429 0.07264 1.50773 3.45853 3.32418 3.21622
171025 P 0 1 67.77175 0.45348 16.22311 0.26718 3.71070 0.07260 1.50474 3.45372 3.32466 3.21806
171026 P 0 1 67.78441 0.45307 16.22003 0.26707 3.70714 0.07255 1.50177 3.44896 3.32514 3.21987
171027 P 0 1 67.79705 0.45267 16.21695 0.26695 3.70357 0.07250 1.49880 3.44420 3.32563 3.22169
171028 P 0 1 66.99411 0.47680 16.41420 0.27009 3.92260 0.07509 1.68874 3.75391 3.29625 3.10822
171029 P 0 1 67.01017 0.47632 16.41049 0.27002 3.91823 0.07504 1.68482 3.74766 3.29684 3.11041
171030 P 0 1 67.02660 0.47583 16.40666 0.26996 3.91377 0.07499 1.68083 3.74126 3.29745 3.11265
171031 P 0 1 67.04348 0.47533 16.40269 0.26991 3.90920 0.07494 1.67674 3.73467 3.29807 3.11497
171032 P 0 1 67.06091 0.47482 16.39853 0.26987 3.90451 0.07488 1.67254 3.72786 3.29871 3.11737
171033 P 0 1 67.07897 0.47429 16.39417 0.26984 3.89967 0.07483 1.66821 3.72079 3.29936 3.11988
171034 P 0 1 67.09776 0.47375 16.38957 0.26983 3.89466 0.07477 1.66373 3.71341 3.30003 3.12249
171035 P 0 1 67.11735 0.47319 16.38469 0.26985 3.88947 0.07472 1.65909 3.70570 3.30072 3.12523
171036 P 0 1 67.13785 0.47261 16.37951 0.26988 3.88408 0.07466 1.65426 3.69761 3.30143 3.12811
171037 P 0 1 67.15932 0.47202 16.37399 0.26995 3.87847 0.07460 1.64924 3.68911 3.30217 3.13115
171038 P 0 1 67.18185 0.47140 16.36811 0.27004 3.87261 0.07454 1.64400 3.68017 3.30293 3.13435
171039 P 0 1 67.20551 0.47076 16.36184 0.27016 3.86651 0.07448 1.63853 3.67075 3.30372 3.13773
171040 P 0 1 67.23039 0.47009 16.35515 0.27033 3.86013 0.07442 1.63283 3.66084 3.30453 3.14131
171041 P 0 1 67.25653 0.46940 16.34800 0.27052 3.85347 0.07435 1.62687 3.65039 3.30538 3.14509
171042 P 0 1 67.28400 0.46868 16.34038 0.27076 3.84652 0.07429 1.62065 3.63938 3.30625 3.14908
171043 P 0 1 68.38427 0.43869 16.02075 0.27810 3.56145 0.07141 1.37849 3.20935 3.34124 3.31624
171044 P 0 1 68.41540 0.43788 16.01056 0.27851 3.55358 0.07134 1.37207 3.19724 3.34212 3.32130
171045 P 0 1 68.44809 0.43704 15.99973 0.27897 3.54534 0.07127 1.36536 3.18451 3.34304 3.32665
171046 P 0 1 68.48237 0.43616 15.98823 0.27948 3.53675 0.07119 1.35837 3.17115 3.34399 3.33230
171047 P 0 1 68.51830 0.43525 15.97605 0.28006 3.52778 0.07111 1.35109 3.15714 3.34497 3.33825
171048 P 0 1 68.55590 0.43431 15.96316 0.28070 3.51843 0.07103 1.34352 3.14246 3.34597 3.34452
171049 P 0 1 68.59519 0.43333 15.94955 0.28140 3.50870 0.07095 1.33565 3.12712 3.34701 3.35110
171050 P 0 1 68.63618 0.43232 15.93519 0.28217 3.49858 0.07087 1.32749 3.11112 3.34808 3.35802
171051 P 0 1 68.92770 0.42022 15.87877 0.26988 3.40241 0.06917 1.25647 3.01324 3.36240 3.39974
171052 P 0 1 68.97090 0.41917 15.86275 0.27078 3.39188 0.06909 1.24823 2.99643 3.36345 3.40731
171053 P 0 1 69.01575 0.41810 15.84597 0.27174 3.38098 0.06901 1.23973 2.97899 3.36453 3.41521
171054 P 0 1 69.31366 0.40546 15.78618 0.25844 3.28125 0.06721 1.16899 2.88025 3.37948 3.45908
171055 P 0 1 69.36022 0.40437 15.76779 0.25950 3.27007 0.06712 1.16055 2.86225 3.38053 3.46760
171056 P 0 1 69.40830 0.40325 15.74864 0.26063 3.25854 0.06704 1.15187 2.84369 3.38159 3.47646
171057 P 0 1 69.45784 0.40209 15.72875 0.26182 3.24668 0.06695 1.14298 2.82458 3.38268 3.48564
171058 P 0 1 69.50877 0.40091 15.70812 0.26308 3.23450 0.06686 1.13388 2.80498 3.38377 3.49514
171059 P 0 1 69.56100 0.39970 15.68679 0.26440 3.22202 0.06677 1.12460 2.78489 3.38488 3.50495
171060 P 0 1 69.61446 0.39846 15.66478 0.26578 3.20926 0.06668 1.11515 2.76438 3.38599 3.51506
171061 P 0 1 69.66905 0.39720 15.64211 0.26723 3.19624 0.06659 1.10556 2.74346 3.38712 3.52545
171062 P 0 1 69.16463 0.41139 15.82039 0.26366 3.32921 0.06802 1.20303 2.93080 3.37257 3.43630
171063 P 0 1 69.14948 0.41449 15.79926 0.27321 3.34648 0.06866 1.21344 2.92839 3.36828 3.43831
171064 P 0 1 69.20882 0.41315 15.77572 0.27483 3.33245 0.06857 1.20257 2.90522 3.36955 3.44912
171065 P 0 1 69.37786 0.40042 15.79562 0.24763 3.24807 0.06630 1.14764 2.86569 3.38611 3.46468
171066 P 0 1 69.43811 0.39909 15.77080 0.24923 3.23407 0.06621 1.13709 2.84217 3.38733 3.47591
171067 P 0 1 69.49868 0.39776 15.74564 0.25087 3.22000 0.06612 1.12653 2.81857 3.38854 3.48728
171068 P 0 1 70.85446 0.35430 15.26914 0.24187 2.83635 0.06099 0.87125 2.34075 3.43337 3.73752
171069 P 0 1 70.67484 0.36073 15.33095 0.24538 2.89053 0.06183 0.90469 2.40107 3.42664 3.70333
171070 P 0 1 70.72298 0.35966 15.30783 0.24686 2.87930 0.06175 0.89726 2.38324 3.42738 3.71373
171071 P 0 1 70.77146 0.35859 15.28439 0.24839 2.86799 0.06168 0.88981 2.36531 3.42812 3.72426
171072 P 0 1 70.82018 0.35751 15.26067 0.24995 2.85663 0.06161 0.88235 2.34734 3.42885 3.73492
171073 P 0 1 70.86903 0.35643 15.23671 0.25155 2.84524 0.06153 0.87491 2.32935 3.42956 3.74569
171074 P 0 1 70.91793 0.35535 15.21255 0.25318 2.83385 0.06146 0.86751 2.31138 3.43025 3.75654
171075 P 0 1 70.96679 0.35427 15.18825 0.25485 2.82247 0.06139 0.86014 2.29346 3.43093 3.76746
171076 P 0 1 71.01554 0.35319 15.16382 0.25654 2.81111 0.06131 0.85282 2.27563 3.43160 3.77843
171077 P 0 1 71.06410 0.35212 15.13932 0.25826 2.79981 0.06124 0.84557 2.25789 3.43224 3.78944
171078 P 0 1 71.11242 0.35106 15.11477 0.26002 2.78856 0.06117 0.83839 2.24029 3.43286 3.80047
171079 P 0 1 71.16044 0.35000 15.09019 0.26179 2.77739 0.06110 0.83128 2.22283 3.43346 3.81151
171080 P 0 1 71.20811 0.34895 15.06562 0.26359 2.76630 0.06103 0.82427 2.20553 3.43405 3.82255
171081 P 0 1 71.25539 0.34791 15.04107 0.26541 2.75531 0.06097 0.81734 2.18841 3.43461 3.83358
171082 P 0 1 71.30225 0.34689 15.01658 0.26726 2.74442 0.06090 0.81050 2.17147 3.43515 3.84459
171083 P 0 1 71.34867 0.34587 14.99214 0.26912 2.73363 0.06083 0.80376 2.15473 3.43566 3.85557
171084 P 0 1 71.39461 0.34487 14.96779 0.27100 2.72296 0.06077 0.79712 2.13819 3.43616 3.86652
171085 P 0 1 71.44008 0.34387 14.94353 0.27290 2.71239 0.06071 0.79058 2.12186 3.43663 3.87743
171086 P 0 1 71.48505 0.34289 14.91936 0.27482 2.70195 0.06065 0.78414 2.10574 3.43709 3.88830
171087 P 0 1 71.52952 0.34192 14.89530 0.27676 2.69163 0.06059 0.77780 2.08983 3.43752 3.89913
171088 P 0 1 71.57349 0.34096 14.87136 0.27871 2.68142 0.06053 0.77156 2.07413 3.43793 3.90990
171089 P 0 1 71.61696 0.34002 14.84753 0.28067 2.67133 0.06047 0.76542 2.05864 3.43833 3.92063
171090 P 0 1 71.65993 0.33908 14.82383 0.28265 2.66135 0.06041 0.75937 2.04336 3.43870 3.93131
171091 P 0 1 71.70241 0.33816 14.80024 0.28465 2.65149 0.06036 0.75342 2.02828 3.43906 3.94194
171092 P 0 1 71.74441 0.33725 14.77677 0.28666 2.64174 0.06030 0.74756 2.01340 3.43939 3.95252
171093 P 0 1 71.78594 0.33635 14.75343 0.28868 2.63210 0.06025 0.74178 1.99872 3.43971 3.96305
171094 P 0 1 71.82701 0.33545 14.73020 0.29072 2.62256 0.06019 0.73610 1.98422 3.44001 3.97353
171095 P 0 1 71.86764 0.33457 14.70708 0.29277 2.61313 0.06014 0.73049 1.96991 3.44030 3.98398
171096 P 0 1 71.90783 0.33370 14.68407 0.29483 2.60378 0.06009 0.72497 1.95578 3.44057 3.99438
171097 P 0 1 71.94762 0.33284 14.66116 0.29691 2.59454 0.06004 0.71952 1.94182 3.44082 4.00474
171098 P 0 1 71.98701 0.33198 14.63835 0.29900 2.58538 0.05999 0.71415 1.92803 3.44106 4.01506
171099 P 0 1 72.02603 0.33113 14.61563 0.30110 2.57630 0.05994 0.70884 1.91439 3.44129 4.02535
171100 P 0 1 72.06468 0.33029 14.59299 0.30322 2.56730 0.05989 0.70360 1.90091 3.44150 4.03561
171101 P 0 1 72.10299 0.32946 14.57044 0.30535 2.55837 0.05984 0.69843 1.88757 3.44169 4.04585
171102 P 0 1 71.73717 0.34402 14.70690 0.31896 2.67512 0.06192 0.76242 1.99920 3.42756 3.96673
171103 P 0 1 71.77625 0.34319 14.68447 0.32129 2.66608 0.06188 0.75694 1.98532 3.42778 3.97681
171104 P 0 1 71.81511 0.34236 14.66205 0.32364 2.65707 0.06184 0.75150 1.97154 3.42799 3.98689
171105 P 0 1 71.85378 0.34154 14.63964 0.32601 2.64810 0.06180 0.74610 1.95786 3.42819 3.99698
171106 P 0 1 71.89227 0.34072 14.61721 0.32840 2.63916 0.06175 0.74075 1.94427 3.42838 4.00708
171107 P 0 1 71.93059 0.33989 14.59477 0.33082 2.63025 0.06171 0.73543 1.93077 3.42856 4.01720
171108 P 0 1 71.96877 0.33908 14.57230 0.33325 2.62136 0.06167 0.73015 1.91734 3.42873 4.02735
171109 P 0 1 72.00681 0.33826 14.54981 0.33571 2.61248 0.06163 0.72490 1.90399 3.42889 4.03752
171110 P 0 1 72.04472 0.33744 14.52728 0.33819 2.60363 0.06158 0.71968 1.89072 3.42904 4.04772
171111 P 0 1 72.08252 0.33662 14.50471 0.34069 2.59478 0.06154 0.71449 1.87751 3.42918 4.05795
171112 P 0 1 72.12019 0.33581 14.48211 0.34322 2.58595 0.06150 0.70933 1.86437 3.42931 4.06820
171113 P 0 1 72.15774 0.33499 14.45948 0.34577 2.57713 0.06145 0.70420 1.85131 3.42944 4.07849
171114 P 0 1 72.19516 0.33417 14.43682 0.34834 2.56833 0.06141 0.69910 1.83832 3.42955 4.08880
171115 P 0 1 72.23243 0.33336 14.41415 0.35093 2.55955 0.06137 0.69404 1.82540 3.42965 4.09913
171116 P 0 1 72.26953 0.33254 14.39147 0.35354 2.55079 0.06133 0.68901 1.81258 3.42975 4.10948
171117 P 0 1 72.30643 0.33173 14.36881 0.35616 2.54206 0.06128 0.68401 1.79985 3.42983 4.11983
171118 P 0 1 72.34309 0.33092 14.34619 0.35880 2.53338 0.06124 0.67907 1.78722 3.42991 4.13018
171119 P 0 1 72.37946 0.33012 14.32364 0.36145 2.52475 0.06120 0.67417 1.77473 3.42997 4.14051
171120 P 0 1 72.41548 0.32932 14.30120 0.36411 2.51618 0.06115 0.66933 1.76238 3.43003 4.15081
171121 P 0 1 72.45109 0.32853 14.27892 0.36678 2.50771 0.06111 0.66456 1.75019 3.43008 4.16104
171122 P 0 1 72.48618 0.32774 14.25684 0.36943 2.49934 0.06107 0.65988 1.73821 3.43011 4.17120
171123 P 0 1 72.52066 0.32697 14.23505 0.37208 2.49110 0.06103 0.65528 1.72645 3.43014 4.18123
171124 P 0 1 72.55442 0.32622 14.21361 0.37471 2.48303 0.06099 0.65079 1.71496 3.43016 4.19112
171125 P 0 1 72.58729 0.32548 14.19261 0.37730 2.47517 0.06095 0.64644 1.70379 3.43016 4.20081
171126 P 0 1 72.61912 0.32477 14.17218 0.37986 2.46754 0.06091 0.64223 1.69299 3.43016 4.21025
171127 P 0 1 72.64971 0.32408 14.15243 0.38235 2.46021 0.06087 0.63820 1.68262 3.43014 4.21937
171128 P 0 1 72.67884 0.32343 14.13352 0.38477 2.45324 0.06084 0.63437 1.67276 3.43012 4.22812
171129 P 0 1 72.70624 0.32282 14.11561 0.38710 2.44668 0.06081 0.63078 1.66349 3.43008 4.23640
171130 P 0 1 72.73161 0.32226 14.09891 0.38930 2.44062 0.06078 0.62747 1.65490 3.43003 4.24412
171131 P 0 1 72.75462 0.32175 14.08364 0.39136 2.43514 0.06076 0.62449 1.64711 3.42997 4.25117
171132 P 0 1 72.77486 0.32132 14.07006 0.39325 2.43035 0.06074 0.62188 1.64024 3.42989 4.25742
171133 P 0 1 72.79190 0.32096 14.05847 0.39492 2.42636 0.06072 0.61970 1.63443 3.42981 4.26273
171134 P 0 1 72.80521 0.32069 14.04920 0.39634 2.42330 0.06072 0.61803 1.62986 3.42971 4.26695
171135 P 0 1 72.81423 0.32053 14.04263 0.39746 2.42132 0.06072 0.61693 1.62670 3.42960 4.26988
171136 P 0 1 72.81832 0.32050 14.03917 0.39824 2.42058 0.06073 0.61649 1.62517 3.42947 4.27133
171137 P 0 1 72.81678 0.32060 14.03927 0.39862 2.42127 0.06075 0.61681 1.62549 3.42933 4.27108
171138 P 0 1 72.80883 0.32087 14.04341 0.39855 2.42357 0.06078 0.61799 1.62791 3.42917 4.26891
171139 P 0 1 72.79365 0.32132 14.05210 0.39797 2.42770 0.06083 0.62015 1.63272 3.42899 4.26458
171140 P 0 1 72.77037 0.32197 14.06587 0.39683 2.43386 0.06089 0.62340 1.64020 3.42878 4.25783
171141 P 0 1 72.73808 0.32284 14.08523 0.39507 2.44230 0.06096 0.62787 1.65067 3.42854 4.24843
171142 P 0 1 72.69589 0.32396 14.11067 0.39265 2.45321 0.06106 0.63371 1.66444 3.42826 4.23616
171143 P 0 1 72.64292 0.32535 14.14262 0.38952 2.46681 0.06117 0.64103 1.68182 3.42793 4.22082
171144 P 0 1 72.95458 0.30855 14.06249 0.34836 2.34805 0.05823 0.58399 1.60332 3.44734 4.28509
171145 P 0 1 72.87754 0.31052 14.11039 0.34421 2.36747 0.05839 0.59406 1.62836 3.44695 4.26212
171146 P 0 1 72.78818 0.31277 14.16553 0.33941 2.38986 0.05857 0.60579 1.65759 3.44648 4.23582
171147 P 0 1 72.68611 0.31531 14.22791 0.33399 2.41528 0.05877 0.61929 1.69121 3.44592 4.20621
171148 P 0 1 72.57113 0.31815 14.29739 0.32799 2.44374 0.05899 0.63460 1.72937 3.44523 4.17341
171149 P 0 1 72.44319 0.32126 14.37366 0.32148 2.47522 0.05923 0.65179 1.77218 3.44440 4.13759
171150 P 0 1 72.30244 0.32465 14.45631 0.31451 2.50964 0.05948 0.67089 1.81969 3.44340 4.09899
171151 P 0 1 72.14921 0.32830 14.54480 0.30717 2.54687 0.05975 0.69191 1.87189 3.44220 4.05789
171152 P 0 1 71.98399 0.33219 14.63852 0.29954 2.58675 0.06003 0.71484 1.92874 3.44079 4.01462
171153 P 0 1 71.80741 0.33629 14.73676 0.29169 2.62909 0.06032 0.73966 1.99013 3.43914 3.96951
171154 P 0 1 71.62030 0.34058 14.83876 0.28372 2.67364 0.06062 0.76632 2.05589 3.43724 3.92293
171155 P 0 1 71.42364 0.34503 14.94371 0.27570 2.72013 0.06092 0.79472 2.12579 3.43508 3.87527
171156 P 0 1 71.21861 0.34961 15.05073 0.26770 2.76826 0.06123 0.82475 2.19952 3.43266 3.82693
171157 P 0 1 71.19322 0.34875 15.07887 0.26087 2.76716 0.06093 0.82525 2.21222 3.43475 3.81797
171158 P 0 1 70.97682 0.35349 15.18900 0.25303 2.81737 0.06124 0.85733 2.29116 3.43199 3.76857
171159 P 0 1 70.75746 0.35823 15.29806 0.24545 2.86790 0.06155 0.89033 2.37215 3.42900 3.71987
171160 P 0 1 70.53770 0.36291 15.40479 0.23820 2.91814 0.06184 0.92389 2.45427 3.42583 3.67242
171161 P 0 1 70.32059 0.36748 15.50785 0.23135 2.96743 0.06212 0.95753 2.53636 3.42253 3.62677
171162 P 0 1 70.10966 0.37185 15.60577 0.22497 3.01497 0.06239 0.99066 2.61702 3.41917 3.58353
171163 P 0 1 69.90871 0.37597 15.69711 0.21914 3.05996 0.06264 1.02264 2.69469 3.41583 3.54331
171164 P 0 1 69.72158 0.37976 15.78053 0.21390 3.10157 0.06286 1.05277 2.76775 3.41261 3.50668
171165 P 0 1 69.55161 0.38316 15.85496 0.20928 3.13914 0.06305 1.08043 2.83471 3.40960 3.47405
171166 P 0 1 69.40123 0.38613 15.91982 0.20531 3.17217 0.06322 1.10512 2.89445 3.40688 3.44567
171167 P 0 1 69.27168 0.38866 15.97497 0.20195 3.20047 0.06335 1.12655 2.94629 3.40449 3.42159
171168 P 0 1 69.16308 0.39077 16.02072 0.19918 3.22406 0.06347 1.14462 2.99001 3.40245 3.40164
171169 P 0 1 68.41078 0.42066 16.17741 0.22271 3.46726 0.06755 1.32125 3.25349 3.36574 3.29315
171170 P 0 1 68.32978 0.42222 16.20852 0.22055 3.48488 0.06763 1.33598 3.28700 3.36404 3.27940
171171 P 0 1 68.26599 0.42344 16.23286 0.21886 3.49873 0.06769 1.34761 3.31349 3.36270 3.26864
171172 P 0 1 68.21800 0.42436 16.25107 0.21761 3.50911 0.06773 1.35639 3.33346 3.36168 3.26059
171173 P 0 1 68.18447 0.42499 16.26374 0.21673 3.51636 0.06776 1.36253 3.34745 3.36097 3.25499
171174 P 0 1 68.16404 0.42538 16.27145 0.21620 3.52077 0.06778 1.36628 3.35598 3.36053 3.25158
171175 P 0 1 68.15536 0.42555 16.27473 0.21597 3.52264 0.06779 1.36787 3.35961 3.36035 3.25014
171176 P 0 1 68.15709 0.42551 16.27407 0.21602 3.52227 0.06779 1.36755 3.35888 3.36039 3.25043
171177 P 0 1 67.48306 0.45934 16.32291 0.25919 3.77543 0.07292 1.56282 3.57425 3.31784 3.17224
171178 P 0 1 67.49914 0.45910 16.31668 0.25988 3.77224 0.07292 1.55982 3.56722 3.31812 3.17488
171179 P 0 1 67.52204 0.45873 16.30802 0.26079 3.76757 0.07291 1.55547 3.55731 3.31856 3.17861
171180 P 0 1 67.55064 0.45824 16.29733 0.26188 3.76166 0.07290 1.54999 3.54499 3.31911 3.18325
171181 P 0 1 67.31174 0.47296 16.28587 0.28781 3.86431 0.07531 1.63034 3.61036 3.30078 3.16049
171182 P 0 1 67.35007 0.47232 16.27173 0.28945 3.85637 0.07530 1.62279 3.59379 3.30152 3.16666
171183 P 0 1 67.39144 0.47162 16.25648 0.29121 3.84774 0.07529 1.61462 3.57595 3.30233 3.17333
171184 P 0 1 67.43517 0.47086 16.24035 0.29306 3.83856 0.07527 1.60598 3.55716 3.30319 3.18039
