 Vistelius (1995)
SiO2 TiO2 Al2O3 Fe2O3 FeO MnO MgO CaO Na2O K2O
134992 P 0 1 75.33005 0.16340 13.35482 0.91153 1.04369 0.05212 0.28011 0.72116 3.66973 4.47341
134993 P 0 1 75.32642 0.16355 13.35634 0.91294 1.04400 0.05215 0.28035 0.72169 3.66976 4.47280
134994 P 0 1 75.32238 0.16373 13.35803 0.91452 1.04434 0.05219 0.28063 0.72228 3.66979 4.47212
134995 P 0 1 75.31795 0.16392 13.35988 0.91625 1.04471 0.05223 0.28093 0.72293 3.66983 4.47138
134996 P 0 1 75.31314 0.16413 13.36188 0.91814 1.04512 0.05228 0.28125 0.72363 3.66987 4.47057
134997 P 0 1 75.30794 0.16435 13.36404 0.92019 1.04555 0.05232 0.28160 0.72439 3.66991 4.46970
134998 P 0 1 75.03939 0.17444 13.57073 0.81644 1.16846 0.05319 0.32608 0.82735 3.67240 4.35153
134999 P 0 1 74.81205 0.18306 13.70967 0.78100 1.24984 0.05420 0.35908 0.90206 3.67327 4.27576
135000 P 0 1 74.80642 0.18333 13.71192 0.78301 1.25029 0.05426 0.35953 0.90300 3.67331 4.27493
135001 P 0 1 74.80049 0.18362 13.71428 0.78514 1.25076 0.05431 0.36001 0.90399 3.67335 4.27406
135002 P 0 1 75.03185 0.17279 13.61750 0.71033 1.22873 0.05214 0.34087 0.86352 3.67166 4.31061
135003 P 0 1 75.28420 0.16031 13.51817 0.60093 1.22479 0.04934 0.32470 0.83068 3.66858 4.33830
135004 P 0 1 75.37265 0.15624 13.47810 0.57408 1.21731 0.04847 0.31774 0.81584 3.66745 4.35212
135005 P 0 1 75.38265 0.15716 13.45573 0.61933 1.18524 0.04902 0.31048 0.79779 3.66827 4.37434
135006 P 0 1 75.62252 0.14658 13.34174 0.55337 1.16006 0.04678 0.29137 0.75631 3.66505 4.41623
135007 P 0 1 75.61134 0.14706 13.34730 0.55603 1.16145 0.04688 0.29229 0.75834 3.66521 4.41410
135008 P 0 1 75.59948 0.14757 13.35318 0.55886 1.16293 0.04699 0.29327 0.76049 3.66538 4.41184
135009 P 0 1 75.58691 0.14811 13.35941 0.56189 1.16449 0.04710 0.29431 0.76278 3.66555 4.40946
135010 P 0 1 75.57357 0.14868 13.36599 0.56510 1.16615 0.04722 0.29542 0.76520 3.66573 4.40694
135011 P 0 1 75.55943 0.14929 13.37296 0.56850 1.16791 0.04735 0.29659 0.76778 3.66593 4.40426
135012 P 0 1 75.58591 0.14798 13.36213 0.55631 1.16849 0.04703 0.29517 0.76493 3.66544 4.40661
135013 P 0 1 75.56951 0.14868 13.37027 0.56012 1.17061 0.04718 0.29655 0.76796 3.66566 4.40346
135014 P 0 1 75.55233 0.14941 13.37882 0.56401 1.17290 0.04733 0.29801 0.77118 3.66589 4.40011
135015 P 0 1 75.45728 0.15417 13.41602 0.61081 1.16957 0.04848 0.30284 0.78067 3.66755 4.39261
135016 P 0 1 75.53196 0.15067 13.38368 0.58231 1.16667 0.04769 0.29793 0.77038 3.66643 4.40227
135017 P 0 1 75.38487 0.15624 13.46586 0.58894 1.20403 0.04861 0.31428 0.80745 3.66769 4.36204
135018 P 0 1 75.37402 0.15663 13.47218 0.58846 1.20742 0.04867 0.31563 0.81054 3.66775 4.35871
135019 P 0 1 75.36587 0.15684 13.47788 0.58543 1.21172 0.04867 0.31701 0.81378 3.66774 4.35507
135020 P 0 1 75.35910 0.15694 13.48337 0.58074 1.21673 0.04864 0.31845 0.81722 3.66769 4.35111
135021 P 0 1 75.35230 0.15703 13.48910 0.57534 1.22227 0.04861 0.32000 0.82093 3.66761 4.34684
135022 P 0 1 75.34459 0.15713 13.49535 0.56976 1.22821 0.04857 0.32168 0.82495 3.66753 4.34223
135023 P 0 1 75.45190 0.15148 13.45275 0.51734 1.23397 0.04720 0.31611 0.81428 3.66545 4.34954
135024 P 0 1 75.32377 0.15591 13.52461 0.51451 1.27310 0.04784 0.33187 0.85021 3.66610 4.31208
135025 P 0 1 75.31129 0.15619 13.53263 0.51036 1.27980 0.04784 0.33397 0.85515 3.66603 4.30675
135026 P 0 1 75.29731 0.15647 13.54170 0.50524 1.28768 0.04783 0.33640 0.86087 3.66592 4.30058
135027 P 0 1 75.44250 0.15089 13.46547 0.49342 1.25435 0.04686 0.32058 0.82543 3.66473 4.33577
135028 P 0 1 75.41915 0.15159 13.47926 0.49057 1.26330 0.04694 0.32377 0.83281 3.66477 4.32784
135029 P 0 1 75.39252 0.15241 13.49465 0.48809 1.27295 0.04704 0.32731 0.84099 3.66483 4.31920
135030 P 0 1 75.41029 0.15124 13.48852 0.47523 1.27771 0.04672 0.32702 0.84087 3.66426 4.31814
135031 P 0 1 75.37522 0.15239 13.50809 0.47374 1.28915 0.04688 0.33145 0.85103 3.66438 4.30767
135032 P 0 1 75.33618 0.15369 13.52954 0.47262 1.30147 0.04706 0.33635 0.86219 3.66453 4.29635
135033 P 0 1 75.29306 0.15516 13.55289 0.47190 1.31471 0.04727 0.34172 0.87440 3.66469 4.28420
135034 P 0 1 75.05270 0.16384 13.67702 0.47805 1.38056 0.04862 0.37086 0.93975 3.66567 4.22293
135035 P 0 1 75.01055 0.16530 13.69852 0.47763 1.39335 0.04883 0.37631 0.95198 3.66572 4.21181
135036 P 0 1 74.96576 0.16687 13.72107 0.47758 1.40663 0.04906 0.38208 0.96489 3.66577 4.20028
135037 P 0 1 74.91980 0.16850 13.74393 0.47789 1.41999 0.04930 0.38799 0.97808 3.66583 4.18870
135038 P 0 1 74.87571 0.17009 13.76562 0.47845 1.43258 0.04953 0.39366 0.99068 3.66587 4.17781
135039 P 0 1 74.83946 0.17140 13.78328 0.47908 1.44281 0.04972 0.39833 1.00103 3.66591 4.16898
135040 P 0 1 74.60884 0.18139 13.88846 0.51099 1.48514 0.05149 0.42435 1.05693 3.66711 4.12530
135041 P 0 1 74.63590 0.18032 13.87596 0.50935 1.47846 0.05132 0.42093 1.04947 3.66709 4.13121
135042 P 0 1 74.70021 0.17787 13.84573 0.50691 1.46143 0.05095 0.41263 1.03128 3.66706 4.14593
135043 P 0 1 74.78345 0.17476 13.80589 0.50474 1.43860 0.05049 0.40186 1.00755 3.66702 4.16565
135044 P 0 1 74.86790 0.17169 13.76456 0.50384 1.41444 0.05004 0.39087 0.98319 3.66697 4.18649
135045 P 0 1 74.94484 0.16897 13.72597 0.50456 1.39126 0.04966 0.38076 0.96063 3.66693 4.20642
135046 P 0 1 75.01069 0.16673 13.69207 0.50677 1.37022 0.04936 0.37197 0.94088 3.66691 4.22439
135047 P 0 1 75.06432 0.16496 13.66372 0.51007 1.35199 0.04914 0.36467 0.92436 3.66692 4.23985
135048 P 0 1 75.10595 0.16365 13.64109 0.51405 1.33681 0.04899 0.35883 0.91109 3.66695 4.25259
135049 P 0 1 75.13665 0.16274 13.62386 0.51840 1.32459 0.04890 0.35435 0.90083 3.66701 4.26266
135050 P 0 1 75.15800 0.16217 13.61137 0.52293 1.31501 0.04886 0.35104 0.89317 3.66709 4.27035
135051 P 0 1 75.17163 0.16187 13.60286 0.52755 1.30765 0.04887 0.34868 0.88767 3.66720 4.27603
135052 P 0 1 75.17894 0.16179 13.59766 0.53218 1.30215 0.04890 0.34712 0.88394 3.66732 4.28000
135053 P 0 1 75.18094 0.16190 13.59529 0.53672 1.29828 0.04896 0.34622 0.88174 3.66745 4.28249
135054 P 0 1 75.32583 0.15739 13.51018 0.55680 1.24240 0.04849 0.32571 0.83459 3.66732 4.33130
135055 P 0 1 75.32700 0.15749 13.50813 0.56101 1.23917 0.04854 0.32499 0.83279 3.66742 4.33346
135056 P 0 1 75.32437 0.15771 13.50834 0.56473 1.23739 0.04861 0.32480 0.83221 3.66753 4.33433
135057 P 0 1 75.31821 0.15803 13.51071 0.56786 1.23703 0.04869 0.32511 0.83280 3.66764 4.33393
135058 P 0 1 75.30889 0.15845 13.51504 0.57034 1.23801 0.04878 0.32589 0.83448 3.66775 4.33236
135059 P 0 1 75.20022 0.16334 13.56562 0.59790 1.25064 0.04977 0.33531 0.85478 3.66897 4.31345
135060 P 0 1 75.18268 0.16406 13.57453 0.59992 1.25430 0.04989 0.33719 0.85893 3.66910 4.30940
135061 P 0 1 75.17738 0.16321 13.58763 0.56847 1.27695 0.04947 0.34219 0.87140 3.66837 4.29493
135062 P 0 1 75.15749 0.16396 13.59815 0.56909 1.28223 0.04959 0.34457 0.87671 3.66847 4.28974
135063 P 0 1 75.13735 0.16471 13.60884 0.56945 1.28777 0.04971 0.34701 0.88221 3.66856 4.28439
135064 P 0 1 75.11736 0.16545 13.61947 0.56962 1.29339 0.04982 0.34948 0.88774 3.66865 4.27903
135065 P 0 1 75.09784 0.16617 13.62985 0.56966 1.29898 0.04992 0.35191 0.89320 3.66872 4.27375
135066 P 0 1 74.99782 0.17046 13.67776 0.58575 1.31666 0.05071 0.36224 0.91572 3.66947 4.25343
135067 P 0 1 74.97757 0.17122 13.68829 0.58590 1.32237 0.05082 0.36479 0.92142 3.66952 4.24811
135068 P 0 1 74.95839 0.17194 13.69823 0.58597 1.32783 0.05092 0.36722 0.92685 3.66957 4.24306
135069 P 0 1 74.94038 0.17261 13.70756 0.58598 1.33300 0.05102 0.36952 0.93199 3.66962 4.23832
135070 P 0 1 74.94836 0.17226 13.70379 0.58471 1.33158 0.05096 0.36868 0.93017 3.66956 4.23992
135071 P 0 1 74.48631 0.18858 13.93638 0.56334 1.48080 0.05305 0.43319 1.07374 3.66892 4.11569
135072 P 0 1 74.46183 0.18949 13.94782 0.56322 1.48804 0.05317 0.43658 1.08118 3.66886 4.10979
135073 P 0 1 74.43909 0.19033 13.95842 0.56307 1.49480 0.05328 0.43975 1.08813 3.66880 4.10432
135074 P 0 1 74.41804 0.19111 13.96819 0.56288 1.50110 0.05339 0.44270 1.09459 3.66874 4.09926
135075 P 0 1 73.95162 0.21277 14.16183 0.64067 1.58051 0.05707 0.49763 1.20987 3.66944 4.01858
135076 P 0 1 73.92732 0.21375 14.17220 0.64109 1.58726 0.05720 0.50115 1.21741 3.66932 4.01331
135077 P 0 1 73.90489 0.21464 14.18173 0.64144 1.59350 0.05732 0.50442 1.22440 3.66920 4.00846
135078 P 0 1 73.88424 0.21547 14.19047 0.64173 1.59928 0.05743 0.50744 1.23086 3.66909 4.00400
135079 P 0 1 73.86528 0.21622 14.19847 0.64196 1.60460 0.05753 0.51022 1.23682 3.66898 3.99990
135080 P 0 1 73.84792 0.21692 14.20578 0.64215 1.60950 0.05762 0.51278 1.24229 3.66888 3.99616
135081 P 0 1 73.83205 0.21755 14.21245 0.64228 1.61400 0.05771 0.51513 1.24731 3.66878 3.99273
135082 P 0 1 73.68886 0.22029 14.27869 0.59049 1.69388 0.05751 0.54491 1.31359 3.66593 3.94586
135083 P 0 1 73.76155 0.21742 14.24935 0.58918 1.67354 0.05714 0.53405 1.29050 3.66643 3.96084
135084 P 0 1 73.69448 0.22499 14.26282 0.68320 1.62542 0.05906 0.52954 1.27609 3.66910 3.97531
135085 P 0 1 73.68336 0.22544 14.26741 0.68324 1.62860 0.05912 0.53122 1.27967 3.66902 3.97293
135086 P 0 1 73.67333 0.22584 14.27155 0.68324 1.63148 0.05917 0.53274 1.28291 3.66895 3.97077
135330 P 0 1 75.93991 0.13761 13.08002 0.69090 0.98980 0.04646 0.23946 0.63212 3.66262 4.58109
135331 P 0 1 75.93922 0.13764 13.08041 0.69103 0.98992 0.04646 0.23952 0.63226 3.66263 4.58092
135332 P 0 1 75.93834 0.13767 13.08089 0.69121 0.99006 0.04647 0.23959 0.63241 3.66264 4.58070
135333 P 0 1 75.93726 0.13772 13.08147 0.69146 0.99022 0.04648 0.23967 0.63260 3.66266 4.58045
135334 P 0 1 75.93596 0.13777 13.08216 0.69178 0.99040 0.04649 0.23977 0.63283 3.66268 4.58016
135335 P 0 1 75.93443 0.13783 13.08296 0.69218 0.99061 0.04650 0.23989 0.63309 3.66270 4.57982
135336 P 0 1 75.33529 0.16317 13.35288 0.90898 1.04348 0.05207 0.27981 0.72053 3.66969 4.47410
135337 P 0 1 75.33421 0.16321 13.35333 0.90940 1.04357 0.05208 0.27988 0.72069 3.66970 4.47392
135338 P 0 1 75.33280 0.16327 13.35393 0.90994 1.04369 0.05209 0.27998 0.72090 3.66971 4.47368
135339 P 0 1 75.33103 0.16335 13.35467 0.91062 1.04385 0.05211 0.28010 0.72116 3.66973 4.47338
135340 P 0 1 75.32891 0.16344 13.35557 0.91144 1.04403 0.05213 0.28025 0.72148 3.66975 4.47302
135341 P 0 1 75.32641 0.16355 13.35662 0.91240 1.04425 0.05215 0.28042 0.72185 3.66977 4.47259
135342 P 0 1 75.32354 0.16367 13.35783 0.91351 1.04450 0.05218 0.28061 0.72227 3.66979 4.47211
135343 P 0 1 75.32029 0.16381 13.35919 0.91477 1.04477 0.05221 0.28083 0.72275 3.66982 4.47156
135344 P 0 1 75.31667 0.16397 13.36070 0.91618 1.04508 0.05224 0.28108 0.72328 3.66984 4.47095
135345 P 0 1 75.31267 0.16414 13.36237 0.91774 1.04542 0.05228 0.28135 0.72387 3.66988 4.47028
135346 P 0 1 75.30830 0.16433 13.36419 0.91946 1.04579 0.05232 0.28165 0.72450 3.66991 4.46954
135347 P 0 1 75.30357 0.16454 13.36616 0.92132 1.04619 0.05236 0.28197 0.72520 3.66995 4.46875
135348 P 0 1 75.29848 0.16476 13.36827 0.92332 1.04661 0.05241 0.28231 0.72594 3.66999 4.46791
135349 P 0 1 75.02846 0.17492 13.57580 0.81902 1.17010 0.05328 0.32708 0.82954 3.67247 4.34933
135350 P 0 1 74.80039 0.18358 13.71499 0.78339 1.25175 0.05430 0.36025 0.90458 3.67333 4.27343
135351 P 0 1 74.79517 0.18384 13.71703 0.78537 1.25210 0.05435 0.36065 0.90542 3.67337 4.27270
135352 P 0 1 74.78967 0.18410 13.71917 0.78746 1.25248 0.05440 0.36108 0.90630 3.67340 4.27194
135353 P 0 1 75.02267 0.17319 13.62178 0.71230 1.23014 0.05222 0.34174 0.86542 3.67173 4.30880
135354 P 0 1 75.27537 0.16069 13.52247 0.60268 1.22616 0.04941 0.32552 0.83249 3.66866 4.33653
135355 P 0 1 75.26785 0.16104 13.52586 0.60491 1.22685 0.04948 0.32613 0.83379 3.66875 4.33533
135356 P 0 1 75.35572 0.15699 13.48618 0.57816 1.21941 0.04863 0.31920 0.81902 3.66765 4.34903
135357 P 0 1 75.61298 0.14698 13.34657 0.55542 1.16140 0.04687 0.29218 0.75811 3.66518 4.41431
135358 P 0 1 75.60161 0.14747 13.35219 0.55821 1.16277 0.04697 0.29312 0.76015 3.66534 4.41218
135359 P 0 1 75.58951 0.14799 13.35815 0.56120 1.16421 0.04708 0.29411 0.76232 3.66551 4.40992
135360 P 0 1 75.57663 0.14855 13.36447 0.56440 1.16574 0.04719 0.29516 0.76463 3.66569 4.40753
135361 P 0 1 75.56290 0.14914 13.37119 0.56784 1.16737 0.04732 0.29628 0.76709 3.66588 4.40499
135362 P 0 1 75.54827 0.14978 13.37832 0.57152 1.16909 0.04745 0.29748 0.76971 3.66608 4.40230
135363 P 0 1 75.53266 0.15045 13.38591 0.57546 1.17093 0.04759 0.29876 0.77251 3.66629 4.39943
135364 P 0 1 75.55641 0.14927 13.37644 0.56401 1.17174 0.04730 0.29754 0.77010 3.66586 4.40133
135365 P 0 1 75.63275 0.14579 13.34118 0.53903 1.16684 0.04652 0.29211 0.75852 3.66464 4.41262
135366 P 0 1 75.59355 0.14833 13.34889 0.57876 1.15156 0.04729 0.29132 0.75534 3.66583 4.41913
135367 P 0 1 75.51452 0.15149 13.39127 0.58897 1.16730 0.04788 0.29907 0.77276 3.66670 4.40004
135368 P 0 1 75.49459 0.15232 13.40145 0.59264 1.17058 0.04804 0.30090 0.77682 3.66694 4.39574
135369 P 0 1 75.48023 0.15285 13.40971 0.59284 1.17450 0.04812 0.30254 0.78057 3.66706 4.39159
135370 P 0 1 75.47318 0.15299 13.41540 0.58862 1.17921 0.04811 0.30392 0.78387 3.66703 4.38766
135371 P 0 1 75.46843 0.15300 13.42043 0.58260 1.18447 0.04805 0.30528 0.78717 3.66695 4.38362
135372 P 0 1 75.46297 0.15301 13.42592 0.57630 1.19015 0.04800 0.30676 0.79077 3.66686 4.37925
135373 P 0 1 75.45580 0.15309 13.43229 0.57018 1.19623 0.04795 0.30843 0.79478 3.66679 4.37446
135374 P 0 1 75.44650 0.15326 13.43970 0.56439 1.20275 0.04793 0.31030 0.79926 3.66672 4.36919
135375 P 0 1 75.32467 0.15765 13.50862 0.56339 1.23822 0.04859 0.32495 0.83260 3.66749 4.33383
135376 P 0 1 75.46872 0.15036 13.44779 0.50327 1.23939 0.04688 0.31608 0.81477 3.66490 4.34784
135377 P 0 1 75.45094 0.15084 13.45887 0.49966 1.24722 0.04692 0.31870 0.82088 3.66489 4.34108
135378 P 0 1 75.43015 0.15144 13.47143 0.49644 1.25567 0.04698 0.32163 0.82769 3.66491 4.33368
135379 P 0 1 75.40616 0.15217 13.48555 0.49361 1.26478 0.04706 0.32489 0.83525 3.66495 4.32560
135380 P 0 1 75.42835 0.15082 13.47723 0.48003 1.26870 0.04671 0.32417 0.83418 3.66434 4.32548
135381 P 0 1 75.39632 0.15186 13.49536 0.47819 1.27949 0.04685 0.32827 0.84360 3.66445 4.31563
135382 P 0 1 75.36041 0.15304 13.51534 0.47672 1.29114 0.04701 0.33282 0.85399 3.66457 4.30496
135383 P 0 1 75.32045 0.15438 13.53724 0.47563 1.30371 0.04720 0.33783 0.86542 3.66472 4.29343
135384 P 0 1 75.07181 0.16337 13.66639 0.48201 1.37174 0.04860 0.36784 0.93279 3.66580 4.22966
135385 P 0 1 75.03177 0.16473 13.68702 0.48116 1.38422 0.04879 0.37306 0.94455 3.66584 4.21885
135386 P 0 1 74.98854 0.16623 13.70901 0.48063 1.39742 0.04900 0.37869 0.95716 3.66588 4.20745
135387 P 0 1 74.94290 0.16782 13.73195 0.48039 1.41110 0.04923 0.38462 0.97042 3.66592 4.19565
135388 P 0 1 74.89669 0.16945 13.75492 0.48035 1.42481 0.04946 0.39063 0.98384 3.66595 4.18390
135389 P 0 1 74.85386 0.17096 13.77601 0.48036 1.43748 0.04968 0.39624 0.99632 3.66596 4.17313
135390 P 0 1 74.82225 0.17206 13.79149 0.48011 1.44706 0.04983 0.40044 1.00567 3.66595 4.16512
135391 P 0 1 74.81428 0.17229 13.79555 0.47910 1.45026 0.04985 0.40165 1.00841 3.66590 4.16271
135392 P 0 1 74.63370 0.18032 13.87725 0.50788 1.48029 0.05130 0.42145 1.05070 3.66702 4.13009
135393 P 0 1 74.69462 0.17795 13.84881 0.50464 1.46489 0.05094 0.41372 1.03382 3.66696 4.14365
135394 P 0 1 74.77030 0.17509 13.81282 0.50194 1.44471 0.05050 0.40402 1.01249 3.66689 4.16123
135395 P 0 1 74.84756 0.17226 13.77525 0.50073 1.42289 0.05009 0.39401 0.99031 3.66685 4.18006
135396 P 0 1 74.91818 0.16977 13.74003 0.50143 1.40154 0.04974 0.38468 0.96952 3.66683 4.19827
135397 P 0 1 74.97870 0.16773 13.70902 0.50387 1.38186 0.04948 0.37650 0.95115 3.66685 4.21485
135398 P 0 1 75.02843 0.16613 13.68282 0.50750 1.36447 0.04928 0.36960 0.93554 3.66690 4.22933
135399 P 0 1 75.06785 0.16491 13.66147 0.51179 1.34964 0.04915 0.36397 0.92271 3.66697 4.24152
135400 P 0 1 75.09789 0.16404 13.64470 0.51640 1.33739 0.04907 0.35951 0.91250 3.66706 4.25145
135401 P 0 1 75.24376 0.15960 13.56172 0.53596 1.28066 0.04862 0.33859 0.86455 3.66716 4.29937
135402 P 0 1 75.26584 0.15899 13.54824 0.54086 1.27079 0.04857 0.33520 0.85669 3.66720 4.30760
135403 P 0 1 75.28213 0.15858 13.53786 0.54565 1.26271 0.04856 0.33255 0.85050 3.66725 4.31421
135404 P 0 1 75.29342 0.15834 13.53020 0.55025 1.25624 0.04857 0.33054 0.84577 3.66732 4.31936
135405 P 0 1 75.30030 0.15824 13.52502 0.55458 1.25126 0.04859 0.32910 0.84235 3.66740 4.32316
135406 P 0 1 75.30321 0.15827 13.52212 0.55853 1.24769 0.04864 0.32820 0.84016 3.66749 4.32568
135407 P 0 1 75.30249 0.15841 13.52136 0.56203 1.24549 0.04869 0.32781 0.83913 3.66758 4.32699
135408 P 0 1 75.29850 0.15866 13.52258 0.56502 1.24460 0.04876 0.32788 0.83918 3.66768 4.32715
135409 P 0 1 75.29160 0.15899 13.52558 0.56746 1.24490 0.04883 0.32838 0.84022 3.66778 4.32626
135410 P 0 1 75.28227 0.15940 13.53009 0.56938 1.24627 0.04891 0.32924 0.84210 3.66788 4.32445
135411 P 0 1 75.27101 0.15986 13.53582 0.57084 1.24850 0.04899 0.33041 0.84469 3.66798 4.32191
135412 P 0 1 75.16554 0.16356 13.59475 0.56608 1.28199 0.04950 0.34399 0.87554 3.66836 4.29069
135413 P 0 1 75.14842 0.16421 13.60371 0.56685 1.28638 0.04961 0.34600 0.88004 3.66845 4.28633
135414 P 0 1 75.13083 0.16488 13.61297 0.56735 1.29109 0.04971 0.34812 0.88477 3.66853 4.28175
135415 P 0 1 75.11317 0.16554 13.62230 0.56766 1.29596 0.04981 0.35028 0.88961 3.66861 4.27708
135416 P 0 1 75.01692 0.16967 13.66840 0.58358 1.31265 0.05057 0.36012 0.91107 3.66935 4.25766
135417 P 0 1 74.99761 0.17040 13.67841 0.58392 1.31797 0.05068 0.36252 0.91643 3.66942 4.25265
135418 P 0 1 74.97904 0.17110 13.68803 0.58414 1.32315 0.05078 0.36485 0.92162 3.66947 4.24780
135419 P 0 1 74.96132 0.17176 13.69720 0.58428 1.32815 0.05088 0.36709 0.92662 3.66952 4.24317
135420 P 0 1 74.96867 0.17145 13.69371 0.58316 1.32681 0.05083 0.36631 0.92493 3.66947 4.24467
135421 P 0 1 74.95349 0.17201 13.70159 0.58314 1.33119 0.05091 0.36825 0.92926 3.66951 4.24065
135422 P 0 1 74.93933 0.17254 13.70893 0.58307 1.33531 0.05098 0.37007 0.93333 3.66954 4.23690
135423 P 0 1 74.92621 0.17302 13.71573 0.58296 1.33916 0.05105 0.37177 0.93713 3.66956 4.23341
135424 P 0 1 74.91411 0.17347 13.72199 0.58281 1.34275 0.05112 0.37335 0.94065 3.66958 4.23018
135425 P 0 1 74.55744 0.18980 13.87998 0.65758 1.39495 0.05414 0.40963 1.01795 3.67173 4.16681
135426 P 0 1 73.95810 0.21244 14.15935 0.63896 1.57983 0.05701 0.49694 1.20847 3.66942 4.01948
135427 P 0 1 73.93417 0.21340 14.16955 0.63944 1.58643 0.05714 0.50039 1.21586 3.66930 4.01431
135428 P 0 1 73.91200 0.21429 14.17897 0.63985 1.59256 0.05726 0.50361 1.22274 3.66919 4.00953
135429 P 0 1 73.89153 0.21511 14.18764 0.64020 1.59824 0.05737 0.50659 1.22912 3.66908 4.00512
135430 P 0 1 73.87266 0.21586 14.19560 0.64050 1.60350 0.05747 0.50935 1.23502 3.66898 4.00107
135431 P 0 1 73.85532 0.21656 14.20290 0.64074 1.60835 0.05756 0.51190 1.24046 3.66888 3.99734
135432 P 0 1 73.83942 0.21719 14.20957 0.64094 1.61282 0.05765 0.51424 1.24547 3.66879 3.99392
135433 P 0 1 73.69569 0.21995 14.27608 0.58922 1.69284 0.05746 0.54407 1.31186 3.66593 3.94690
135434 P 0 1 73.76840 0.21708 14.24670 0.58797 1.67246 0.05708 0.53320 1.28876 3.66643 3.96191
135435 P 0 1 73.70192 0.22462 14.25999 0.68174 1.62428 0.05900 0.52863 1.27423 3.66911 3.97648
135436 P 0 1 73.69058 0.22508 14.26467 0.68185 1.62746 0.05906 0.53034 1.27785 3.66903 3.97407
135681 P 0 1 75.93725 0.13772 13.08130 0.69180 0.99005 0.04648 0.23964 0.63251 3.66266 4.58060
135682 P 0 1 75.93647 0.13775 13.08173 0.69196 0.99017 0.04649 0.23970 0.63265 3.66267 4.58041
135683 P 0 1 75.93550 0.13779 13.08225 0.69217 0.99032 0.04650 0.23977 0.63282 3.66268 4.58018
135684 P 0 1 75.93434 0.13784 13.08287 0.69245 0.99048 0.04651 0.23986 0.63302 3.66270 4.57992
135685 P 0 1 75.93297 0.13789 13.08359 0.69280 0.99067 0.04652 0.23997 0.63326 3.66272 4.57961
135686 P 0 1 75.32768 0.16349 13.35631 0.91146 1.04434 0.05214 0.28038 0.72179 3.66976 4.47264
135687 P 0 1 75.32672 0.16353 13.35672 0.91182 1.04443 0.05214 0.28045 0.72193 3.66977 4.47248
135688 P 0 1 75.32546 0.16359 13.35726 0.91230 1.04455 0.05216 0.28054 0.72212 3.66978 4.47226
135689 P 0 1 75.32389 0.16366 13.35792 0.91290 1.04469 0.05217 0.28065 0.72236 3.66979 4.47199
135690 P 0 1 75.32199 0.16374 13.35873 0.91362 1.04486 0.05219 0.28078 0.72264 3.66981 4.47166
135691 P 0 1 75.31975 0.16384 13.35967 0.91448 1.04505 0.05221 0.28093 0.72297 3.66982 4.47128
135692 P 0 1 75.31717 0.16395 13.36076 0.91547 1.04528 0.05223 0.28111 0.72336 3.66984 4.47084
135693 P 0 1 75.31425 0.16407 13.36199 0.91659 1.04554 0.05226 0.28131 0.72379 3.66987 4.47034
135694 P 0 1 75.31097 0.16422 13.36336 0.91786 1.04582 0.05229 0.28153 0.72427 3.66989 4.46979
135695 P 0 1 75.30735 0.16437 13.36488 0.91927 1.04613 0.05232 0.28178 0.72481 3.66992 4.46918
135696 P 0 1 75.30338 0.16454 13.36653 0.92081 1.04647 0.05236 0.28205 0.72539 3.66995 4.46851
135697 P 0 1 75.29907 0.16473 13.36833 0.92250 1.04684 0.05240 0.28234 0.72602 3.66999 4.46778
135698 P 0 1 75.29441 0.16493 13.37026 0.92433 1.04723 0.05244 0.28266 0.72670 3.67002 4.46701
135699 P 0 1 75.28942 0.16515 13.37233 0.92631 1.04764 0.05249 0.28299 0.72743 3.67006 4.46618
135700 P 0 1 75.01800 0.17538 13.58065 0.82147 1.17168 0.05337 0.32805 0.83164 3.67254 4.34722
135701 P 0 1 74.78921 0.18408 13.72008 0.78567 1.25359 0.05439 0.36138 0.90702 3.67339 4.27120
135702 P 0 1 74.78435 0.18432 13.72194 0.78760 1.25387 0.05443 0.36174 0.90777 3.67342 4.27055
135703 P 0 1 74.77923 0.18457 13.72389 0.78966 1.25416 0.05449 0.36212 0.90855 3.67345 4.26988
135704 P 0 1 75.01385 0.17358 13.62590 0.71416 1.23153 0.05229 0.34259 0.86727 3.67179 4.30704
135705 P 0 1 75.00762 0.17388 13.62846 0.71637 1.23198 0.05235 0.34307 0.86827 3.67185 4.30614
135706 P 0 1 75.25960 0.16139 13.52987 0.60656 1.22812 0.04955 0.32690 0.83548 3.66883 4.33368
135707 P 0 1 75.34765 0.15734 13.49014 0.57980 1.22062 0.04869 0.31995 0.82065 3.66774 4.34743
135708 P 0 1 75.35692 0.15828 13.46801 0.62565 1.18854 0.04925 0.31269 0.80260 3.66856 4.36950
135709 P 0 1 75.59262 0.14785 13.35673 0.56012 1.16404 0.04705 0.29389 0.76187 3.66546 4.41037
135710 P 0 1 75.58040 0.14838 13.36272 0.56321 1.16546 0.04716 0.29488 0.76404 3.66564 4.40812
135711 P 0 1 75.56735 0.14894 13.36909 0.56653 1.16697 0.04728 0.29594 0.76636 3.66582 4.40573
135712 P 0 1 75.55342 0.14955 13.37586 0.57010 1.16857 0.04740 0.29707 0.76883 3.66601 4.40319
135713 P 0 1 75.53851 0.15020 13.38308 0.57395 1.17026 0.04754 0.29828 0.77147 3.66621 4.40049
135714 P 0 1 75.52255 0.15090 13.39079 0.57812 1.17206 0.04769 0.29958 0.77429 3.66643 4.39761
135715 P 0 1 75.61401 0.14674 13.34867 0.54836 1.16584 0.04676 0.29301 0.76025 3.66502 4.41135
135716 P 0 1 75.62220 0.14625 13.34625 0.54203 1.16780 0.04663 0.29292 0.76026 3.66480 4.41086
135717 P 0 1 75.58158 0.14887 13.35445 0.58254 1.15250 0.04741 0.29219 0.75722 3.66600 4.41723
135718 P 0 1 75.55650 0.14994 13.36686 0.58850 1.15575 0.04763 0.29429 0.76183 3.66634 4.41237
135719 P 0 1 75.47672 0.15317 13.40898 0.59996 1.17094 0.04823 0.30201 0.77911 3.66721 4.39366
135720 P 0 1 75.45928 0.15386 13.41838 0.60180 1.17469 0.04836 0.30380 0.78314 3.66738 4.38931
135721 P 0 1 75.45801 0.15371 13.42193 0.59449 1.17972 0.04827 0.30492 0.78594 3.66726 4.38576
135722 P 0 1 75.45584 0.15358 13.42600 0.58707 1.18513 0.04818 0.30616 0.78902 3.66714 4.38189
135723 P 0 1 75.45153 0.15354 13.43107 0.58013 1.19088 0.04812 0.30759 0.79253 3.66703 4.37759
135724 P 0 1 75.44491 0.15360 13.43724 0.57369 1.19700 0.04806 0.30924 0.79650 3.66694 4.37283
135725 P 0 1 75.32531 0.15792 13.50526 0.57223 1.23204 0.04871 0.32365 0.82934 3.66770 4.33782
135726 P 0 1 75.32192 0.15795 13.50809 0.56947 1.23487 0.04869 0.32444 0.83122 3.66766 4.33568
135727 P 0 1 75.30927 0.15824 13.51690 0.56419 1.24208 0.04868 0.32669 0.83652 3.66760 4.32983
135728 P 0 1 75.29405 0.15863 13.52692 0.55930 1.24979 0.04870 0.32921 0.84240 3.66756 4.32344
135729 P 0 1 75.42186 0.15183 13.47528 0.49891 1.25622 0.04706 0.32227 0.82904 3.66504 4.33249
135730 P 0 1 75.44872 0.15031 13.46463 0.48462 1.25922 0.04668 0.32108 0.82695 3.66439 4.33340
135731 P 0 1 75.42018 0.15121 13.48105 0.48245 1.26922 0.04679 0.32480 0.83551 3.66447 4.32432
135732 P 0 1 75.38797 0.15225 13.49924 0.48065 1.28001 0.04693 0.32892 0.84497 3.66458 4.31446
135733 P 0 1 75.35194 0.15344 13.51927 0.47922 1.29166 0.04710 0.33348 0.85539 3.66471 4.30378
135734 P 0 1 75.09639 0.16269 13.65288 0.48588 1.36142 0.04854 0.36415 0.92433 3.66590 4.23781
135735 P 0 1 75.05969 0.16393 13.67202 0.48468 1.37317 0.04871 0.36898 0.93523 3.66593 4.22766
135736 P 0 1 75.01967 0.16529 13.69262 0.48376 1.38570 0.04890 0.37422 0.94702 3.66597 4.21685
135737 P 0 1 74.97663 0.16677 13.71451 0.48309 1.39894 0.04911 0.37985 0.95964 3.66600 4.20545
135738 P 0 1 74.93128 0.16835 13.73731 0.48262 1.41273 0.04933 0.38579 0.97292 3.66603 4.19365
135739 P 0 1 74.88519 0.16996 13.76025 0.48224 1.42666 0.04955 0.39185 0.98645 3.66604 4.18180
135740 P 0 1 74.84172 0.17147 13.78169 0.48181 1.43990 0.04976 0.39762 0.99931 3.66603 4.17070
135741 P 0 1 74.80840 0.17260 13.79809 0.48097 1.45046 0.04992 0.40215 1.00940 3.66599 4.16203
135742 P 0 1 74.80161 0.17274 13.80170 0.47906 1.45405 0.04991 0.40333 1.01214 3.66590 4.15955
135743 P 0 1 74.83576 0.17134 13.78569 0.47558 1.44681 0.04967 0.39935 1.00348 3.66574 4.16658
135744 P 0 1 74.89894 0.16888 13.75546 0.47128 1.43163 0.04927 0.39171 0.98670 3.66554 4.18059
135745 P 0 1 74.76878 0.17493 13.81428 0.49800 1.44831 0.05044 0.40482 1.01445 3.66673 4.15925
135746 P 0 1 74.84126 0.17225 13.77922 0.49627 1.42830 0.05004 0.39550 0.99386 3.66666 4.17663
135747 P 0 1 74.90499 0.17003 13.74749 0.49725 1.40873 0.04973 0.38702 0.97493 3.66667 4.19315
135748 P 0 1 74.95843 0.16828 13.72004 0.50038 1.39054 0.04952 0.37963 0.95830 3.66674 4.20815
135749 P 0 1 75.11230 0.16364 13.63650 0.51895 1.33127 0.04904 0.35733 0.90748 3.66711 4.25638
135750 P 0 1 75.15444 0.16234 13.61297 0.52399 1.31527 0.04890 0.35133 0.89378 3.66714 4.26985
135751 P 0 1 75.18931 0.16130 13.59299 0.52915 1.30135 0.04880 0.34626 0.88215 3.66718 4.28152
135752 P 0 1 75.21754 0.16048 13.57638 0.53426 1.28947 0.04873 0.34205 0.87244 3.66722 4.29143
135753 P 0 1 75.23980 0.15987 13.56289 0.53921 1.27948 0.04869 0.33862 0.86448 3.66727 4.29968
135754 P 0 1 75.25678 0.15943 13.55223 0.54393 1.27123 0.04867 0.33588 0.85810 3.66733 4.30642
135755 P 0 1 75.26905 0.15915 13.54415 0.54839 1.26455 0.04867 0.33376 0.85313 3.66740 4.31175
135756 P 0 1 75.27714 0.15901 13.53841 0.55252 1.25934 0.04869 0.33220 0.84944 3.66747 4.31579
135757 P 0 1 75.28145 0.15898 13.53485 0.55627 1.25550 0.04872 0.33115 0.84693 3.66755 4.31861
135758 P 0 1 75.28234 0.15906 13.53328 0.55959 1.25294 0.04877 0.33058 0.84551 3.66763 4.32029
135759 P 0 1 75.28018 0.15924 13.53353 0.56246 1.25159 0.04882 0.33045 0.84510 3.66772 4.32091
135760 P 0 1 75.27533 0.15950 13.53541 0.56485 1.25135 0.04888 0.33071 0.84560 3.66780 4.32057
135761 P 0 1 75.26821 0.15982 13.53870 0.56678 1.25206 0.04895 0.33131 0.84688 3.66789 4.31940
135762 P 0 1 75.25924 0.16020 13.54313 0.56830 1.25360 0.04902 0.33219 0.84881 3.66797 4.31754
135763 P 0 1 75.26891 0.15878 13.54739 0.53821 1.27179 0.04851 0.33520 0.85679 3.66711 4.30730
135764 P 0 1 75.13886 0.16449 13.60948 0.56470 1.29062 0.04963 0.34749 0.88347 3.66843 4.28283
135765 P 0 1 75.12360 0.16507 13.61745 0.56532 1.29458 0.04972 0.34930 0.88752 3.66850 4.27894
135766 P 0 1 75.03150 0.16904 13.66147 0.58114 1.31013 0.05046 0.35862 0.90781 3.66925 4.26058
135767 P 0 1 75.01370 0.16972 13.67064 0.58170 1.31486 0.05056 0.36079 0.91265 3.66931 4.25605
135768 P 0 1 74.99623 0.17039 13.67966 0.58212 1.31960 0.05066 0.36295 0.91746 3.66937 4.25156
135769 P 0 1 75.00211 0.17014 13.67683 0.58129 1.31848 0.05062 0.36232 0.91609 3.66934 4.25279
135770 P 0 1 74.98643 0.17073 13.68496 0.58147 1.32286 0.05070 0.36429 0.92048 3.66938 4.24870
135771 P 0 1 74.97150 0.17128 13.69270 0.58157 1.32709 0.05079 0.36618 0.92469 3.66942 4.24478
135772 P 0 1 74.95739 0.17181 13.70001 0.58160 1.33112 0.05086 0.36797 0.92870 3.66946 4.24107
135773 P 0 1 74.94414 0.17230 13.70687 0.58159 1.33495 0.05093 0.36967 0.93249 3.66949 4.23758
135774 P 0 1 74.93178 0.17276 13.71326 0.58152 1.33855 0.05100 0.37126 0.93605 3.66951 4.23431
135775 P 0 1 74.92032 0.17318 13.71918 0.58142 1.34192 0.05106 0.37275 0.93937 3.66953 4.23126
135776 P 0 1 74.56594 0.18941 13.87631 0.65581 1.39368 0.05407 0.40874 1.01606 3.67170 4.16830
135777 P 0 1 74.55133 0.19000 13.88330 0.65632 1.39751 0.05415 0.41063 1.02021 3.67170 4.16484
135778 P 0 1 74.53783 0.19054 13.88976 0.65676 1.40108 0.05423 0.41239 1.02406 3.67171 4.16164
135779 P 0 1 74.52541 0.19104 13.89569 0.65714 1.40438 0.05430 0.41402 1.02762 3.67171 4.15869
135780 P 0 1 73.89742 0.21480 14.18538 0.63873 1.59757 0.05732 0.50594 1.22780 3.66907 4.00596
135781 P 0 1 73.87872 0.21556 14.19327 0.63909 1.60274 0.05742 0.50866 1.23362 3.66897 4.00196
135782 P 0 1 73.86148 0.21625 14.20052 0.63939 1.60752 0.05751 0.51119 1.23901 3.66887 3.99827
135783 P 0 1 73.84561 0.21688 14.20718 0.63965 1.61194 0.05760 0.51351 1.24398 3.66878 3.99487
135784 P 0 1 73.70140 0.21966 14.27391 0.58800 1.69210 0.05741 0.54339 1.31048 3.66593 3.94772
135785 P 0 1 73.77421 0.21679 14.24447 0.58681 1.67164 0.05703 0.53251 1.28734 3.66642 3.96278
135786 P 0 1 73.70837 0.22430 14.25756 0.68032 1.62338 0.05895 0.52787 1.27268 3.66911 3.97745
135787 P 0 1 73.69688 0.22477 14.26229 0.68052 1.62655 0.05901 0.52958 1.27632 3.66904 3.97503
136032 P 0 1 75.93478 0.13782 13.08249 0.69263 0.99027 0.04651 0.23980 0.63286 3.66270 4.58015
136033 P 0 1 75.93392 0.13786 13.08295 0.69282 0.99040 0.04651 0.23986 0.63302 3.66271 4.57995
136034 P 0 1 75.93288 0.13790 13.08351 0.69306 0.99055 0.04652 0.23994 0.63320 3.66272 4.57971
136035 P 0 1 75.32121 0.16377 13.35924 0.91356 1.04509 0.05219 0.28087 0.72286 3.66981 4.47139
136036 P 0 1 75.32058 0.16380 13.35951 0.91378 1.04516 0.05220 0.28092 0.72296 3.66982 4.47128
136037 P 0 1 75.31969 0.16384 13.35989 0.91411 1.04524 0.05221 0.28098 0.72310 3.66983 4.47112
136038 P 0 1 75.31854 0.16389 13.36039 0.91453 1.04535 0.05222 0.28106 0.72327 3.66984 4.47092
136039 P 0 1 75.31711 0.16395 13.36100 0.91506 1.04548 0.05223 0.28116 0.72349 3.66985 4.47067
136040 P 0 1 75.31538 0.16402 13.36174 0.91571 1.04564 0.05224 0.28128 0.72375 3.66986 4.47037
136041 P 0 1 75.31334 0.16411 13.36260 0.91648 1.04583 0.05226 0.28142 0.72406 3.66988 4.47002
136042 P 0 1 75.31100 0.16421 13.36359 0.91737 1.04604 0.05228 0.28159 0.72441 3.66990 4.46961
136043 P 0 1 75.30834 0.16433 13.36471 0.91838 1.04628 0.05231 0.28177 0.72481 3.66992 4.46916
136044 P 0 1 75.30536 0.16446 13.36597 0.91952 1.04654 0.05234 0.28198 0.72525 3.66994 4.46865
136045 P 0 1 75.30206 0.16460 13.36736 0.92079 1.04683 0.05237 0.28220 0.72574 3.66997 4.46809
136046 P 0 1 75.29843 0.16476 13.36887 0.92220 1.04714 0.05240 0.28245 0.72628 3.67000 4.46747
136047 P 0 1 75.29448 0.16493 13.37052 0.92373 1.04748 0.05244 0.28272 0.72686 3.67003 4.46681
136048 P 0 1 75.29021 0.16511 13.37230 0.92540 1.04785 0.05248 0.28301 0.72749 3.67006 4.46609
136049 P 0 1 75.28563 0.16531 13.37420 0.92721 1.04823 0.05252 0.28332 0.72816 3.67009 4.46532
136050 P 0 1 75.28073 0.16553 13.37623 0.92914 1.04864 0.05256 0.28365 0.72888 3.67013 4.46451
136051 P 0 1 75.00796 0.17583 13.58531 0.82381 1.17321 0.05345 0.32898 0.83366 3.67261 4.34518
136052 P 0 1 74.77847 0.18456 13.72498 0.78783 1.25537 0.05447 0.36246 0.90937 3.67344 4.26905
136053 P 0 1 74.77392 0.18479 13.72669 0.78973 1.25559 0.05452 0.36279 0.91004 3.67347 4.26847
136054 P 0 1 74.82637 0.18364 13.67593 0.84765 1.21044 0.05477 0.34847 0.87660 3.67361 4.30251
136055 P 0 1 75.00534 0.17396 13.62989 0.71589 1.23290 0.05236 0.34342 0.86907 3.67185 4.30533
136056 P 0 1 74.99945 0.17424 13.63228 0.71808 1.23327 0.05242 0.34386 0.86999 3.67190 4.30451
136057 P 0 1 75.25168 0.16173 13.53373 0.60807 1.22940 0.04962 0.32766 0.83713 3.66891 4.33207
136058 P 0 1 75.33996 0.15766 13.49394 0.58125 1.22184 0.04876 0.32067 0.82224 3.66782 4.34586
136059 P 0 1 75.34941 0.15861 13.47168 0.62724 1.18966 0.04931 0.31336 0.80409 3.66864 4.36799
136060 P 0 1 75.33996 0.15903 13.47600 0.63003 1.19059 0.04940 0.31412 0.80572 3.66875 4.36641
136061 P 0 1 75.57217 0.14872 13.36689 0.56488 1.16669 0.04723 0.29561 0.76564 3.66574 4.40642
136062 P 0 1 75.55912 0.14929 13.37324 0.56824 1.16817 0.04735 0.29666 0.76795 3.66592 4.40405
136063 P 0 1 75.54517 0.14990 13.38000 0.57185 1.16975 0.04747 0.29779 0.77042 3.66612 4.40153
136064 P 0 1 75.64415 0.14543 13.33382 0.54073 1.16243 0.04648 0.29058 0.75494 3.66457 4.41685
136065 P 0 1 75.62639 0.14620 13.34263 0.54509 1.16453 0.04665 0.29203 0.75811 3.66483 4.41355
136066 P 0 1 75.60729 0.14702 13.35206 0.54981 1.16678 0.04682 0.29358 0.76152 3.66511 4.41001
136067 P 0 1 75.58674 0.14791 13.36217 0.55491 1.16919 0.04701 0.29526 0.76519 3.66540 4.40622
136068 P 0 1 75.54647 0.15056 13.36883 0.59835 1.15231 0.04781 0.29415 0.76119 3.66660 4.41373
136069 P 0 1 75.55039 0.15020 13.36992 0.58986 1.15661 0.04768 0.29481 0.76298 3.66641 4.41114
136070 P 0 1 75.52527 0.15126 13.38245 0.59544 1.16013 0.04790 0.29697 0.76775 3.66673 4.40610
136071 P 0 1 75.50811 0.15193 13.39199 0.59669 1.16417 0.04801 0.29879 0.77188 3.66690 4.40154
136072 P 0 1 75.45244 0.15395 13.42462 0.59584 1.18043 0.04832 0.30539 0.78697 3.66733 4.38471
136073 P 0 1 75.44953 0.15386 13.42895 0.58886 1.18575 0.04824 0.30666 0.79010 3.66722 4.38082
136074 P 0 1 75.44490 0.15384 13.43412 0.58215 1.19143 0.04818 0.30810 0.79362 3.66712 4.37653
136075 P 0 1 75.32718 0.15811 13.50138 0.58046 1.22601 0.04882 0.32231 0.82599 3.66788 4.34187
136076 P 0 1 75.32586 0.15806 13.50316 0.57746 1.22839 0.04878 0.32288 0.82739 3.66782 4.34021
136077 P 0 1 75.31546 0.15826 13.51087 0.57188 1.23509 0.04876 0.32489 0.83215 3.66775 4.33488
136078 P 0 1 75.30269 0.15856 13.51970 0.56671 1.24224 0.04876 0.32714 0.83744 3.66770 4.32906
136079 P 0 1 75.28742 0.15896 13.52971 0.56193 1.24988 0.04877 0.32964 0.84330 3.66766 4.32271
136080 P 0 1 75.32862 0.15675 13.51368 0.54130 1.25240 0.04824 0.32752 0.83928 3.66688 4.32532
136081 P 0 1 75.30713 0.15738 13.52671 0.53752 1.26126 0.04830 0.33065 0.84652 3.66689 4.31764
136082 P 0 1 75.41699 0.15140 13.48225 0.48437 1.26867 0.04684 0.32491 0.83568 3.66456 4.32433
136083 P 0 1 75.38516 0.15244 13.50023 0.48264 1.27929 0.04698 0.32898 0.84501 3.66467 4.31460
136084 P 0 1 75.12363 0.16191 13.63791 0.48962 1.35046 0.04847 0.36017 0.91520 3.66598 4.24665
136085 P 0 1 75.09084 0.16300 13.65523 0.48814 1.36126 0.04861 0.36452 0.92505 3.66601 4.23734
136086 P 0 1 75.05498 0.16420 13.67393 0.48692 1.37277 0.04878 0.36925 0.93572 3.66604 4.22741
136087 P 0 1 75.01614 0.16552 13.69395 0.48593 1.38501 0.04896 0.37436 0.94721 3.66607 4.21687
136088 P 0 1 74.97460 0.16695 13.71512 0.48511 1.39792 0.04915 0.37981 0.95945 3.66609 4.20580
136089 P 0 1 74.93094 0.16845 13.73713 0.48440 1.41138 0.04936 0.38557 0.97234 3.66611 4.19432
136090 P 0 1 74.88619 0.17000 13.75948 0.48371 1.42517 0.04958 0.39150 0.98559 3.66610 4.18268
136091 P 0 1 74.84210 0.17152 13.78130 0.48292 1.43887 0.04978 0.39740 0.99877 3.66608 4.17126
136092 P 0 1 74.80185 0.17288 13.80112 0.48183 1.45170 0.04996 0.40288 1.01099 3.66602 4.16077
136093 P 0 1 74.78244 0.17345 13.81088 0.47970 1.45921 0.05002 0.40578 1.01754 3.66592 4.15507
136094 P 0 1 74.83509 0.17130 13.78621 0.47445 1.44794 0.04965 0.39961 1.00411 3.66569 4.16593
136095 P 0 1 74.90811 0.16840 13.75144 0.46843 1.43129 0.04917 0.39095 0.98515 3.66540 4.18167
136096 P 0 1 74.98525 0.16540 13.71409 0.46294 1.41297 0.04868 0.38177 0.96494 3.66509 4.19887
136097 P 0 1 74.84798 0.17172 13.77699 0.49068 1.43081 0.04990 0.39546 0.99404 3.66642 4.17599
136098 P 0 1 75.00578 0.16688 13.69466 0.50640 1.37194 0.04938 0.37266 0.94242 3.66691 4.22296
136099 P 0 1 75.05610 0.16530 13.66773 0.51106 1.35364 0.04920 0.36556 0.92633 3.66698 4.23811
136100 P 0 1 75.09976 0.16398 13.64368 0.51657 1.33672 0.04907 0.35925 0.91191 3.66706 4.25202
136101 P 0 1 75.13754 0.16287 13.62238 0.52219 1.32151 0.04896 0.35370 0.89919 3.66714 4.26453
136102 P 0 1 75.16967 0.16194 13.60387 0.52766 1.30814 0.04888 0.34891 0.88818 3.66721 4.27554
136103 P 0 1 75.19638 0.16119 13.58814 0.53290 1.29658 0.04882 0.34486 0.87882 3.66727 4.28505
136104 P 0 1 75.21802 0.16060 13.57506 0.53784 1.28675 0.04878 0.34149 0.87102 3.66733 4.29310
136105 P 0 1 75.23498 0.16017 13.56451 0.54247 1.27855 0.04876 0.33875 0.86465 3.66739 4.29977
136106 P 0 1 75.24770 0.15987 13.55629 0.54677 1.27184 0.04876 0.33659 0.85960 3.66746 4.30513
136107 P 0 1 75.25654 0.15969 13.55025 0.55072 1.26652 0.04877 0.33496 0.85575 3.66752 4.30928
136108 P 0 1 75.26188 0.15962 13.54620 0.55428 1.26249 0.04880 0.33381 0.85302 3.66760 4.31229
136109 P 0 1 75.26406 0.15965 13.54400 0.55744 1.25968 0.04883 0.33311 0.85130 3.66767 4.31425
136110 P 0 1 75.26340 0.15977 13.54348 0.56018 1.25797 0.04888 0.33281 0.85052 3.66774 4.31524
136111 P 0 1 75.26025 0.15997 13.54446 0.56250 1.25728 0.04893 0.33287 0.85057 3.66782 4.31536
136112 P 0 1 75.25498 0.16023 13.54673 0.56442 1.25747 0.04899 0.33324 0.85135 3.66790 4.31470
136113 P 0 1 75.24795 0.16054 13.55008 0.56596 1.25843 0.04905 0.33389 0.85274 3.66797 4.31340
136114 P 0 1 75.25949 0.15903 13.55323 0.53584 1.27621 0.04853 0.33668 0.86024 3.66708 4.30366
136115 P 0 1 75.18922 0.16204 13.58749 0.54813 1.28773 0.04910 0.34358 0.87533 3.66776 4.28962
136116 P 0 1 75.17719 0.16249 13.59380 0.54862 1.29086 0.04917 0.34500 0.87851 3.66782 4.28653
136117 P 0 1 75.02563 0.16919 13.66511 0.57925 1.31312 0.05046 0.35963 0.91014 3.66921 4.25825
136118 P 0 1 75.00972 0.16980 13.67326 0.57988 1.31726 0.05055 0.36156 0.91443 3.66928 4.25426
136119 P 0 1 75.01613 0.16954 13.67008 0.57929 1.31582 0.05051 0.36083 0.91282 3.66924 4.25573
136120 P 0 1 75.00135 0.17010 13.67771 0.57962 1.31984 0.05060 0.36265 0.91690 3.66929 4.25192
136121 P 0 1 74.98704 0.17064 13.68511 0.57986 1.32380 0.05068 0.36444 0.92088 3.66934 4.24822
136122 P 0 1 74.97332 0.17116 13.69220 0.58002 1.32764 0.05075 0.36616 0.92473 3.66938 4.24465
136123 P 0 1 74.96026 0.17165 13.69895 0.58011 1.33133 0.05083 0.36782 0.92842 3.66941 4.24124
136124 P 0 1 74.94792 0.17211 13.70532 0.58014 1.33486 0.05089 0.36939 0.93193 3.66944 4.23800
136125 P 0 1 74.93634 0.17254 13.71130 0.58013 1.33820 0.05095 0.37088 0.93524 3.66946 4.23495
136126 P 0 1 74.58855 0.18845 13.86587 0.65346 1.38875 0.05391 0.40603 1.01021 3.67165 4.17313
136127 P 0 1 74.57333 0.18906 13.87316 0.65410 1.39267 0.05400 0.40799 1.01448 3.67166 4.16955
136128 P 0 1 74.55915 0.18963 13.87994 0.65466 1.39636 0.05409 0.40982 1.01848 3.67167 4.16621
136129 P 0 1 74.54597 0.19016 13.88623 0.65516 1.39979 0.05416 0.41152 1.02221 3.67167 4.16311
136130 P 0 1 74.53377 0.19065 13.89205 0.65560 1.40299 0.05424 0.41311 1.02568 3.67168 4.16023
136131 P 0 1 74.52252 0.19111 13.89741 0.65598 1.40596 0.05430 0.41458 1.02889 3.67168 4.15758
136132 P 0 1 74.51217 0.19152 13.90233 0.65631 1.40870 0.05436 0.41594 1.03186 3.67168 4.15513
136133 P 0 1 73.86648 0.21599 14.19863 0.63809 1.60699 0.05746 0.51064 1.23790 3.66886 3.99896
136134 P 0 1 73.85072 0.21662 14.20523 0.63841 1.61134 0.05755 0.51294 1.24282 3.66878 3.99560
136135 P 0 1 73.83621 0.21720 14.21130 0.63867 1.61535 0.05763 0.51507 1.24736 3.66869 3.99252
136136 P 0 1 73.48908 0.23312 14.34660 0.68077 1.68629 0.06006 0.56149 1.34401 3.66745 3.93112
136137 P 0 1 73.71389 0.22401 14.25551 0.67896 1.62272 0.05890 0.52725 1.27141 3.66911 3.97824
