 Vistelius (1995)
SiO2 TiO2 Al2O3 Fe2O3 FeO MnO MgO CaO Na2O K2O
198596 P 0 1 68.96519 0.45041 15.77536 0.96257 2.93459 0.08226 1.34839 2.69291 3.37877 3.40954
198597 P 0 1 69.08878 0.44390 15.75222 0.95966 2.90232 0.08162 1.31868 2.64341 3.38337 3.42604
198598 P 0 1 69.25053 0.43539 15.72099 0.95577 2.85996 0.08078 1.28024 2.57905 3.38937 3.44792
198599 P 0 1 69.44383 0.42525 15.68226 0.95101 2.80915 0.07977 1.23495 2.50280 3.39648 3.47451
198600 P 0 1 69.67546 0.41312 15.63376 0.94515 2.74800 0.07854 1.18162 2.41237 3.40492 3.50703
198601 P 0 1 69.96655 0.39795 15.56947 0.93752 2.67075 0.07698 1.11609 2.30027 3.41542 3.54899
198602 P 0 1 70.29905 0.38070 15.49128 0.92845 2.58199 0.07516 1.04329 2.17436 3.42724 3.59848
198603 P 0 1 70.69414 0.36034 15.39143 0.91713 2.47583 0.07296 0.95967 2.02786 3.44103 3.65963
198604 P 0 1 71.12721 0.33821 15.27276 0.90403 2.35865 0.07048 0.87168 1.87131 3.45580 3.72986
198605 P 0 1 71.61143 0.31374 15.12783 0.88846 2.22673 0.06765 0.77796 1.70155 3.47186 3.81278
198606 P 0 1 72.13920 0.28745 14.95388 0.87031 2.08201 0.06447 0.68156 1.52323 3.48876 3.90914
198607 P 0 1 72.69973 0.26002 14.74910 0.84957 1.92745 0.06100 0.58588 1.34201 3.50592 4.01933
198608 P 0 1 73.28057 0.23223 14.51277 0.82633 1.76667 0.05729 0.49423 1.16369 3.52273 4.14348
198609 P 0 1 73.86874 0.20486 14.24543 0.80082 1.60364 0.05342 0.40938 0.99363 3.53860 4.28148
198610 P 0 1 74.45016 0.17869 13.94985 0.77343 1.44274 0.04949 0.33353 0.83661 3.55295 4.43256
198611 P 0 1 74.99612 0.15503 13.64008 0.74553 1.29241 0.04568 0.26968 0.69984 3.56501 4.59061
198612 P 0 1 75.33574 0.14082 13.42969 0.72699 1.19953 0.04327 0.23359 0.62025 3.57171 4.69840
198613 P 0 1 75.45742 0.13583 13.35071 0.72012 1.16641 0.04240 0.22134 0.59279 3.57395 4.73904
198614 P 0 1 75.58517 0.13065 13.26565 0.71276 1.13174 0.04147 0.20886 0.56457 3.57619 4.78295
198615 P 0 1 75.72530 0.12504 13.16970 0.70451 1.09383 0.04046 0.19563 0.53434 3.57853 4.83266
198616 P 0 1 75.83076 0.12087 13.09561 0.69819 1.06540 0.03969 0.18599 0.51209 3.58019 4.87121
198617 P 0 1 75.77716 0.12299 13.13347 0.70142 1.07984 0.04008 0.19086 0.52335 3.57936 4.85149
198618 P 0 1 75.57924 0.13089 13.26964 0.71310 1.13334 0.04152 0.20943 0.56586 3.57609 4.78088
198619 P 0 1 75.33238 0.14095 13.43184 0.72718 1.20045 0.04330 0.23393 0.62101 3.57165 4.69729
198620 P 0 1 75.08441 0.15129 13.58677 0.74080 1.26822 0.04506 0.26003 0.67874 3.56682 4.61787
198621 P 0 1 74.84322 0.16156 13.73022 0.75357 1.33441 0.04676 0.28683 0.73707 3.56179 4.54457
198622 P 0 1 74.61135 0.17160 13.86183 0.76543 1.39825 0.04837 0.31393 0.79513 3.55667 4.47745
198623 P 0 1 74.38972 0.18136 13.98214 0.77639 1.45944 0.04990 0.34104 0.85240 3.55153 4.41609
198624 P 0 1 74.23633 0.18820 14.06243 0.78377 1.50185 0.05095 0.36049 0.89303 3.54784 4.37512
198625 P 0 1 74.02851 0.19758 14.16747 0.79352 1.55937 0.05235 0.38773 0.94935 3.54268 4.32142
198626 P 0 1 73.82813 0.20672 14.26486 0.80265 1.61489 0.05370 0.41498 1.00502 3.53754 4.27151
198627 P 0 1 73.64141 0.21534 14.35231 0.81093 1.66665 0.05493 0.44121 1.05806 3.53261 4.22653
198628 P 0 1 73.49963 0.22194 14.41667 0.81707 1.70596 0.05587 0.46168 1.09908 3.52879 4.19331
198629 P 0 1 73.40307 0.22646 14.45952 0.82119 1.73272 0.05650 0.47589 1.12738 3.52614 4.17113
198630 P 0 1 73.32173 0.23029 14.49501 0.82461 1.75527 0.05703 0.48803 1.15144 3.52388 4.15271
198631 P 0 1 73.24865 0.23374 14.52644 0.82766 1.77552 0.05750 0.49907 1.17323 3.52183 4.13636
198632 P 0 1 73.18207 0.23690 14.55469 0.83040 1.79397 0.05793 0.50923 1.19323 3.51995 4.12163
198633 P 0 1 73.12116 0.23979 14.58023 0.83289 1.81084 0.05832 0.51862 1.21164 3.51822 4.10829
198634 P 0 1 73.06534 0.24245 14.60337 0.83516 1.82630 0.05868 0.52729 1.22860 3.51662 4.09618
198635 P 0 1 73.01418 0.24489 14.62438 0.83722 1.84047 0.05901 0.53531 1.24424 3.51515 4.08517
198636 P 0 1 72.96726 0.24714 14.64346 0.83909 1.85345 0.05931 0.54271 1.25864 3.51379 4.07515
198637 P 0 1 72.92425 0.24920 14.66080 0.84080 1.86536 0.05958 0.54954 1.27191 3.51254 4.06602
198638 P 0 1 74.31552 0.18466 14.02127 0.77998 1.47994 0.05041 0.35037 0.87195 3.54976 4.39612
198639 P 0 1 74.35647 0.18284 13.99975 0.77800 1.46863 0.05013 0.34520 0.86114 3.55074 4.40711
198640 P 0 1 74.39372 0.18118 13.98002 0.77619 1.45833 0.04987 0.34054 0.85135 3.55162 4.41718
198641 P 0 1 74.42764 0.17968 13.96193 0.77454 1.44896 0.04964 0.33631 0.84248 3.55242 4.42640
198642 P 0 1 74.45852 0.17832 13.94535 0.77302 1.44043 0.04943 0.33249 0.83443 3.55315 4.43486
198737 P 0 1 69.04150 0.44639 15.76114 0.96078 2.91468 0.08187 1.33001 2.66231 3.38162 3.41971
198738 P 0 1 68.72619 0.46302 15.81842 0.96807 2.99675 0.08348 1.40664 2.78944 3.36981 3.37817
198739 P 0 1 68.73267 0.46268 15.81728 0.96793 2.99507 0.08344 1.40505 2.78681 3.37005 3.37901
198740 P 0 1 68.73494 0.46256 15.81688 0.96788 2.99448 0.08343 1.40449 2.78589 3.37014 3.37930
198741 P 0 1 70.07073 0.39253 15.54553 0.93472 2.64300 0.07641 1.09305 2.26057 3.41914 3.56431
198742 P 0 1 70.04320 0.39396 15.55191 0.93547 2.65034 0.07656 1.09911 2.27104 3.41816 3.56025
198743 P 0 1 70.13660 0.38911 15.53013 0.93293 2.62542 0.07605 1.07858 2.23559 3.42149 3.57408
198744 P 0 1 70.09180 0.39144 15.54063 0.93415 2.63738 0.07630 1.08841 2.25257 3.41989 3.56743
198745 P 0 1 70.03870 0.39420 15.55294 0.93559 2.65154 0.07659 1.10011 2.27275 3.41800 3.55958
198746 P 0 1 70.50158 0.37024 15.44106 0.92272 2.52766 0.07404 1.00003 2.09883 3.43434 3.62949
198747 P 0 1 70.41762 0.37457 15.46213 0.92511 2.55021 0.07450 1.01786 2.13004 3.43141 3.61655
198748 P 0 1 70.04155 0.39405 15.55229 0.93551 2.65078 0.07657 1.09948 2.27167 3.41810 3.56000
198749 P 0 1 69.93699 0.39949 15.57618 0.93831 2.67862 0.07714 1.12267 2.31158 3.41436 3.54467
198750 P 0 1 69.53346 0.42055 15.66377 0.94876 2.78552 0.07930 1.21419 2.46768 3.39976 3.48701
198751 P 0 1 69.40845 0.42710 15.68947 0.95189 2.81847 0.07996 1.24318 2.51670 3.39518 3.46960
198752 P 0 1 69.26910 0.43441 15.71734 0.95532 2.85509 0.08069 1.27586 2.57169 3.39005 3.45045
198753 P 0 1 68.43007 0.47869 15.86874 0.97465 3.07332 0.08496 1.48029 2.91046 3.35860 3.34021
198754 P 0 1 68.28139 0.48658 15.89279 0.97786 3.11157 0.08570 1.51787 2.97180 3.35293 3.32151
198755 P 0 1 68.11805 0.49525 15.91828 0.98131 3.15344 0.08650 1.55962 3.03962 3.34667 3.30125
198756 P 0 1 68.80731 0.45874 15.80405 0.96623 2.97569 0.08306 1.38675 2.75657 3.37286 3.38874
198757 P 0 1 68.57802 0.47086 15.84401 0.97140 3.03513 0.08422 1.44329 2.84980 3.36422 3.35905
198758 P 0 1 68.32884 0.48406 15.88520 0.97684 3.09937 0.08546 1.50583 2.95218 3.35474 3.32745
198759 P 0 1 68.05980 0.49835 15.92715 0.98252 3.16833 0.08679 1.57462 3.06392 3.34443 3.29409
198760 P 0 1 66.77205 0.56704 16.09435 1.00702 3.49238 0.09285 1.92152 3.61483 3.29394 3.14402
198761 P 0 1 67.10973 0.54899 16.05560 1.00101 3.40839 0.09130 1.82779 3.46790 3.30735 3.18194
198762 P 0 1 66.81967 0.56450 16.08909 1.00619 3.48058 0.09263 1.90819 3.59401 3.29583 3.14931
198763 P 0 1 66.52902 0.58005 16.12012 1.01118 3.55240 0.09394 1.99017 3.72160 3.28422 3.11730
198764 P 0 1 66.24880 0.59506 16.14773 1.01580 3.62114 0.09519 2.07054 3.84574 3.27294 3.08706
198765 P 0 1 65.99415 0.60870 16.17091 1.01984 3.68318 0.09630 2.14470 3.95949 3.26263 3.06009
198766 P 0 1 65.78409 0.61996 16.18871 1.02307 3.73405 0.09721 2.20666 4.05398 3.25408 3.03819
198767 P 0 1 65.63969 0.62770 16.20027 1.02523 3.76886 0.09783 2.24967 4.11927 3.24818 3.02331
198768 P 0 1 65.69257 0.62487 16.19610 1.02445 3.75613 0.09760 2.23388 4.09533 3.25034 3.02874
198769 P 0 1 65.56612 0.63165 16.20594 1.02632 3.78654 0.09814 2.27170 4.15263 3.24517 3.01578
198770 P 0 1 65.74651 0.62198 16.19177 1.02364 3.74313 0.09737 2.21782 4.07095 3.25254 3.03430
198771 P 0 1 66.06934 0.60467 16.16425 1.01866 3.66490 0.09597 2.12269 3.92582 3.26568 3.06801
198772 P 0 1 66.60109 0.57619 16.11266 1.00996 3.53464 0.09362 1.96971 3.68985 3.28710 3.12518
198773 P 0 1 67.18685 0.54487 16.04627 0.99960 3.38911 0.09094 1.80665 3.43459 3.31039 3.19074
198774 P 0 1 67.77251 0.51363 15.96915 0.98837 3.24150 0.08818 1.64951 3.18456 3.33332 3.25928
198775 P 0 1 68.73134 0.46275 15.81752 0.96796 2.99542 0.08345 1.40538 2.78735 3.37000 3.37884
198776 P 0 1 69.71583 0.41102 15.62507 0.94411 2.73731 0.07833 1.17244 2.39672 3.40639 3.51278
198777 P 0 1 70.58458 0.36597 15.41990 0.92033 2.50534 0.07357 0.98254 2.06814 3.43723 3.64241
198778 P 0 1 71.33805 0.32752 15.21130 0.89738 2.30132 0.06926 0.83026 1.79669 3.46286 3.76536
198779 P 0 1 71.85701 0.30146 15.04905 0.88018 2.15950 0.06618 0.73235 1.61768 3.47981 3.85679
198780 P 0 1 72.16438 0.28620 14.94513 0.86941 2.07508 0.06432 0.67711 1.51491 3.48955 3.91391
198781 P 0 1 72.38120 0.27554 14.86812 0.86155 2.01537 0.06299 0.63939 1.44393 3.49627 3.95565
198782 P 0 1 72.39093 0.27506 14.86459 0.86119 2.01269 0.06293 0.63772 1.44078 3.49657 3.95755
198783 P 0 1 72.32069 0.27851 14.88992 0.86376 2.03205 0.06336 0.64981 1.46361 3.49441 3.94388
198784 P 0 1 72.21689 0.28361 14.92677 0.86753 2.06063 0.06400 0.66788 1.49760 3.49119 3.92390
198785 P 0 1 72.11625 0.28858 14.96181 0.87113 2.08832 0.06461 0.68562 1.53083 3.48804 3.90481
198786 P 0 1 72.04377 0.29217 14.98663 0.87369 2.10824 0.06505 0.69854 1.55494 3.48575 3.89122
198787 P 0 1 72.01239 0.29373 14.99727 0.87479 2.11686 0.06525 0.70417 1.56541 3.48476 3.88537
198788 P 0 1 72.02426 0.29314 14.99325 0.87437 2.11360 0.06517 0.70203 1.56145 3.48514 3.88758
198789 P 0 1 72.07345 0.29070 14.97651 0.87264 2.10009 0.06487 0.69323 1.54505 3.48669 3.89677
198790 P 0 1 72.14925 0.28695 14.95039 0.86995 2.07924 0.06441 0.67978 1.51991 3.48907 3.91104
198791 P 0 1 72.23940 0.28251 14.91884 0.86672 2.05444 0.06386 0.66394 1.49020 3.49189 3.92821
198792 P 0 1 71.99045 0.29482 15.00468 0.87556 2.12289 0.06538 0.70811 1.57276 3.48406 3.88130
198793 P 0 1 72.06835 0.29095 14.97825 0.87282 2.10149 0.06491 0.69414 1.54675 3.48653 3.89581
198794 P 0 1 72.13429 0.28769 14.95558 0.87049 2.08336 0.06450 0.68242 1.52486 3.48860 3.90821
198795 P 0 1 72.32725 0.27819 14.88757 0.86352 2.03024 0.06332 0.64868 1.46147 3.49461 3.94515
198796 P 0 1 72.36107 0.27653 14.87540 0.86229 2.02092 0.06311 0.64285 1.45046 3.49565 3.95172
198797 P 0 1 72.37824 0.27568 14.86919 0.86166 2.01619 0.06301 0.63990 1.44489 3.49618 3.95507
198798 P 0 1 72.21909 0.28351 14.92600 0.86745 2.06003 0.06399 0.66749 1.49688 3.49125 3.92432
198799 P 0 1 72.20998 0.28396 14.92920 0.86778 2.06254 0.06404 0.66909 1.49987 3.49097 3.92258
198800 P 0 1 72.19191 0.28485 14.93553 0.86843 2.06751 0.06415 0.67226 1.50582 3.49041 3.91914
198801 P 0 1 72.23525 0.28271 14.92030 0.86687 2.05558 0.06389 0.66466 1.49157 3.49176 3.92742
198802 P 0 1 72.20442 0.28423 14.93115 0.86798 2.06407 0.06408 0.67006 1.50170 3.49080 3.92152
198803 P 0 1 72.17208 0.28582 14.94245 0.86914 2.07296 0.06427 0.67575 1.51236 3.48979 3.91537
198804 P 0 1 72.18843 0.28502 14.93674 0.86855 2.06846 0.06417 0.67287 1.50697 3.49030 3.91848
198805 P 0 1 72.20970 0.28397 14.92929 0.86779 2.06261 0.06404 0.66914 1.49997 3.49096 3.92253
198806 P 0 1 72.15119 0.28686 14.94972 0.86988 2.07871 0.06440 0.67944 1.51927 3.48913 3.91141
198807 P 0 1 72.11454 0.28867 14.96240 0.87119 2.08879 0.06462 0.68592 1.53140 3.48798 3.90449
198808 P 0 1 72.15930 0.28646 14.94690 0.86959 2.07648 0.06435 0.67800 1.51659 3.48939 3.91294
198809 P 0 1 72.09462 0.28965 14.96925 0.87189 2.09427 0.06475 0.68946 1.53801 3.48736 3.90074
198810 P 0 1 72.13699 0.28756 14.95464 0.87039 2.08262 0.06449 0.68195 1.52396 3.48869 3.90872
198811 P 0 1 71.97644 0.29551 15.00939 0.87605 2.12673 0.06546 0.71064 1.57745 3.48362 3.87871
198812 P 0 1 71.58608 0.31502 15.13575 0.88930 2.23366 0.06780 0.78275 1.71029 3.47104 3.80832
198813 P 0 1 71.38739 0.32503 15.19655 0.89579 2.28788 0.06897 0.82071 1.77938 3.46450 3.77380
198814 P 0 1 71.16156 0.33647 15.26292 0.90296 2.34932 0.07028 0.86487 1.85908 3.45696 3.73558
198815 P 0 1 70.81796 0.35399 15.35851 0.91346 2.44241 0.07225 0.93411 1.98266 3.44529 3.67935
198816 P 0 1 70.55467 0.36751 15.42756 0.92119 2.51339 0.07374 0.98882 2.07918 3.43619 3.63774
198817 P 0 1 70.28592 0.38138 15.49447 0.92881 2.58551 0.07523 1.04612 2.17929 3.42678 3.59649
198818 P 0 1 70.36390 0.37735 15.47542 0.92663 2.56462 0.07480 1.02935 2.15008 3.42952 3.60834
198819 P 0 1 70.10796 0.39060 15.53685 0.93371 2.63307 0.07621 1.08486 2.24644 3.42047 3.56983
198820 P 0 1 69.90355 0.40123 15.58371 0.93920 2.68751 0.07732 1.13014 2.32439 3.41316 3.53980
198821 P 0 1 69.63181 0.41540 15.64308 0.94627 2.75954 0.07878 1.19159 2.42933 3.40334 3.50085
198822 P 0 1 69.34684 0.43033 15.70189 0.95341 2.83467 0.08028 1.25758 2.54097 3.39292 3.46110
198823 P 0 1 69.04572 0.44616 15.76035 0.96068 2.91358 0.08184 1.32900 2.66063 3.38177 3.42027
198824 P 0 1 68.72510 0.46308 15.81861 0.96810 2.99704 0.08348 1.40691 2.78989 3.36977 3.37802
198825 P 0 1 67.68308 0.51839 15.98165 0.99014 3.26417 0.08860 1.67312 3.22239 3.32985 3.24861
198826 P 0 1 67.36187 0.53552 16.02438 0.99633 3.34521 0.09012 1.75907 3.35931 3.31729 3.21089
198827 P 0 1 67.02891 0.55331 16.06519 1.00247 3.42855 0.09167 1.85005 3.50292 3.30415 3.17278
198828 P 0 1 66.68219 0.57185 16.10408 1.00858 3.51462 0.09325 1.94679 3.65421 3.29035 3.13409
198829 P 0 1 66.32197 0.59114 16.14074 1.01461 3.60324 0.09486 2.04943 3.81322 3.27589 3.09490
198830 P 0 1 65.96210 0.61042 16.17371 1.02034 3.69096 0.09644 2.15410 3.97387 3.26132 3.05673
198831 P 0 1 65.73217 0.62275 16.19293 1.02385 3.74658 0.09743 2.22209 4.07742 3.25196 3.03282
198832 P 0 1 65.83538 0.61721 16.18447 1.02229 3.72166 0.09699 2.19146 4.03085 3.25617 3.04351
198833 P 0 1 66.02069 0.60728 16.16858 1.01943 3.67673 0.09618 2.13692 3.94760 3.26370 3.06288
198834 P 0 1 66.20379 0.59747 16.15196 1.01653 3.63213 0.09538 2.08357 3.86579 3.27112 3.08226
198835 P 0 1 66.37433 0.58833 16.13564 1.01375 3.59040 0.09463 2.03438 3.79000 3.27800 3.10054
198836 P 0 1 66.53101 0.57994 16.11992 1.01115 3.55191 0.09393 1.98960 3.72072 3.28430 3.11752
198837 P 0 1 66.67432 0.57227 16.10492 1.00871 3.51656 0.09329 1.94901 3.65766 3.29003 3.13322
198909 P 0 1 66.79887 0.56561 16.09140 1.00656 3.48574 0.09272 1.91401 3.60310 3.29501 3.14700
198910 P 0 1 66.81119 0.56495 16.09003 1.00634 3.48268 0.09267 1.91056 3.59771 3.29550 3.14837
198911 P 0 1 67.32839 0.53731 16.02864 0.99696 3.35362 0.09028 1.76813 3.37367 3.31597 3.20702
198912 P 0 1 67.33258 0.53709 16.02811 0.99689 3.35257 0.09026 1.76700 3.37187 3.31613 3.20750
198913 P 0 1 67.33653 0.53688 16.02761 0.99681 3.35158 0.09024 1.76593 3.37018 3.31629 3.20796
198914 P 0 1 67.34016 0.53668 16.02715 0.99674 3.35067 0.09023 1.76494 3.36862 3.31643 3.20838
198915 P 0 1 67.34336 0.53651 16.02674 0.99668 3.34987 0.09021 1.76408 3.36725 3.31656 3.20875
198916 P 0 1 67.34603 0.53637 16.02640 0.99663 3.34919 0.09020 1.76335 3.36610 3.31666 3.20906
198917 P 0 1 67.22256 0.54296 16.04188 0.99894 3.38017 0.09078 1.79690 3.41919 3.31180 3.19483
198918 P 0 1 66.78994 0.56609 16.09238 1.00671 3.48795 0.09276 1.91651 3.60700 3.29465 3.14601
198919 P 0 1 66.81237 0.56489 16.08990 1.00632 3.48239 0.09266 1.91023 3.59720 3.29554 3.14850
198920 P 0 1 66.94302 0.55790 16.07516 1.00401 3.44994 0.09207 1.87382 3.54023 3.30074 3.16310
198921 P 0 1 66.95942 0.55702 16.07328 1.00372 3.44586 0.09199 1.86927 3.53309 3.30139 3.16495
198922 P 0 1 66.97544 0.55617 16.07143 1.00343 3.44187 0.09192 1.86483 3.52613 3.30203 3.16675
198923 P 0 1 66.92133 0.55906 16.07765 1.00440 3.45534 0.09217 1.87985 3.54967 3.29988 3.16067
198924 P 0 1 66.93475 0.55834 16.07611 1.00416 3.45200 0.09210 1.87612 3.54383 3.30041 3.16217
198925 P 0 1 66.94749 0.55766 16.07465 1.00393 3.44883 0.09205 1.87258 3.53828 3.30092 3.16360
198926 P 0 1 66.95973 0.55701 16.07324 1.00372 3.44579 0.09199 1.86919 3.53296 3.30140 3.16498
198927 P 0 1 66.97173 0.55636 16.07186 1.00350 3.44280 0.09193 1.86586 3.52774 3.30188 3.16633
198928 P 0 1 66.98382 0.55572 16.07046 1.00328 3.43979 0.09188 1.86251 3.52249 3.30236 3.16769
198929 P 0 1 67.66142 0.51955 15.98464 0.99057 3.26966 0.08871 1.67886 3.23157 3.32900 3.24603
198930 P 0 1 67.65597 0.51984 15.98539 0.99067 3.27103 0.08873 1.68030 3.23388 3.32879 3.24539
198931 P 0 1 67.65535 0.51987 15.98547 0.99069 3.27119 0.08874 1.68047 3.23415 3.32877 3.24531
198932 P 0 1 67.66034 0.51960 15.98479 0.99059 3.26993 0.08871 1.67914 3.23203 3.32896 3.24590
198933 P 0 1 67.67168 0.51900 15.98323 0.99036 3.26706 0.08866 1.67614 3.22722 3.32940 3.24725
198934 P 0 1 67.86647 0.50863 15.95572 0.98648 3.21762 0.08772 1.62486 3.14496 3.33697 3.27057
198935 P 0 1 67.88166 0.50782 15.95353 0.98617 3.21376 0.08765 1.62088 3.13857 3.33756 3.27241
198936 P 0 1 67.90474 0.50659 15.95017 0.98571 3.20789 0.08754 1.61486 3.12887 3.33845 3.27520
198937 P 0 1 67.93560 0.50495 15.94565 0.98508 3.20002 0.08739 1.60682 3.11591 3.33964 3.27894
198938 P 0 1 67.97384 0.50292 15.94001 0.98430 3.19028 0.08720 1.59687 3.09987 3.34112 3.28359
198939 P 0 1 68.01884 0.50052 15.93331 0.98337 3.17879 0.08699 1.58521 3.08103 3.34285 3.28908
198940 P 0 1 68.23335 0.48913 15.90038 0.97888 3.12390 0.08594 1.53010 2.99170 3.35109 3.31553
198941 P 0 1 68.28507 0.48638 15.89220 0.97778 3.11062 0.08568 1.51694 2.97028 3.35307 3.32197
198942 P 0 1 68.34229 0.48335 15.88303 0.97656 3.09592 0.08540 1.50243 2.94663 3.35526 3.32914
198943 P 0 1 68.40491 0.48003 15.87287 0.97520 3.07980 0.08509 1.48662 2.92081 3.35764 3.33703
198944 P 0 1 68.47353 0.47639 15.86156 0.97370 3.06211 0.08475 1.46938 2.89260 3.36025 3.34572
198945 P 0 1 68.59129 0.47016 15.84175 0.97110 3.03170 0.08416 1.43999 2.84438 3.36472 3.36075
198946 P 0 1 68.67561 0.46570 15.82725 0.96922 3.00987 0.08373 1.41911 2.81000 3.36790 3.37161
198947 P 0 1 68.77318 0.46054 15.81013 0.96701 2.98456 0.08324 1.39511 2.77038 3.37158 3.38428
198948 P 0 1 68.88863 0.45445 15.78940 0.96435 2.95454 0.08265 1.36693 2.72372 3.37591 3.39942
198949 P 0 1 69.00361 0.44838 15.76823 0.96167 2.92457 0.08206 1.33912 2.67749 3.38020 3.41465
198950 P 0 1 69.16402 0.43994 15.73783 0.95786 2.88264 0.08123 1.30074 2.61341 3.38617 3.43617
198951 P 0 1 69.37614 0.42879 15.69600 0.95269 2.82697 0.08013 1.25073 2.52942 3.39399 3.46514
198952 P 0 1 69.63671 0.41515 15.64204 0.94614 2.75825 0.07875 1.19047 2.42743 3.40352 3.50154
198953 P 0 1 69.95417 0.39859 15.57229 0.93785 2.67405 0.07705 1.11885 2.30500 3.41498 3.54718
198954 P 0 1 70.36579 0.37725 15.47495 0.92658 2.56411 0.07479 1.02894 2.14938 3.42959 3.60863
198955 P 0 1 70.80837 0.35448 15.36109 0.91375 2.44500 0.07231 0.93608 1.98615 3.44496 3.67782
198956 P 0 1 71.31325 0.32878 15.21866 0.89817 2.30807 0.06940 0.83509 1.80541 3.46203 3.76114
198957 P 0 1 71.87110 0.30075 15.04441 0.87969 2.15564 0.06610 0.72977 1.61291 3.48026 3.85936
198958 P 0 1 72.46798 0.27129 14.83640 0.85833 1.99144 0.06245 0.62459 1.41588 3.49893 3.97271
198959 P 0 1 73.08791 0.24137 14.59405 0.83424 1.82005 0.05854 0.52377 1.22173 3.51727 4.10107
198960 P 0 1 73.71527 0.21192 14.31809 0.80768 1.64617 0.05445 0.43074 1.03694 3.53458 4.24415
198961 P 0 1 74.33547 0.18377 14.01081 0.77902 1.47443 0.05027 0.34785 0.86668 3.55024 4.40146
198962 P 0 1 74.92600 0.15801 13.68176 0.74924 1.31166 0.04618 0.27747 0.71681 3.56355 4.56931
198963 P 0 1 75.29253 0.14260 13.45727 0.72941 1.21132 0.04358 0.23803 0.63014 3.57090 4.68423
198964 P 0 1 75.41576 0.13753 13.37797 0.72249 1.17774 0.04270 0.22549 0.60212 3.57319 4.72500
198965 P 0 1 75.56189 0.13159 13.28132 0.71411 1.13805 0.04164 0.21111 0.56966 3.57579 4.77485
198966 P 0 1 75.72568 0.12503 13.16944 0.70449 1.09373 0.04045 0.19560 0.53426 3.57853 4.83280
198967 P 0 1 75.91272 0.11767 13.03687 0.69320 1.04336 0.03909 0.17868 0.49511 3.58143 4.90187
198968 P 0 1 75.86589 0.11949 13.07056 0.69606 1.05595 0.03943 0.18284 0.50478 3.58073 4.88427
198969 P 0 1 75.59491 0.13026 13.25907 0.71219 1.12910 0.04140 0.20793 0.56244 3.57636 4.78635
198970 P 0 1 75.32798 0.14114 13.43466 0.72743 1.20165 0.04333 0.23438 0.62202 3.57157 4.69585
198971 P 0 1 75.07209 0.15181 13.59426 0.74146 1.27159 0.04515 0.26136 0.68167 3.56657 4.61404
198972 P 0 1 74.82751 0.16223 13.73933 0.75439 1.33873 0.04687 0.28863 0.74094 3.56145 4.53992
198973 P 0 1 74.59430 0.17235 13.87127 0.76628 1.40296 0.04849 0.31597 0.79947 3.55628 4.47263
198974 P 0 1 74.37235 0.18213 13.99136 0.77723 1.46424 0.05002 0.34321 0.85696 3.55112 4.41139
198975 P 0 1 74.21209 0.18929 14.07490 0.78492 1.50855 0.05111 0.36361 0.89952 3.54725 4.36875
198976 P 0 1 74.00373 0.19870 14.17972 0.79466 1.56624 0.05252 0.39105 0.95616 3.54206 4.31516
198977 P 0 1 73.80086 0.20798 14.27783 0.80387 1.62245 0.05388 0.41876 1.01269 3.53683 4.26485
198978 P 0 1 73.60342 0.21711 14.36973 0.81259 1.67718 0.05518 0.44665 1.06899 3.53160 4.21755
198979 P 0 1 73.46347 0.22363 14.43281 0.81862 1.71598 0.05610 0.46698 1.10964 3.52780 4.18496
198980 P 0 1 73.37965 0.22756 14.46980 0.82218 1.73921 0.05665 0.47937 1.13429 3.52549 4.16580
198981 P 0 1 73.30330 0.23116 14.50298 0.82538 1.76037 0.05715 0.49080 1.15692 3.52337 4.14857
198982 P 0 1 73.23316 0.23447 14.53304 0.82830 1.77981 0.05760 0.50142 1.17787 3.52140 4.13292
198983 P 0 1 73.16869 0.23753 14.56033 0.83095 1.79767 0.05802 0.51128 1.19726 3.51957 4.11869
198984 P 0 1 73.10944 0.24035 14.58511 0.83337 1.81409 0.05840 0.52043 1.21519 3.51789 4.10574
198985 P 0 1 73.05500 0.24294 14.60764 0.83557 1.82916 0.05875 0.52891 1.23176 3.51633 4.09395
198986 P 0 1 73.00500 0.24533 14.62812 0.83759 1.84301 0.05907 0.53675 1.24705 3.51488 4.08320
198987 P 0 1 72.95910 0.24753 14.64676 0.83942 1.85571 0.05936 0.54400 1.26116 3.51355 4.07341
198988 P 0 1 72.91697 0.24955 14.66372 0.84109 1.86737 0.05963 0.55070 1.27415 3.51233 4.06448
198989 P 0 1 74.31406 0.18473 14.02204 0.78005 1.48035 0.05042 0.35056 0.87234 3.54972 4.39573
198990 P 0 1 74.35528 0.18289 14.00038 0.77806 1.46895 0.05014 0.34535 0.86145 3.55071 4.40679
198991 P 0 1 74.39275 0.18123 13.98053 0.77624 1.45860 0.04988 0.34066 0.85160 3.55160 4.41691
198992 P 0 1 74.42683 0.17972 13.96236 0.77458 1.44918 0.04965 0.33641 0.84269 3.55241 4.42618
198993 P 0 1 74.45785 0.17835 13.94571 0.77306 1.44061 0.04943 0.33258 0.83461 3.55313 4.43467
199088 P 0 1 69.10079 0.44326 15.74993 0.95937 2.89919 0.08156 1.31581 2.63862 3.38382 3.42765
199089 P 0 1 68.79464 0.45941 15.80631 0.96652 2.97898 0.08313 1.38985 2.76169 3.37238 3.38708
199090 P 0 1 68.80465 0.45888 15.80453 0.96629 2.97638 0.08308 1.38740 2.75764 3.37276 3.38839
199091 P 0 1 68.81023 0.45858 15.80353 0.96616 2.97493 0.08305 1.38604 2.75538 3.37297 3.38912
199092 P 0 1 70.12438 0.38975 15.53300 0.93326 2.62869 0.07612 1.08126 2.24021 3.42105 3.57227
199093 P 0 1 70.09861 0.39109 15.53904 0.93397 2.63556 0.07626 1.08691 2.24998 3.42014 3.56844
199094 P 0 1 70.19171 0.38626 15.51709 0.93142 2.61070 0.07575 1.06655 2.21475 3.42344 3.58231
199095 P 0 1 70.14791 0.38853 15.52747 0.93262 2.62240 0.07599 1.07611 2.23131 3.42189 3.57577
199096 P 0 1 70.09535 0.39126 15.53980 0.93405 2.63643 0.07628 1.08763 2.25122 3.42002 3.56796
199097 P 0 1 71.06948 0.34115 15.28916 0.90582 2.37432 0.07082 0.88319 1.89193 3.45386 3.72029
199098 P 0 1 70.46644 0.37206 15.44992 0.92373 2.53710 0.07423 1.00747 2.11188 3.43312 3.62406
199099 P 0 1 70.09594 0.39122 15.53966 0.93404 2.63628 0.07628 1.08750 2.25100 3.42004 3.56804
199100 P 0 1 69.99008 0.39672 15.56411 0.93689 2.66449 0.07685 1.11087 2.29128 3.41626 3.55244
199101 P 0 1 69.58921 0.41763 15.65209 0.94735 2.77080 0.07900 1.20136 2.44592 3.40179 3.49483
199102 P 0 1 69.46146 0.42432 15.67865 0.95057 2.80451 0.07968 1.23085 2.49587 3.39712 3.47696
199103 P 0 1 69.31867 0.43181 15.70752 0.95411 2.84208 0.08043 1.26419 2.55209 3.39188 3.45723
199104 P 0 1 68.48759 0.47565 15.85922 0.97340 3.05848 0.08468 1.46586 2.88683 3.36079 3.34750
199105 P 0 1 68.33351 0.48381 15.88445 0.97674 3.09817 0.08544 1.50465 2.95025 3.35492 3.32804
199106 P 0 1 68.16397 0.49281 15.91121 0.98035 3.14168 0.08628 1.54783 3.02051 3.34843 3.30692
199107 P 0 1 67.97851 0.50267 15.93932 0.98420 3.18909 0.08718 1.59566 3.09792 3.34130 3.28416
199108 P 0 1 68.58756 0.47035 15.84239 0.97119 3.03266 0.08417 1.44092 2.84591 3.36458 3.36027
199109 P 0 1 68.32941 0.48403 15.88511 0.97683 3.09923 0.08546 1.50569 2.95195 3.35477 3.32753
199110 P 0 1 68.05029 0.49885 15.92859 0.98272 3.17077 0.08683 1.57708 3.06789 3.34407 3.29292
199111 P 0 1 67.75102 0.51477 15.97218 0.98880 3.24695 0.08828 1.65517 3.19364 3.33249 3.25671
199112 P 0 1 68.03916 0.49944 15.93026 0.98295 3.17361 0.08689 1.57995 3.07254 3.34364 3.29156
199113 P 0 1 67.64521 0.52041 15.98686 0.99088 3.27376 0.08878 1.68316 3.23845 3.32837 3.24411
199114 P 0 1 67.23969 0.54205 16.03976 0.99862 3.37587 0.09070 1.79223 3.41181 3.31248 3.19679
199115 P 0 1 66.83611 0.56362 16.08726 1.00590 3.47650 0.09255 1.90359 3.58683 3.29649 3.15114
199116 P 0 1 66.10758 0.60262 16.16081 1.01806 3.65559 0.09581 2.11154 3.90872 3.26723 3.07205
199117 P 0 1 65.84784 0.61655 16.18344 1.02210 3.71864 0.09693 2.18778 4.02525 3.25667 3.04480
199118 P 0 1 65.65873 0.62668 16.19877 1.02495 3.76428 0.09774 2.24398 4.11064 3.24896 3.02526
199119 P 0 1 65.55825 0.63207 16.20654 1.02643 3.78844 0.09817 2.27407 4.15621 3.24484 3.01498
199120 P 0 1 65.61781 0.62888 16.20197 1.02556 3.77413 0.09792 2.25621 4.12919 3.24728 3.02107
199121 P 0 1 65.66908 0.62613 16.19796 1.02480 3.76179 0.09770 2.24089 4.10596 3.24938 3.02633
199122 P 0 1 65.83643 0.61716 16.18439 1.02228 3.72140 0.09698 2.19116 4.03038 3.25621 3.04362
199123 P 0 1 66.39970 0.58698 16.13314 1.01333 3.58418 0.09452 2.02710 3.77875 3.27902 3.10327
199124 P 0 1 67.00979 0.55433 16.06743 1.00282 3.43332 0.09176 1.85533 3.51121 3.30339 3.17062
199125 P 0 1 67.66575 0.51932 15.98404 0.99048 3.26856 0.08869 1.67771 3.22974 3.32917 3.24655
199126 P 0 1 68.47757 0.47618 15.86089 0.97362 3.06107 0.08473 1.46837 2.89095 3.36041 3.34623
199127 P 0 1 69.33210 0.43111 15.70484 0.95378 2.83855 0.08036 1.26104 2.54678 3.39237 3.45908
199128 P 0 1 70.19423 0.38613 15.51649 0.93135 2.61003 0.07574 1.06600 2.21380 3.42353 3.58269
199129 P 0 1 70.88995 0.35031 15.33900 0.91130 2.42295 0.07185 0.91940 1.95654 3.44775 3.69095
199130 P 0 1 71.39728 0.32453 15.19358 0.89547 2.28519 0.06891 0.81880 1.77592 3.46482 3.77550
199131 P 0 1 71.74366 0.30712 15.08586 0.88403 2.19056 0.06686 0.75324 1.65620 3.47616 3.83631
199132 P 0 1 71.94713 0.29697 15.01920 0.87707 2.13478 0.06564 0.71594 1.58729 3.48269 3.87330
199133 P 0 1 72.02430 0.29314 14.99324 0.87437 2.11359 0.06517 0.70203 1.56143 3.48514 3.88759
199134 P 0 1 72.03971 0.29237 14.98801 0.87383 2.10936 0.06508 0.69926 1.55629 3.48563 3.89046
199135 P 0 1 72.01436 0.29363 14.99661 0.87472 2.11632 0.06523 0.70381 1.56476 3.48482 3.88574
199136 P 0 1 71.97703 0.29548 15.00919 0.87602 2.12657 0.06546 0.71053 1.57725 3.48364 3.87882
199137 P 0 1 71.94866 0.29689 15.01869 0.87701 2.13436 0.06563 0.71566 1.58677 3.48274 3.87358
199138 P 0 1 71.94166 0.29724 15.02103 0.87726 2.13628 0.06567 0.71693 1.58913 3.48251 3.87229
199139 P 0 1 71.96062 0.29630 15.01469 0.87660 2.13108 0.06556 0.71350 1.58276 3.48312 3.87579
199140 P 0 1 72.00390 0.29415 15.00014 0.87509 2.11919 0.06530 0.70569 1.56825 3.48449 3.88380
199141 P 0 1 72.06578 0.29108 14.97913 0.87291 2.10219 0.06492 0.69460 1.54760 3.48645 3.89533
199142 P 0 1 71.76874 0.30586 15.07779 0.88319 2.18369 0.06671 0.74860 1.64765 3.47697 3.84081
199143 P 0 1 71.98792 0.29494 15.00553 0.87565 2.12358 0.06539 0.70857 1.57360 3.48398 3.88083
199144 P 0 1 72.05126 0.29180 14.98408 0.87342 2.10618 0.06501 0.69720 1.55244 3.48599 3.89262
199145 P 0 1 72.10619 0.28908 14.96527 0.87148 2.09109 0.06468 0.68741 1.53417 3.48772 3.90291
199146 P 0 1 72.14942 0.28694 14.95033 0.86995 2.07920 0.06441 0.67975 1.51985 3.48908 3.91107
199147 P 0 1 72.17945 0.28546 14.93988 0.86887 2.07094 0.06423 0.67445 1.50993 3.49002 3.91677
199148 P 0 1 72.19619 0.28464 14.93403 0.86827 2.06633 0.06413 0.67151 1.50441 3.49054 3.91995
199149 P 0 1 72.02307 0.29320 14.99366 0.87442 2.11393 0.06518 0.70225 1.56185 3.48510 3.88736
199150 P 0 1 72.01768 0.29347 14.99548 0.87460 2.11541 0.06521 0.70322 1.56365 3.48493 3.88636
199151 P 0 1 72.00407 0.29414 15.00008 0.87508 2.11915 0.06530 0.70566 1.56820 3.48450 3.88383
199152 P 0 1 72.05806 0.29146 14.98176 0.87319 2.10432 0.06497 0.69598 1.55017 3.48620 3.89389
199153 P 0 1 72.03073 0.29282 14.99106 0.87415 2.11182 0.06513 0.70087 1.55929 3.48534 3.88879
199154 P 0 1 72.00068 0.29431 15.00123 0.87520 2.12008 0.06532 0.70627 1.56933 3.48439 3.88320
199155 P 0 1 72.02200 0.29325 14.99402 0.87445 2.11422 0.06519 0.70244 1.56220 3.48506 3.88716
199156 P 0 1 72.04769 0.29198 14.98529 0.87355 2.10716 0.06503 0.69784 1.55363 3.48588 3.89195
199157 P 0 1 71.98214 0.29523 15.00747 0.87585 2.12517 0.06543 0.70961 1.57554 3.48380 3.87976
199158 P 0 1 71.93767 0.29744 15.02236 0.87739 2.13738 0.06570 0.71765 1.59047 3.48239 3.87156
199159 P 0 1 71.98724 0.29498 15.00575 0.87567 2.12377 0.06540 0.70869 1.57383 3.48396 3.88071
199160 P 0 1 71.91090 0.29877 15.03126 0.87832 2.14472 0.06586 0.72252 1.59948 3.48153 3.86664
199161 P 0 1 71.92078 0.29828 15.02798 0.87798 2.14201 0.06580 0.72072 1.59615 3.48185 3.86845
199162 P 0 1 71.80746 0.30393 15.06524 0.88187 2.17308 0.06648 0.74145 1.63447 3.47822 3.84780
199163 P 0 1 71.35779 0.32652 15.20542 0.89674 2.29595 0.06914 0.82644 1.78976 3.46351 3.76873
199164 P 0 1 71.17869 0.33560 15.25798 0.90242 2.34467 0.07019 0.86148 1.85299 3.45754 3.73844
199165 P 0 1 70.87064 0.35130 15.34426 0.91188 2.42817 0.07196 0.92334 1.96353 3.44709 3.68783
199166 P 0 1 70.63812 0.36322 15.40606 0.91877 2.49092 0.07327 0.97133 2.04842 3.43909 3.65080
199167 P 0 1 70.39292 0.37585 15.46826 0.92581 2.55683 0.07464 1.02313 2.13925 3.43054 3.61277
199168 P 0 1 70.13918 0.38898 15.52953 0.93286 2.62474 0.07604 1.07802 2.23461 3.42158 3.57447
199169 P 0 1 70.24906 0.38329 15.50337 0.92984 2.59537 0.07544 1.05409 2.19314 3.42547 3.59093
199170 P 0 1 70.05524 0.39334 15.54912 0.93514 2.64713 0.07650 1.09646 2.26646 3.41859 3.56202
199171 P 0 1 69.79928 0.40666 15.60688 0.94194 2.71519 0.07788 1.15355 2.36448 3.40941 3.52473
199172 P 0 1 69.53179 0.42064 15.66412 0.94881 2.78596 0.07931 1.21458 2.46833 3.39969 3.48677
199173 P 0 1 69.25041 0.43540 15.72102 0.95577 2.86000 0.08078 1.28027 2.57910 3.38936 3.44790
199174 P 0 1 68.95224 0.45109 15.77775 0.96287 2.93797 0.08233 1.35152 2.69812 3.37829 3.40783
199175 P 0 1 67.91599 0.50599 15.94853 0.98548 3.20502 0.08748 1.61192 3.12414 3.33888 3.27656
199176 P 0 1 67.60865 0.52236 15.99185 0.99160 3.28301 0.08896 1.69287 3.25397 3.32695 3.23978
199177 P 0 1 67.29073 0.53932 16.03339 0.99767 3.36308 0.09046 1.77835 3.38985 3.31449 3.20267
199178 P 0 1 66.95946 0.55702 16.07327 1.00372 3.44585 0.09199 1.86926 3.53308 3.30139 3.16495
199179 P 0 1 66.61183 0.57562 16.11153 1.00978 3.53199 0.09357 1.96667 3.68513 3.28753 3.12635
199180 P 0 1 66.24502 0.59526 16.14809 1.01586 3.62206 0.09520 2.07164 3.84743 3.27278 3.08666
199181 P 0 1 65.85980 0.61590 16.18243 1.02192 3.71575 0.09688 2.18425 4.01986 3.25716 3.04605
199182 P 0 1 65.57103 0.63138 16.20557 1.02624 3.78537 0.09812 2.27023 4.15041 3.24537 3.01628
199183 P 0 1 65.75038 0.62177 16.19146 1.02358 3.74219 0.09735 2.21667 4.06920 3.25270 3.03470
199184 P 0 1 65.96205 0.61042 16.17371 1.02034 3.69097 0.09644 2.15412 3.97390 3.26132 3.05672
199185 P 0 1 66.15762 0.59994 16.15624 1.01726 3.64340 0.09559 2.09697 3.88637 3.26925 3.07735
199186 P 0 1 66.33599 0.59039 16.13938 1.01438 3.59980 0.09480 2.04540 3.80700 3.27645 3.09641
199187 P 0 1 66.49831 0.58170 16.12326 1.01169 3.55995 0.09408 1.99892 3.73515 3.28298 3.11396
199188 P 0 1 66.64599 0.57379 16.10793 1.00920 3.52356 0.09342 1.95701 3.67010 3.28890 3.13010
199189 P 0 1 66.78042 0.56660 16.09343 1.00688 3.49031 0.09281 1.91918 3.61117 3.29427 3.14495
199260 P 0 1 66.80233 0.56542 16.09101 1.00649 3.48488 0.09271 1.91304 3.60159 3.29514 3.14738
199261 P 0 1 66.81487 0.56475 16.08962 1.00628 3.48177 0.09265 1.90953 3.59611 3.29564 3.14878
199262 P 0 1 67.32773 0.53734 16.02873 0.99698 3.35379 0.09028 1.76831 3.37395 3.31594 3.20694
199263 P 0 1 67.33163 0.53714 16.02823 0.99690 3.35281 0.09027 1.76725 3.37228 3.31610 3.20739
199264 P 0 1 67.33519 0.53695 16.02778 0.99684 3.35192 0.09025 1.76629 3.37075 3.31624 3.20780
199265 P 0 1 67.33830 0.53678 16.02739 0.99678 3.35114 0.09023 1.76545 3.36942 3.31636 3.20816
199266 P 0 1 67.34080 0.53665 16.02707 0.99673 3.35051 0.09022 1.76477 3.36834 3.31646 3.20845
199267 P 0 1 67.21392 0.54342 16.04294 0.99910 3.38233 0.09082 1.79926 3.42291 3.31146 3.19384
199268 P 0 1 67.37827 0.53465 16.02228 0.99602 3.34109 0.09005 1.75464 3.35228 3.31793 3.21280
199269 P 0 1 67.47640 0.52941 16.00953 0.99416 3.31639 0.08959 1.72822 3.31030 3.32178 3.22423
199270 P 0 1 67.47035 0.52973 16.01032 0.99427 3.31791 0.08961 1.72984 3.31288 3.32154 3.22352
199271 P 0 1 67.46313 0.53012 16.01127 0.99441 3.31973 0.08965 1.73178 3.31597 3.32126 3.22268
199272 P 0 1 67.49394 0.52848 16.00722 0.99382 3.31197 0.08950 1.72351 3.30282 3.32246 3.22628
199273 P 0 1 67.07561 0.55081 16.05968 1.00163 3.41691 0.09146 1.83717 3.48267 3.30600 3.17807
199274 P 0 1 66.91409 0.55945 16.07847 1.00453 3.45714 0.09220 1.88186 3.55282 3.29959 3.15986
199275 P 0 1 66.92188 0.55903 16.07758 1.00439 3.45520 0.09216 1.87970 3.54943 3.29990 3.16073
199276 P 0 1 66.92820 0.55869 16.07686 1.00428 3.45363 0.09213 1.87794 3.54668 3.30015 3.16144
199277 P 0 1 66.93334 0.55842 16.07627 1.00419 3.45235 0.09211 1.87651 3.54444 3.30036 3.16201
199278 P 0 1 66.93763 0.55819 16.07578 1.00411 3.45128 0.09209 1.87532 3.54257 3.30053 3.16250
199279 P 0 1 66.94152 0.55798 16.07534 1.00404 3.45032 0.09207 1.87424 3.54088 3.30068 3.16293
199280 P 0 1 67.60848 0.52237 15.99188 0.99160 3.28305 0.08896 1.69292 3.25405 3.32694 3.23976
199281 P 0 1 67.59668 0.52300 15.99348 0.99183 3.28603 0.08902 1.69606 3.25906 3.32648 3.23837
199282 P 0 1 67.58953 0.52338 15.99444 0.99197 3.28784 0.08905 1.69796 3.26210 3.32620 3.23752
199283 P 0 1 67.58779 0.52347 15.99468 0.99201 3.28828 0.08906 1.69843 3.26284 3.32613 3.23732
199284 P 0 1 67.59216 0.52324 15.99409 0.99192 3.28717 0.08904 1.69726 3.26098 3.32630 3.23783
199285 P 0 1 67.78202 0.51312 15.96780 0.98818 3.23908 0.08813 1.64701 3.18055 3.33369 3.26042
199286 P 0 1 67.79017 0.51269 15.96665 0.98801 3.23701 0.08809 1.64486 3.17711 3.33401 3.26139
199287 P 0 1 68.00385 0.50132 15.93555 0.98368 3.18262 0.08706 1.58909 3.08730 3.34228 3.28725
199288 P 0 1 68.01843 0.50054 15.93337 0.98338 3.17890 0.08699 1.58532 3.08121 3.34284 3.28903
199289 P 0 1 68.04073 0.49936 15.93002 0.98292 3.17321 0.08688 1.57955 3.07188 3.34370 3.29175
199290 P 0 1 68.06997 0.49781 15.92561 0.98231 3.16574 0.08674 1.57200 3.05967 3.34482 3.29534
199291 P 0 1 68.10522 0.49593 15.92025 0.98158 3.15672 0.08656 1.56292 3.04497 3.34618 3.29967
199292 P 0 1 68.14560 0.49379 15.91405 0.98074 3.14639 0.08637 1.55254 3.02815 3.34773 3.30465
199293 P 0 1 68.19046 0.49140 15.90710 0.97979 3.13490 0.08615 1.54105 3.00950 3.34945 3.31020
199294 P 0 1 68.23952 0.48880 15.89941 0.97875 3.12232 0.08591 1.52853 2.98914 3.35133 3.31629
199295 P 0 1 68.29311 0.48596 15.89092 0.97761 3.10856 0.08564 1.51489 2.96695 3.35338 3.32298
199296 P 0 1 68.39548 0.48053 15.87441 0.97541 3.08223 0.08513 1.48900 2.92470 3.35728 3.33584
199297 P 0 1 68.46042 0.47709 15.86374 0.97399 3.06549 0.08481 1.47267 2.89799 3.35976 3.34405
199298 P 0 1 68.53589 0.47309 15.85114 0.97233 3.04601 0.08443 1.45379 2.86704 3.36262 3.35366
199299 P 0 1 68.62630 0.46830 15.83576 0.97032 3.02264 0.08398 1.43131 2.83009 3.36604 3.36525
199300 P 0 1 68.73763 0.46242 15.81641 0.96781 2.99379 0.08342 1.40383 2.78480 3.37024 3.37965
199301 P 0 1 68.87772 0.45502 15.79138 0.96461 2.95738 0.08271 1.36959 2.72812 3.37550 3.39798
199302 P 0 1 69.03560 0.44670 15.76225 0.96092 2.91622 0.08190 1.33143 2.66468 3.38140 3.41892
199303 P 0 1 69.25721 0.43504 15.71968 0.95561 2.85821 0.08075 1.27866 2.57641 3.38961 3.44883
199304 P 0 1 69.55200 0.41958 15.65990 0.94830 2.78063 0.07920 1.20992 2.46044 3.40043 3.48961
199305 P 0 1 69.92012 0.40036 15.57998 0.93876 2.68310 0.07723 1.12644 2.31804 3.41376 3.54221
199306 P 0 1 70.38597 0.37621 15.46998 0.92601 2.55870 0.07468 1.02462 2.14184 3.43030 3.61171
199307 P 0 1 70.91217 0.34917 15.33293 0.91063 2.41694 0.07172 0.91488 1.94850 3.44851 3.69455
199308 P 0 1 71.49629 0.31953 15.16351 0.89226 2.25818 0.06833 0.79980 1.74139 3.46809 3.79261
199309 P 0 1 72.12461 0.28817 14.95892 0.87083 2.08602 0.06456 0.68414 1.52806 3.48830 3.90639
199310 P 0 1 72.77348 0.25645 14.72050 0.84672 1.90706 0.06054 0.57382 1.31882 3.50811 4.03449
199311 P 0 1 73.41845 0.22574 14.45275 0.82054 1.72846 0.05640 0.47362 1.12285 3.52656 4.17464
199312 P 0 1 74.03156 0.19744 14.16596 0.79338 1.55853 0.05233 0.38733 0.94852 3.54276 4.32220
199313 P 0 1 74.56560 0.17360 13.88709 0.76772 1.41087 0.04869 0.31943 0.80681 3.55563 4.46456
199314 P 0 1 74.94359 0.15726 13.67136 0.74831 1.30683 0.04605 0.27551 0.71253 3.56392 4.57463
199315 P 0 1 75.17816 0.14736 13.52911 0.73571 1.24256 0.04440 0.24999 0.65664 3.56869 4.64739
199316 P 0 1 75.36015 0.13981 13.41401 0.72562 1.19288 0.04310 0.23110 0.61469 3.57217 4.70646
199317 P 0 1 75.53621 0.13262 13.29852 0.71559 1.14501 0.04183 0.21360 0.57531 3.57534 4.76596
199318 P 0 1 75.65930 0.12767 13.21524 0.70842 1.11167 0.04094 0.20181 0.54848 3.57744 4.80904
199319 P 0 1 75.63668 0.12858 13.23070 0.70975 1.11779 0.04110 0.20395 0.55337 3.57707 4.80103
199320 P 0 1 75.45205 0.13604 13.35424 0.72042 1.16787 0.04244 0.22187 0.59399 3.57385 4.73722
199321 P 0 1 75.22303 0.14549 13.50112 0.73325 1.23029 0.04408 0.24526 0.64619 3.56956 4.66174
199322 P 0 1 74.98818 0.15536 13.64483 0.74595 1.29459 0.04574 0.27055 0.70175 3.56485 4.58818
199323 P 0 1 74.75767 0.16524 13.77949 0.75799 1.35794 0.04736 0.29668 0.75827 3.55993 4.51944
199324 P 0 1 74.53493 0.17495 13.90390 0.76925 1.41934 0.04890 0.32314 0.81468 3.55492 4.45599
199325 P 0 1 74.32135 0.18440 14.01822 0.77970 1.47833 0.05037 0.34964 0.87041 3.54990 4.39768
199326 P 0 1 74.17050 0.19116 14.09616 0.78689 1.52006 0.05139 0.36901 0.91071 3.54623 4.35789
199327 P 0 1 73.97134 0.20017 14.19564 0.79615 1.57521 0.05274 0.39541 0.96510 3.54123 4.30700
199328 P 0 1 73.78076 0.20890 14.28735 0.80477 1.62802 0.05401 0.42156 1.01837 3.53631 4.25996
199329 P 0 1 73.60665 0.21695 14.36825 0.81245 1.67629 0.05516 0.44619 1.06806 3.53168 4.21831
199330 P 0 1 73.47013 0.22332 14.42985 0.81834 1.71413 0.05606 0.46600 1.10770 3.52798 4.18650
199331 P 0 1 73.37173 0.22794 14.47326 0.82251 1.74141 0.05670 0.48055 1.13663 3.52527 4.16400
199332 P 0 1 73.29118 0.23173 14.50820 0.82589 1.76373 0.05723 0.49263 1.16053 3.52303 4.14585
199333 P 0 1 73.22014 0.23509 14.53858 0.82884 1.78342 0.05769 0.50341 1.18178 3.52103 4.13004
199334 P 0 1 73.15595 0.23814 14.56568 0.83147 1.80120 0.05810 0.51324 1.20111 3.51921 4.11590
199335 P 0 1 73.09743 0.24092 14.59010 0.83386 1.81741 0.05848 0.52229 1.21884 3.51754 4.10313
199336 P 0 1 73.04389 0.24347 14.61220 0.83602 1.83224 0.05882 0.53064 1.23515 3.51601 4.09155
199337 P 0 1 72.99484 0.24582 14.63226 0.83799 1.84582 0.05913 0.53835 1.25017 3.51459 4.08103
199338 P 0 1 72.94986 0.24797 14.65049 0.83979 1.85827 0.05942 0.54547 1.26400 3.51329 4.07145
199339 P 0 1 72.90861 0.24995 14.66707 0.84142 1.86968 0.05968 0.55203 1.27674 3.51208 4.06272
