 Vistelius (1995)
SiO2 TiO2 Al2O3 Fe2O3 FeO MnO MgO CaO Na2O K2O
223940 P 0 1 63.81654 0.54339 16.64729 1.18894 3.45155 0.08901 2.73802 4.77010 2.87233 3.88284
223941 P 0 1 63.81542 0.54341 16.64745 1.18901 3.45178 0.08902 2.73832 4.77058 2.87231 3.88270
223942 P 0 1 63.81426 0.54342 16.64762 1.18909 3.45202 0.08903 2.73863 4.77107 2.87230 3.88255
223943 P 0 1 63.81308 0.54344 16.64779 1.18918 3.45227 0.08905 2.73895 4.77157 2.87228 3.88240
223944 P 0 1 63.81187 0.54345 16.64797 1.18926 3.45252 0.08906 2.73928 4.77208 2.87227 3.88225
223945 P 0 1 63.81063 0.54347 16.64815 1.18934 3.45277 0.08907 2.73961 4.77261 2.87225 3.88209
223946 P 0 1 63.80936 0.54349 16.64833 1.18943 3.45303 0.08909 2.73996 4.77315 2.87223 3.88193
223947 P 0 1 63.80806 0.54351 16.64852 1.18952 3.45330 0.08910 2.74031 4.77370 2.87222 3.88177
223948 P 0 1 63.80673 0.54352 16.64871 1.18961 3.45357 0.08911 2.74066 4.77426 2.87220 3.88160
223949 P 0 1 63.80537 0.54354 16.64891 1.18970 3.45385 0.08913 2.74103 4.77484 2.87218 3.88143
223950 P 0 1 63.80399 0.54356 16.64911 1.18980 3.45414 0.08914 2.74140 4.77543 2.87216 3.88126
223951 P 0 1 63.80258 0.54358 16.64932 1.18990 3.45443 0.08916 2.74178 4.77603 2.87215 3.88108
223952 P 0 1 63.80114 0.54360 16.64953 1.18999 3.45473 0.08917 2.74217 4.77664 2.87213 3.88090
223953 P 0 1 63.79967 0.54362 16.64974 1.19009 3.45503 0.08919 2.74257 4.77726 2.87211 3.88072
223954 P 0 1 63.79818 0.54364 16.64996 1.19020 3.45534 0.08920 2.74297 4.77790 2.87209 3.88053
223955 P 0 1 63.79665 0.54366 16.65018 1.19030 3.45565 0.08922 2.74338 4.77855 2.87207 3.88034
223956 P 0 1 63.79511 0.54368 16.65040 1.19041 3.45597 0.08924 2.74380 4.77920 2.87205 3.88014
223957 P 0 1 63.79353 0.54370 16.65063 1.19052 3.45630 0.08925 2.74423 4.77987 2.87203 3.87994
223958 P 0 1 63.79193 0.54372 16.65086 1.19063 3.45663 0.08927 2.74466 4.78055 2.87201 3.87974
223959 P 0 1 63.79031 0.54375 16.65110 1.19074 3.45696 0.08929 2.74510 4.78124 2.87198 3.87954
223960 P 0 1 63.78866 0.54377 16.65134 1.19085 3.45730 0.08931 2.74554 4.78194 2.87196 3.87933
223961 P 0 1 63.78698 0.54379 16.65158 1.19096 3.45765 0.08932 2.74599 4.78265 2.87194 3.87912
223962 P 0 1 63.78528 0.54381 16.65183 1.19108 3.45800 0.08934 2.74645 4.78338 2.87192 3.87891
223963 P 0 1 63.78356 0.54384 16.65208 1.19120 3.45835 0.08936 2.74692 4.78411 2.87190 3.87869
223964 P 0 1 63.78182 0.54386 16.65233 1.19132 3.45871 0.08938 2.74739 4.78485 2.87187 3.87847
223965 P 0 1 63.78005 0.54388 16.65259 1.19144 3.45907 0.08940 2.74787 4.78560 2.87185 3.87825
223966 P 0 1 63.77826 0.54391 16.65285 1.19156 3.45944 0.08942 2.74835 4.78636 2.87183 3.87803
223967 P 0 1 63.77645 0.54393 16.65311 1.19169 3.45982 0.08944 2.74884 4.78713 2.87180 3.87780
223968 P 0 1 63.77462 0.54396 16.65337 1.19181 3.46019 0.08945 2.74933 4.78791 2.87178 3.87757
223969 P 0 1 63.77277 0.54398 16.65364 1.19194 3.46057 0.08947 2.74983 4.78869 2.87175 3.87734
223970 P 0 1 63.77090 0.54401 16.65391 1.19207 3.46096 0.08949 2.75034 4.78949 2.87173 3.87710
223971 P 0 1 63.76901 0.54403 16.65418 1.19220 3.46135 0.08951 2.75085 4.79029 2.87170 3.87687
223972 P 0 1 63.76711 0.54406 16.65446 1.19233 3.46174 0.08954 2.75136 4.79110 2.87168 3.87663
223973 P 0 1 63.76519 0.54409 16.65474 1.19246 3.46214 0.08956 2.75188 4.79192 2.87165 3.87639
223974 P 0 1 63.76325 0.54411 16.65502 1.19259 3.46254 0.08958 2.75240 4.79274 2.87163 3.87614
223975 P 0 1 63.76130 0.54414 16.65530 1.19273 3.46294 0.08960 2.75293 4.79357 2.87160 3.87590
223976 P 0 1 63.75933 0.54416 16.65558 1.19286 3.46334 0.08962 2.75346 4.79441 2.87158 3.87565
223977 P 0 1 63.75735 0.54419 16.65587 1.19300 3.46375 0.08964 2.75400 4.79525 2.87155 3.87540
223978 P 0 1 63.75536 0.54422 16.65616 1.19313 3.46416 0.08966 2.75454 4.79610 2.87152 3.87515
223979 P 0 1 63.75335 0.54424 16.65644 1.19327 3.46458 0.08968 2.75508 4.79695 2.87150 3.87490
223980 P 0 1 63.75134 0.54427 16.65674 1.19341 3.46499 0.08970 2.75562 4.79781 2.87147 3.87465
223981 P 0 1 63.74932 0.54430 16.65703 1.19355 3.46541 0.08972 2.75617 4.79867 2.87144 3.87440
223982 P 0 1 63.74729 0.54433 16.65732 1.19369 3.46583 0.08975 2.75672 4.79953 2.87142 3.87414
223983 P 0 1 63.74525 0.54435 16.65761 1.19383 3.46624 0.08977 2.75727 4.80040 2.87139 3.87389
223984 P 0 1 63.74321 0.54438 16.65791 1.19397 3.46667 0.08979 2.75782 4.80127 2.87136 3.87363
223985 P 0 1 63.74116 0.54441 16.65820 1.19411 3.46709 0.08981 2.75838 4.80214 2.87134 3.87337
223986 P 0 1 63.73911 0.54444 16.65850 1.19425 3.46751 0.08983 2.75893 4.80301 2.87131 3.87312
223987 P 0 1 63.73706 0.54446 16.65879 1.19439 3.46793 0.08986 2.75949 4.80388 2.87128 3.87286
223988 P 0 1 63.73501 0.54449 16.65909 1.19453 3.46836 0.08988 2.76004 4.80476 2.87125 3.87260
223989 P 0 1 63.73296 0.54452 16.65938 1.19467 3.46878 0.08990 2.76060 4.80563 2.87123 3.87234
223990 P 0 1 63.73091 0.54455 16.65968 1.19481 3.46920 0.08992 2.76115 4.80650 2.87120 3.87209
223991 P 0 1 63.72887 0.54457 16.65997 1.19495 3.46962 0.08994 2.76170 4.80737 2.87117 3.87183
223992 P 0 1 63.72683 0.54460 16.66026 1.19509 3.47004 0.08996 2.76225 4.80824 2.87115 3.87158
223993 P 0 1 63.72480 0.54463 16.66055 1.19523 3.47046 0.08999 2.76280 4.80910 2.87112 3.87132
223994 P 0 1 63.72278 0.54466 16.66084 1.19537 3.47087 0.09001 2.76335 4.80996 2.87109 3.87107
223995 P 0 1 63.72077 0.54468 16.66113 1.19550 3.47129 0.09003 2.76389 4.81082 2.87107 3.87082
223996 P 0 1 63.71877 0.54471 16.66142 1.19564 3.47170 0.09005 2.76443 4.81167 2.87104 3.87057
223997 P 0 1 63.71679 0.54474 16.66170 1.19578 3.47211 0.09007 2.76497 4.81251 2.87101 3.87032
223998 P 0 1 63.71482 0.54476 16.66198 1.19591 3.47251 0.09009 2.76550 4.81335 2.87099 3.87007
223999 P 0 1 63.71288 0.54479 16.66226 1.19604 3.47291 0.09011 2.76603 4.81418 2.87096 3.86983
224304 P 0 1 64.60065 0.53249 16.52578 1.13494 3.28943 0.08087 2.52970 4.44077 2.88187 3.98351
224305 P 0 1 64.60090 0.53248 16.52574 1.13492 3.28938 0.08087 2.52963 4.44066 2.88187 3.98354
224306 P 0 1 64.60115 0.53248 16.52570 1.13491 3.28933 0.08087 2.52957 4.44056 2.88188 3.98357
224307 P 0 1 63.48251 0.54787 16.69466 1.21181 3.52032 0.09260 2.82867 4.91257 2.86784 3.84117
224308 P 0 1 63.48278 0.54786 16.69462 1.21179 3.52026 0.09259 2.82860 4.91245 2.86784 3.84120
224309 P 0 1 63.48306 0.54786 16.69458 1.21177 3.52021 0.09259 2.82852 4.91233 2.86784 3.84124
224310 P 0 1 63.48333 0.54785 16.69455 1.21175 3.52015 0.09259 2.82845 4.91221 2.86785 3.84127
224311 P 0 1 63.48359 0.54785 16.69451 1.21173 3.52010 0.09258 2.82838 4.91210 2.86785 3.84130
224312 P 0 1 63.48386 0.54785 16.69447 1.21172 3.52004 0.09258 2.82831 4.91199 2.86786 3.84133
224313 P 0 1 63.48411 0.54784 16.69444 1.21170 3.51999 0.09258 2.82823 4.91188 2.86786 3.84137
224314 P 0 1 63.48437 0.54784 16.69440 1.21168 3.51994 0.09257 2.82817 4.91177 2.86786 3.84140
224315 P 0 1 63.48462 0.54784 16.69437 1.21166 3.51989 0.09257 2.82810 4.91166 2.86787 3.84143
224316 P 0 1 63.48486 0.54783 16.69433 1.21165 3.51984 0.09257 2.82803 4.91156 2.86787 3.84146
224317 P 0 1 63.48511 0.54783 16.69430 1.21163 3.51979 0.09257 2.82796 4.91145 2.86787 3.84149
224318 P 0 1 63.48534 0.54783 16.69427 1.21161 3.51974 0.09256 2.82790 4.91135 2.86788 3.84152
224319 P 0 1 63.48557 0.54782 16.69424 1.21160 3.51969 0.09256 2.82784 4.91125 2.86788 3.84155
224320 P 0 1 63.48579 0.54782 16.69420 1.21158 3.51965 0.09256 2.82778 4.91116 2.86788 3.84157
224321 P 0 1 63.48601 0.54782 16.69417 1.21157 3.51960 0.09256 2.82772 4.91107 2.86789 3.84160
224322 P 0 1 63.48622 0.54782 16.69415 1.21155 3.51956 0.09255 2.82766 4.91098 2.86789 3.84163
224323 P 0 1 63.48642 0.54781 16.69412 1.21154 3.51952 0.09255 2.82761 4.91089 2.86789 3.84165
224324 P 0 1 63.48661 0.54781 16.69409 1.21153 3.51948 0.09255 2.82755 4.91081 2.86789 3.84168
224325 P 0 1 63.48680 0.54781 16.69407 1.21151 3.51944 0.09255 2.82750 4.91073 2.86790 3.84170
224326 P 0 1 63.48698 0.54781 16.69404 1.21150 3.51940 0.09255 2.82745 4.91065 2.86790 3.84172
224327 P 0 1 63.48715 0.54780 16.69402 1.21149 3.51937 0.09254 2.82741 4.91058 2.86790 3.84174
224328 P 0 1 63.48731 0.54780 16.69400 1.21148 3.51933 0.09254 2.82736 4.91051 2.86790 3.84176
224329 P 0 1 63.48746 0.54780 16.69397 1.21147 3.51930 0.09254 2.82732 4.91045 2.86791 3.84178
224330 P 0 1 63.48760 0.54780 16.69396 1.21146 3.51928 0.09254 2.82728 4.91039 2.86791 3.84180
224331 P 0 1 63.48773 0.54780 16.69394 1.21145 3.51925 0.09254 2.82725 4.91033 2.86791 3.84181
224332 P 0 1 63.48784 0.54779 16.69392 1.21144 3.51922 0.09254 2.82722 4.91028 2.86791 3.84183
224333 P 0 1 63.48795 0.54779 16.69391 1.21144 3.51920 0.09254 2.82719 4.91023 2.86791 3.84184
224334 P 0 1 63.83801 0.54310 16.64415 1.18747 3.44713 0.08878 2.73223 4.76099 2.87261 3.88554
224335 P 0 1 63.83812 0.54310 16.64414 1.18746 3.44710 0.08878 2.73220 4.76094 2.87261 3.88555
224336 P 0 1 63.83822 0.54310 16.64412 1.18745 3.44708 0.08878 2.73217 4.76089 2.87261 3.88557
224337 P 0 1 63.83832 0.54310 16.64411 1.18744 3.44706 0.08878 2.73215 4.76086 2.87261 3.88558
224338 P 0 1 63.83840 0.54309 16.64410 1.18744 3.44705 0.08878 2.73212 4.76082 2.87261 3.88559
224339 P 0 1 63.83848 0.54309 16.64409 1.18743 3.44703 0.08878 2.73210 4.76079 2.87261 3.88560
224340 P 0 1 63.83854 0.54309 16.64408 1.18743 3.44702 0.08878 2.73209 4.76076 2.87262 3.88561
224341 P 0 1 63.83859 0.54309 16.64407 1.18743 3.44701 0.08877 2.73207 4.76074 2.87262 3.88561
224342 P 0 1 63.83863 0.54309 16.64406 1.18742 3.44700 0.08877 2.73206 4.76072 2.87262 3.88562
224343 P 0 1 63.83866 0.54309 16.64406 1.18742 3.44699 0.08877 2.73205 4.76071 2.87262 3.88562
224344 P 0 1 63.83867 0.54309 16.64406 1.18742 3.44699 0.08877 2.73205 4.76070 2.87262 3.88562
224345 P 0 1 63.83868 0.54309 16.64406 1.18742 3.44699 0.08877 2.73205 4.76070 2.87262 3.88562
224346 P 0 1 63.83866 0.54309 16.64406 1.18742 3.44699 0.08877 2.73205 4.76071 2.87262 3.88562
224347 P 0 1 63.83864 0.54309 16.64406 1.18742 3.44700 0.08877 2.73206 4.76072 2.87262 3.88562
224348 P 0 1 63.83860 0.54309 16.64407 1.18742 3.44700 0.08877 2.73207 4.76074 2.87262 3.88561
224349 P 0 1 63.83854 0.54309 16.64408 1.18743 3.44702 0.08878 2.73209 4.76076 2.87262 3.88561
224350 P 0 1 63.83847 0.54309 16.64409 1.18743 3.44703 0.08878 2.73210 4.76079 2.87261 3.88560
224351 P 0 1 63.83839 0.54309 16.64410 1.18744 3.44705 0.08878 2.73213 4.76083 2.87261 3.88559
224352 P 0 1 63.83829 0.54310 16.64411 1.18745 3.44707 0.08878 2.73216 4.76087 2.87261 3.88557
224353 P 0 1 63.83817 0.54310 16.64413 1.18745 3.44709 0.08878 2.73219 4.76092 2.87261 3.88556
224354 P 0 1 63.83803 0.54310 16.64415 1.18746 3.44712 0.08878 2.73222 4.76098 2.87261 3.88554
224355 P 0 1 63.83787 0.54310 16.64417 1.18747 3.44715 0.08878 2.73227 4.76104 2.87261 3.88552
224356 P 0 1 63.83770 0.54310 16.64420 1.18749 3.44719 0.08878 2.73231 4.76112 2.87260 3.88550
224357 P 0 1 63.83751 0.54311 16.64423 1.18750 3.44723 0.08879 2.73237 4.76120 2.87260 3.88548
224358 P 0 1 63.83729 0.54311 16.64426 1.18751 3.44727 0.08879 2.73242 4.76129 2.87260 3.88545
224359 P 0 1 63.83706 0.54311 16.64429 1.18753 3.44732 0.08879 2.73248 4.76139 2.87260 3.88542
224360 P 0 1 63.83681 0.54312 16.64433 1.18755 3.44737 0.08879 2.73255 4.76150 2.87259 3.88539
224361 P 0 1 63.83654 0.54312 16.64437 1.18757 3.44743 0.08880 2.73263 4.76161 2.87259 3.88535
224362 P 0 1 63.83624 0.54312 16.64441 1.18759 3.44749 0.08880 2.73271 4.76174 2.87259 3.88532
224363 P 0 1 63.83593 0.54313 16.64446 1.18761 3.44756 0.08880 2.73279 4.76187 2.87258 3.88528
224364 P 0 1 63.83559 0.54313 16.64451 1.18763 3.44763 0.08881 2.73288 4.76201 2.87258 3.88523
224365 P 0 1 63.83523 0.54314 16.64456 1.18766 3.44770 0.08881 2.73298 4.76217 2.87257 3.88519
224366 P 0 1 63.83484 0.54314 16.64462 1.18768 3.44778 0.08881 2.73308 4.76233 2.87257 3.88514
224367 P 0 1 63.83444 0.54315 16.64468 1.18771 3.44786 0.08882 2.73319 4.76250 2.87256 3.88509
224368 P 0 1 63.83401 0.54315 16.64474 1.18774 3.44795 0.08882 2.73331 4.76269 2.87256 3.88504
224369 P 0 1 63.83355 0.54316 16.64481 1.18777 3.44805 0.08883 2.73343 4.76288 2.87255 3.88498
224370 P 0 1 63.83307 0.54317 16.64488 1.18780 3.44814 0.08883 2.73356 4.76308 2.87254 3.88492
224371 P 0 1 63.83257 0.54317 16.64495 1.18784 3.44825 0.08884 2.73370 4.76330 2.87254 3.88485
224372 P 0 1 63.83204 0.54318 16.64503 1.18787 3.44836 0.08884 2.73384 4.76352 2.87253 3.88479
224373 P 0 1 63.83148 0.54319 16.64511 1.18791 3.44847 0.08885 2.73399 4.76376 2.87252 3.88472
224374 P 0 1 63.83090 0.54320 16.64519 1.18795 3.44859 0.08886 2.73415 4.76400 2.87252 3.88464
224375 P 0 1 63.83029 0.54320 16.64528 1.18799 3.44872 0.08886 2.73431 4.76426 2.87251 3.88457
224376 P 0 1 63.82966 0.54321 16.64537 1.18804 3.44885 0.08887 2.73448 4.76453 2.87250 3.88449
224377 P 0 1 63.82900 0.54322 16.64547 1.18808 3.44898 0.08888 2.73466 4.76481 2.87249 3.88441
224378 P 0 1 63.82831 0.54323 16.64557 1.18813 3.44913 0.08888 2.73484 4.76510 2.87248 3.88432
224379 P 0 1 63.82760 0.54324 16.64567 1.18818 3.44927 0.08889 2.73504 4.76540 2.87247 3.88423
224380 P 0 1 63.82686 0.54325 16.64578 1.18823 3.44943 0.08890 2.73524 4.76572 2.87246 3.88414
224381 P 0 1 63.82609 0.54326 16.64590 1.18828 3.44958 0.08891 2.73544 4.76605 2.87245 3.88404
224382 P 0 1 63.82529 0.54327 16.64601 1.18834 3.44975 0.08892 2.73566 4.76638 2.87244 3.88394
224383 P 0 1 63.82446 0.54328 16.64613 1.18839 3.44992 0.08892 2.73588 4.76674 2.87243 3.88383
224384 P 0 1 63.82361 0.54329 16.64626 1.18845 3.45010 0.08893 2.73611 4.76710 2.87242 3.88373
224385 P 0 1 63.82273 0.54331 16.64639 1.18851 3.45028 0.08894 2.73635 4.76747 2.87241 3.88362
224386 P 0 1 63.82182 0.54332 16.64652 1.18858 3.45046 0.08895 2.73659 4.76786 2.87240 3.88350
224387 P 0 1 63.82088 0.54333 16.64665 1.18864 3.45066 0.08896 2.73685 4.76826 2.87239 3.88338
224388 P 0 1 63.81991 0.54334 16.64680 1.18871 3.45086 0.08897 2.73711 4.76867 2.87237 3.88326
224389 P 0 1 63.81892 0.54336 16.64694 1.18877 3.45106 0.08898 2.73738 4.76909 2.87236 3.88314
224390 P 0 1 63.81790 0.54337 16.64709 1.18884 3.45127 0.08899 2.73765 4.76952 2.87235 3.88301
224391 P 0 1 63.81684 0.54339 16.64724 1.18892 3.45149 0.08901 2.73794 4.76997 2.87233 3.88288
224392 P 0 1 63.81576 0.54340 16.64740 1.18899 3.45171 0.08902 2.73823 4.77043 2.87232 3.88274
224393 P 0 1 63.81465 0.54342 16.64756 1.18907 3.45194 0.08903 2.73853 4.77090 2.87230 3.88260
224394 P 0 1 63.81351 0.54343 16.64773 1.18915 3.45218 0.08904 2.73883 4.77138 2.87229 3.88246
224395 P 0 1 63.81235 0.54345 16.64790 1.18923 3.45242 0.08905 2.73915 4.77188 2.87227 3.88231
224396 P 0 1 63.81115 0.54346 16.64807 1.18931 3.45266 0.08907 2.73947 4.77239 2.87226 3.88216
224397 P 0 1 63.80993 0.54348 16.64825 1.18939 3.45292 0.08908 2.73980 4.77291 2.87224 3.88201
224398 P 0 1 63.80868 0.54350 16.64843 1.18948 3.45317 0.08909 2.74014 4.77344 2.87223 3.88185
224399 P 0 1 63.80740 0.54351 16.64862 1.18956 3.45344 0.08911 2.74048 4.77398 2.87221 3.88169
224400 P 0 1 63.80609 0.54353 16.64881 1.18965 3.45371 0.08912 2.74084 4.77454 2.87219 3.88152
224401 P 0 1 63.80476 0.54355 16.64900 1.18975 3.45398 0.08913 2.74120 4.77510 2.87217 3.88136
224402 P 0 1 63.80339 0.54357 16.64920 1.18984 3.45426 0.08915 2.74156 4.77568 2.87216 3.88118
224403 P 0 1 63.80200 0.54359 16.64940 1.18993 3.45455 0.08916 2.74194 4.77627 2.87214 3.88101
224404 P 0 1 63.80059 0.54361 16.64961 1.19003 3.45484 0.08918 2.74232 4.77687 2.87212 3.88083
224405 P 0 1 63.79915 0.54363 16.64982 1.19013 3.45514 0.08919 2.74271 4.77749 2.87210 3.88065
224406 P 0 1 63.79768 0.54365 16.65003 1.19023 3.45544 0.08921 2.74311 4.77811 2.87208 3.88047
224407 P 0 1 63.79618 0.54367 16.65025 1.19033 3.45575 0.08923 2.74351 4.77875 2.87206 3.88028
224408 P 0 1 63.79466 0.54369 16.65047 1.19044 3.45606 0.08924 2.74392 4.77939 2.87204 3.88009
224409 P 0 1 63.79311 0.54371 16.65069 1.19054 3.45638 0.08926 2.74434 4.78005 2.87202 3.87989
224410 P 0 1 63.79154 0.54373 16.65092 1.19065 3.45671 0.08927 2.74476 4.78072 2.87200 3.87969
224411 P 0 1 63.78995 0.54375 16.65115 1.19076 3.45703 0.08929 2.74519 4.78140 2.87198 3.87949
224412 P 0 1 63.78832 0.54377 16.65139 1.19087 3.45737 0.08931 2.74563 4.78208 2.87196 3.87929
224413 P 0 1 63.78668 0.54379 16.65163 1.19099 3.45771 0.08933 2.74608 4.78278 2.87194 3.87908
224414 P 0 1 63.78501 0.54382 16.65187 1.19110 3.45805 0.08934 2.74653 4.78349 2.87192 3.87887
224415 P 0 1 63.78332 0.54384 16.65211 1.19122 3.45840 0.08936 2.74698 4.78421 2.87189 3.87866
224416 P 0 1 63.78161 0.54386 16.65236 1.19133 3.45875 0.08938 2.74744 4.78494 2.87187 3.87845
224417 P 0 1 63.77988 0.54389 16.65261 1.19145 3.45911 0.08940 2.74791 4.78567 2.87185 3.87823
224418 P 0 1 63.77813 0.54391 16.65287 1.19157 3.45947 0.08942 2.74839 4.78642 2.87182 3.87801
224419 P 0 1 63.77635 0.54393 16.65312 1.19169 3.45984 0.08944 2.74887 4.78717 2.87180 3.87779
224420 P 0 1 63.77456 0.54396 16.65338 1.19182 3.46021 0.08946 2.74935 4.78794 2.87178 3.87756
224421 P 0 1 63.77274 0.54398 16.65364 1.19194 3.46058 0.08947 2.74984 4.78871 2.87175 3.87733
224422 P 0 1 63.77091 0.54401 16.65391 1.19207 3.46096 0.08949 2.75033 4.78948 2.87173 3.87710
224423 P 0 1 63.76906 0.54403 16.65418 1.19219 3.46134 0.08951 2.75083 4.79027 2.87171 3.87687
224424 P 0 1 63.76720 0.54406 16.65445 1.19232 3.46172 0.08953 2.75134 4.79106 2.87168 3.87664
224425 P 0 1 63.76531 0.54408 16.65472 1.19245 3.46211 0.08955 2.75185 4.79186 2.87166 3.87640
224426 P 0 1 63.76342 0.54411 16.65499 1.19258 3.46250 0.08957 2.75236 4.79267 2.87163 3.87616
224427 P 0 1 63.76151 0.54413 16.65527 1.19271 3.46290 0.08959 2.75288 4.79348 2.87161 3.87592
224428 P 0 1 63.75958 0.54416 16.65555 1.19284 3.46329 0.08962 2.75340 4.79430 2.87158 3.87568
224429 P 0 1 63.75764 0.54419 16.65583 1.19298 3.46369 0.08964 2.75392 4.79513 2.87155 3.87544
224430 P 0 1 63.75569 0.54421 16.65611 1.19311 3.46409 0.08966 2.75445 4.79596 2.87153 3.87519
224431 P 0 1 63.75374 0.54424 16.65639 1.19324 3.46450 0.08968 2.75498 4.79679 2.87150 3.87495
224432 P 0 1 63.75177 0.54427 16.65667 1.19338 3.46490 0.08970 2.75551 4.79763 2.87148 3.87470
224433 P 0 1 63.74979 0.54429 16.65696 1.19351 3.46531 0.08972 2.75604 4.79847 2.87145 3.87445
224434 P 0 1 63.74780 0.54432 16.65724 1.19365 3.46572 0.08974 2.75658 4.79931 2.87142 3.87421
224435 P 0 1 63.74581 0.54435 16.65753 1.19379 3.46613 0.08976 2.75712 4.80016 2.87140 3.87396
224436 P 0 1 63.74382 0.54437 16.65782 1.19392 3.46654 0.08978 2.75766 4.80101 2.87137 3.87371
224437 P 0 1 63.74182 0.54440 16.65811 1.19406 3.46695 0.08980 2.75820 4.80186 2.87135 3.87346
224438 P 0 1 63.73982 0.54443 16.65839 1.19420 3.46736 0.08983 2.75874 4.80271 2.87132 3.87320
224439 P 0 1 63.73782 0.54445 16.65868 1.19434 3.46778 0.08985 2.75928 4.80356 2.87129 3.87295
224440 P 0 1 63.73581 0.54448 16.65897 1.19447 3.46819 0.08987 2.75982 4.80441 2.87127 3.87270
224441 P 0 1 63.73381 0.54451 16.65926 1.19461 3.46860 0.08989 2.76036 4.80526 2.87124 3.87245
224442 P 0 1 63.73182 0.54454 16.65955 1.19475 3.46901 0.08991 2.76090 4.80611 2.87121 3.87220
224443 P 0 1 63.72982 0.54456 16.65983 1.19488 3.46942 0.08993 2.76144 4.80696 2.87119 3.87195
224444 P 0 1 63.72784 0.54459 16.66012 1.19502 3.46983 0.08995 2.76198 4.80781 2.87116 3.87170
224445 P 0 1 63.72586 0.54462 16.66040 1.19515 3.47024 0.08998 2.76252 4.80865 2.87113 3.87146
224446 P 0 1 63.72389 0.54464 16.66068 1.19529 3.47065 0.09000 2.76305 4.80949 2.87111 3.87121
224447 P 0 1 63.72193 0.54467 16.66096 1.19542 3.47105 0.09002 2.76358 4.81032 2.87108 3.87096
224448 P 0 1 63.71999 0.54469 16.66124 1.19556 3.47145 0.09004 2.76411 4.81115 2.87106 3.87072
224449 P 0 1 63.71805 0.54472 16.66152 1.19569 3.47185 0.09006 2.76463 4.81197 2.87103 3.87048
224450 P 0 1 63.71614 0.54475 16.66180 1.19582 3.47224 0.09008 2.76515 4.81279 2.87100 3.87024
224757 P 0 1 64.60105 0.53248 16.52571 1.13491 3.28935 0.08087 2.52959 4.44060 2.88187 3.98356
224758 P 0 1 64.60131 0.53248 16.52567 1.13489 3.28929 0.08087 2.52953 4.44049 2.88188 3.98359
224759 P 0 1 63.48188 0.54787 16.69475 1.21185 3.52045 0.09260 2.82885 4.91284 2.86783 3.84109
224760 P 0 1 63.48214 0.54787 16.69471 1.21183 3.52040 0.09260 2.82877 4.91272 2.86783 3.84112
224761 P 0 1 63.48240 0.54787 16.69467 1.21182 3.52034 0.09260 2.82870 4.91261 2.86784 3.84115
224762 P 0 1 63.48266 0.54786 16.69464 1.21180 3.52029 0.09259 2.82863 4.91250 2.86784 3.84119
224763 P 0 1 63.48292 0.54786 16.69460 1.21178 3.52024 0.09259 2.82856 4.91239 2.86784 3.84122
224764 P 0 1 63.48317 0.54786 16.69457 1.21176 3.52019 0.09259 2.82849 4.91228 2.86785 3.84125
224765 P 0 1 63.48342 0.54785 16.69453 1.21175 3.52013 0.09259 2.82842 4.91218 2.86785 3.84128
224766 P 0 1 63.48366 0.54785 16.69450 1.21173 3.52008 0.09258 2.82836 4.91207 2.86785 3.84131
224767 P 0 1 63.48390 0.54785 16.69447 1.21171 3.52004 0.09258 2.82829 4.91197 2.86786 3.84134
224768 P 0 1 63.48413 0.54784 16.69443 1.21170 3.51999 0.09258 2.82823 4.91187 2.86786 3.84137
224769 P 0 1 63.48436 0.54784 16.69440 1.21168 3.51994 0.09258 2.82817 4.91177 2.86786 3.84140
224770 P 0 1 63.48459 0.54784 16.69437 1.21167 3.51989 0.09257 2.82811 4.91168 2.86787 3.84142
224771 P 0 1 63.48480 0.54783 16.69434 1.21165 3.51985 0.09257 2.82805 4.91158 2.86787 3.84145
224772 P 0 1 63.48502 0.54783 16.69431 1.21164 3.51981 0.09257 2.82799 4.91149 2.86787 3.84148
224773 P 0 1 63.48522 0.54783 16.69428 1.21162 3.51976 0.09257 2.82793 4.91140 2.86787 3.84150
224774 P 0 1 63.48542 0.54783 16.69426 1.21161 3.51972 0.09256 2.82788 4.91132 2.86788 3.84153
224775 P 0 1 63.48561 0.54782 16.69423 1.21160 3.51968 0.09256 2.82783 4.91124 2.86788 3.84155
224776 P 0 1 63.48579 0.54782 16.69420 1.21158 3.51965 0.09256 2.82778 4.91116 2.86788 3.84157
224777 P 0 1 63.48597 0.54782 16.69418 1.21157 3.51961 0.09256 2.82773 4.91108 2.86788 3.84160
224778 P 0 1 63.48613 0.54782 16.69416 1.21156 3.51958 0.09256 2.82768 4.91101 2.86789 3.84162
224779 P 0 1 63.48629 0.54782 16.69414 1.21155 3.51954 0.09255 2.82764 4.91095 2.86789 3.84164
224780 P 0 1 63.48644 0.54781 16.69412 1.21154 3.51951 0.09255 2.82760 4.91088 2.86789 3.84165
224781 P 0 1 63.48657 0.54781 16.69410 1.21153 3.51949 0.09255 2.82756 4.91082 2.86789 3.84167
224782 P 0 1 63.48670 0.54781 16.69408 1.21152 3.51946 0.09255 2.82753 4.91077 2.86790 3.84169
224783 P 0 1 63.48682 0.54781 16.69406 1.21151 3.51943 0.09255 2.82750 4.91072 2.86790 3.84170
224784 P 0 1 63.48693 0.54781 16.69405 1.21151 3.51941 0.09255 2.82747 4.91067 2.86790 3.84171
224785 P 0 1 63.48702 0.54781 16.69403 1.21150 3.51939 0.09255 2.82744 4.91063 2.86790 3.84173
224786 P 0 1 63.48711 0.54780 16.69402 1.21149 3.51938 0.09255 2.82742 4.91060 2.86790 3.84174
224787 P 0 1 63.83747 0.54311 16.64423 1.18750 3.44724 0.08879 2.73237 4.76121 2.87260 3.88547
224788 P 0 1 63.83757 0.54311 16.64422 1.18750 3.44722 0.08879 2.73235 4.76117 2.87260 3.88548
224789 P 0 1 63.83765 0.54310 16.64421 1.18749 3.44720 0.08878 2.73233 4.76114 2.87260 3.88549
224790 P 0 1 63.83772 0.54310 16.64420 1.18748 3.44719 0.08878 2.73231 4.76111 2.87260 3.88550
224791 P 0 1 63.83778 0.54310 16.64419 1.18748 3.44717 0.08878 2.73229 4.76108 2.87261 3.88551
224792 P 0 1 63.83784 0.54310 16.64418 1.18748 3.44716 0.08878 2.73228 4.76106 2.87261 3.88552
224793 P 0 1 63.83788 0.54310 16.64417 1.18747 3.44715 0.08878 2.73227 4.76104 2.87261 3.88552
224794 P 0 1 63.83791 0.54310 16.64417 1.18747 3.44715 0.08878 2.73226 4.76103 2.87261 3.88553
224795 P 0 1 63.83793 0.54310 16.64417 1.18747 3.44714 0.08878 2.73225 4.76102 2.87261 3.88553
224796 P 0 1 63.83793 0.54310 16.64417 1.18747 3.44714 0.08878 2.73225 4.76102 2.87261 3.88553
224797 P 0 1 63.83792 0.54310 16.64417 1.18747 3.44714 0.08878 2.73225 4.76102 2.87261 3.88553
224798 P 0 1 63.83790 0.54310 16.64417 1.18747 3.44715 0.08878 2.73226 4.76103 2.87261 3.88553
224799 P 0 1 63.83787 0.54310 16.64418 1.18747 3.44716 0.08878 2.73227 4.76105 2.87261 3.88552
224800 P 0 1 63.83782 0.54310 16.64418 1.18748 3.44717 0.08878 2.73228 4.76107 2.87261 3.88552
224801 P 0 1 63.83776 0.54310 16.64419 1.18748 3.44718 0.08878 2.73230 4.76109 2.87261 3.88551
224802 P 0 1 63.83768 0.54310 16.64420 1.18749 3.44720 0.08878 2.73232 4.76113 2.87260 3.88550
224803 P 0 1 63.83758 0.54311 16.64422 1.18749 3.44721 0.08879 2.73235 4.76117 2.87260 3.88549
224804 P 0 1 63.83747 0.54311 16.64423 1.18750 3.44724 0.08879 2.73237 4.76122 2.87260 3.88547
224805 P 0 1 63.83734 0.54311 16.64425 1.18751 3.44726 0.08879 2.73241 4.76127 2.87260 3.88546
224806 P 0 1 63.83720 0.54311 16.64427 1.18752 3.44729 0.08879 2.73245 4.76133 2.87260 3.88544
224807 P 0 1 63.83703 0.54311 16.64430 1.18753 3.44733 0.08879 2.73249 4.76140 2.87260 3.88542
224808 P 0 1 63.83685 0.54312 16.64432 1.18754 3.44736 0.08879 2.73254 4.76148 2.87259 3.88539
224809 P 0 1 63.83665 0.54312 16.64435 1.18756 3.44741 0.08880 2.73259 4.76156 2.87259 3.88537
224810 P 0 1 63.83644 0.54312 16.64438 1.18757 3.44745 0.08880 2.73265 4.76165 2.87259 3.88534
224811 P 0 1 63.83620 0.54312 16.64442 1.18759 3.44750 0.08880 2.73272 4.76175 2.87258 3.88531
224812 P 0 1 63.83594 0.54313 16.64446 1.18761 3.44755 0.08880 2.73279 4.76186 2.87258 3.88528
224813 P 0 1 63.83566 0.54313 16.64450 1.18763 3.44761 0.08881 2.73286 4.76198 2.87258 3.88524
224814 P 0 1 63.83536 0.54314 16.64454 1.18765 3.44767 0.08881 2.73294 4.76211 2.87257 3.88521
224815 P 0 1 63.83504 0.54314 16.64459 1.18767 3.44774 0.08881 2.73303 4.76225 2.87257 3.88517
224816 P 0 1 63.83470 0.54314 16.64464 1.18769 3.44781 0.08882 2.73312 4.76239 2.87257 3.88512
224817 P 0 1 63.83434 0.54315 16.64469 1.18772 3.44788 0.08882 2.73322 4.76254 2.87256 3.88508
224818 P 0 1 63.83395 0.54315 16.64475 1.18774 3.44796 0.08882 2.73332 4.76271 2.87256 3.88503
224819 P 0 1 63.83354 0.54316 16.64481 1.18777 3.44805 0.08883 2.73343 4.76288 2.87255 3.88498
224820 P 0 1 63.83311 0.54317 16.64487 1.18780 3.44814 0.08883 2.73355 4.76307 2.87254 3.88492
224821 P 0 1 63.83265 0.54317 16.64494 1.18783 3.44823 0.08884 2.73367 4.76326 2.87254 3.88486
224822 P 0 1 63.83217 0.54318 16.64501 1.18787 3.44833 0.08884 2.73380 4.76346 2.87253 3.88480
224823 P 0 1 63.83167 0.54319 16.64508 1.18790 3.44843 0.08885 2.73394 4.76368 2.87253 3.88474
224824 P 0 1 63.83114 0.54319 16.64516 1.18794 3.44854 0.08885 2.73408 4.76390 2.87252 3.88467
224825 P 0 1 63.83058 0.54320 16.64524 1.18797 3.44866 0.08886 2.73423 4.76414 2.87251 3.88460
224826 P 0 1 63.83000 0.54321 16.64532 1.18801 3.44878 0.08887 2.73439 4.76438 2.87250 3.88453
224827 P 0 1 63.82940 0.54322 16.64541 1.18806 3.44890 0.08887 2.73455 4.76464 2.87250 3.88446
224828 P 0 1 63.82877 0.54322 16.64550 1.18810 3.44903 0.08888 2.73472 4.76491 2.87249 3.88438
224829 P 0 1 63.82811 0.54323 16.64560 1.18814 3.44917 0.08889 2.73490 4.76519 2.87248 3.88429
224830 P 0 1 63.82743 0.54324 16.64570 1.18819 3.44931 0.08889 2.73508 4.76548 2.87247 3.88421
224831 P 0 1 63.82672 0.54325 16.64580 1.18824 3.44945 0.08890 2.73527 4.76578 2.87246 3.88412
224832 P 0 1 63.82598 0.54326 16.64591 1.18829 3.44961 0.08891 2.73547 4.76609 2.87245 3.88403
224833 P 0 1 63.82522 0.54327 16.64602 1.18834 3.44976 0.08892 2.73568 4.76641 2.87244 3.88393
224834 P 0 1 63.82443 0.54328 16.64614 1.18840 3.44993 0.08893 2.73589 4.76675 2.87243 3.88383
224835 P 0 1 63.82361 0.54329 16.64626 1.18845 3.45009 0.08893 2.73611 4.76710 2.87242 3.88373
224836 P 0 1 63.82277 0.54331 16.64638 1.18851 3.45027 0.08894 2.73634 4.76746 2.87241 3.88362
224837 P 0 1 63.82189 0.54332 16.64651 1.18857 3.45045 0.08895 2.73657 4.76783 2.87240 3.88351
224838 P 0 1 63.82099 0.54333 16.64664 1.18863 3.45063 0.08896 2.73682 4.76821 2.87239 3.88340
224839 P 0 1 63.82007 0.54334 16.64677 1.18870 3.45083 0.08897 2.73707 4.76860 2.87237 3.88328
224840 P 0 1 63.81911 0.54336 16.64691 1.18876 3.45102 0.08898 2.73732 4.76901 2.87236 3.88316
224841 P 0 1 63.81813 0.54337 16.64706 1.18883 3.45123 0.08899 2.73759 4.76943 2.87235 3.88304
224842 P 0 1 63.81712 0.54338 16.64720 1.18890 3.45143 0.08900 2.73786 4.76985 2.87234 3.88291
224843 P 0 1 63.81608 0.54340 16.64735 1.18897 3.45165 0.08901 2.73814 4.77030 2.87232 3.88278
224844 P 0 1 63.81501 0.54341 16.64751 1.18904 3.45187 0.08903 2.73843 4.77075 2.87231 3.88264
224845 P 0 1 63.81392 0.54343 16.64767 1.18912 3.45209 0.08904 2.73873 4.77121 2.87229 3.88251
224846 P 0 1 63.81279 0.54344 16.64783 1.18919 3.45233 0.08905 2.73903 4.77169 2.87228 3.88237
224847 P 0 1 63.81164 0.54346 16.64800 1.18927 3.45256 0.08906 2.73934 4.77218 2.87226 3.88222
224848 P 0 1 63.81047 0.54347 16.64817 1.18935 3.45280 0.08907 2.73966 4.77268 2.87225 3.88207
224849 P 0 1 63.80926 0.54349 16.64835 1.18944 3.45305 0.08909 2.73998 4.77319 2.87223 3.88192
224850 P 0 1 63.80803 0.54351 16.64853 1.18952 3.45331 0.08910 2.74031 4.77371 2.87222 3.88177
224851 P 0 1 63.80677 0.54352 16.64871 1.18961 3.45357 0.08911 2.74065 4.77425 2.87220 3.88161
224852 P 0 1 63.80548 0.54354 16.64890 1.18970 3.45383 0.08913 2.74100 4.77480 2.87218 3.88145
224853 P 0 1 63.80417 0.54356 16.64909 1.18979 3.45410 0.08914 2.74136 4.77535 2.87217 3.88128
224854 P 0 1 63.80283 0.54358 16.64928 1.18988 3.45438 0.08915 2.74172 4.77592 2.87215 3.88111
224855 P 0 1 63.80146 0.54359 16.64948 1.18997 3.45466 0.08917 2.74209 4.77650 2.87213 3.88094
224856 P 0 1 63.80007 0.54361 16.64968 1.19007 3.45495 0.08918 2.74246 4.77710 2.87211 3.88077
224857 P 0 1 63.79865 0.54363 16.64989 1.19016 3.45524 0.08920 2.74284 4.77770 2.87209 3.88059
224858 P 0 1 63.79720 0.54365 16.65010 1.19026 3.45554 0.08921 2.74323 4.77831 2.87208 3.88041
224859 P 0 1 63.79573 0.54367 16.65031 1.19036 3.45584 0.08923 2.74363 4.77894 2.87206 3.88022
224860 P 0 1 63.79424 0.54369 16.65053 1.19047 3.45615 0.08925 2.74403 4.77957 2.87204 3.88003
224861 P 0 1 63.79272 0.54371 16.65075 1.19057 3.45646 0.08926 2.74445 4.78022 2.87202 3.87984
224862 P 0 1 63.79118 0.54373 16.65097 1.19068 3.45678 0.08928 2.74486 4.78087 2.87200 3.87965
224863 P 0 1 63.78961 0.54376 16.65120 1.19078 3.45710 0.08930 2.74528 4.78154 2.87198 3.87945
224864 P 0 1 63.78802 0.54378 16.65143 1.19089 3.45743 0.08931 2.74571 4.78221 2.87195 3.87925
224865 P 0 1 63.78640 0.54380 16.65167 1.19100 3.45776 0.08933 2.74615 4.78290 2.87193 3.87905
224866 P 0 1 63.78477 0.54382 16.65190 1.19112 3.45810 0.08935 2.74659 4.78359 2.87191 3.87884
224867 P 0 1 63.78311 0.54384 16.65214 1.19123 3.45844 0.08936 2.74704 4.78430 2.87189 3.87864
224868 P 0 1 63.78143 0.54387 16.65239 1.19135 3.45879 0.08938 2.74749 4.78501 2.87187 3.87842
224869 P 0 1 63.77973 0.54389 16.65263 1.19146 3.45914 0.08940 2.74795 4.78574 2.87185 3.87821
224870 P 0 1 63.77801 0.54391 16.65288 1.19158 3.45949 0.08942 2.74842 4.78647 2.87182 3.87800
224871 P 0 1 63.77627 0.54394 16.65313 1.19170 3.45985 0.08944 2.74889 4.78721 2.87180 3.87778
224872 P 0 1 63.77451 0.54396 16.65339 1.19182 3.46022 0.08946 2.74936 4.78795 2.87178 3.87756
224873 P 0 1 63.77274 0.54398 16.65365 1.19194 3.46058 0.08948 2.74984 4.78871 2.87175 3.87733
224874 P 0 1 63.77094 0.54401 16.65391 1.19206 3.46095 0.08949 2.75033 4.78947 2.87173 3.87711
224875 P 0 1 63.76913 0.54403 16.65417 1.19219 3.46132 0.08951 2.75082 4.79024 2.87171 3.87688
224876 P 0 1 63.76730 0.54406 16.65443 1.19231 3.46170 0.08953 2.75131 4.79102 2.87168 3.87665
224877 P 0 1 63.76546 0.54408 16.65470 1.19244 3.46208 0.08955 2.75181 4.79180 2.87166 3.87642
224878 P 0 1 63.76360 0.54411 16.65497 1.19257 3.46246 0.08957 2.75231 4.79259 2.87163 3.87619
224879 P 0 1 63.76173 0.54413 16.65524 1.19270 3.46285 0.08959 2.75281 4.79339 2.87161 3.87595
224880 P 0 1 63.75985 0.54416 16.65551 1.19283 3.46324 0.08961 2.75332 4.79419 2.87158 3.87572
224881 P 0 1 63.75795 0.54418 16.65578 1.19296 3.46363 0.08963 2.75384 4.79499 2.87156 3.87548
224882 P 0 1 63.75605 0.54421 16.65606 1.19309 3.46402 0.08965 2.75435 4.79581 2.87153 3.87524
224883 P 0 1 63.75413 0.54423 16.65633 1.19322 3.46442 0.08967 2.75487 4.79662 2.87151 3.87500
224884 P 0 1 63.75221 0.54426 16.65661 1.19335 3.46481 0.08969 2.75539 4.79744 2.87148 3.87476
224885 P 0 1 63.75027 0.54429 16.65689 1.19348 3.46521 0.08971 2.75591 4.79826 2.87146 3.87451
224886 P 0 1 63.74833 0.54431 16.65717 1.19361 3.46561 0.08974 2.75644 4.79909 2.87143 3.87427
224887 P 0 1 63.74639 0.54434 16.65745 1.19375 3.46601 0.08976 2.75696 4.79991 2.87141 3.87403
224888 P 0 1 63.74444 0.54437 16.65773 1.19388 3.46641 0.08978 2.75749 4.80074 2.87138 3.87378
224889 P 0 1 63.74249 0.54439 16.65801 1.19402 3.46681 0.08980 2.75802 4.80157 2.87135 3.87354
224890 P 0 1 63.74053 0.54442 16.65829 1.19415 3.46722 0.08982 2.75855 4.80240 2.87133 3.87329
224891 P 0 1 63.73858 0.54444 16.65857 1.19428 3.46762 0.08984 2.75908 4.80324 2.87130 3.87305
224892 P 0 1 63.73662 0.54447 16.65885 1.19442 3.46802 0.08986 2.75960 4.80407 2.87128 3.87280
224893 P 0 1 63.73467 0.54450 16.65913 1.19455 3.46842 0.08988 2.76013 4.80490 2.87125 3.87256
224894 P 0 1 63.73272 0.54452 16.65941 1.19468 3.46883 0.08990 2.76066 4.80573 2.87122 3.87232
224895 P 0 1 63.73078 0.54455 16.65969 1.19482 3.46923 0.08992 2.76118 4.80655 2.87120 3.87207
224896 P 0 1 63.72884 0.54458 16.65997 1.19495 3.46962 0.08994 2.76171 4.80738 2.87117 3.87183
224897 P 0 1 63.72691 0.54460 16.66025 1.19508 3.47002 0.08996 2.76223 4.80820 2.87115 3.87159
224898 P 0 1 63.72500 0.54463 16.66052 1.19521 3.47042 0.08998 2.76275 4.80902 2.87112 3.87135
224899 P 0 1 63.72309 0.54465 16.66080 1.19534 3.47081 0.09000 2.76327 4.80983 2.87110 3.87111
224900 P 0 1 63.72119 0.54468 16.66107 1.19547 3.47120 0.09003 2.76378 4.81064 2.87107 3.87087
225211 P 0 1 63.48125 0.54788 16.69483 1.21189 3.52058 0.09261 2.82902 4.91310 2.86782 3.84101
225212 P 0 1 63.48151 0.54788 16.69480 1.21188 3.52053 0.09261 2.82895 4.91299 2.86782 3.84104
225213 P 0 1 63.48176 0.54788 16.69476 1.21186 3.52048 0.09260 2.82888 4.91289 2.86783 3.84107
225214 P 0 1 63.48201 0.54787 16.69473 1.21184 3.52042 0.09260 2.82881 4.91278 2.86783 3.84111
225215 P 0 1 63.48225 0.54787 16.69469 1.21183 3.52037 0.09260 2.82874 4.91268 2.86783 3.84114
225216 P 0 1 63.48249 0.54787 16.69466 1.21181 3.52032 0.09260 2.82868 4.91257 2.86784 3.84117
225217 P 0 1 63.48273 0.54786 16.69463 1.21179 3.52028 0.09259 2.82861 4.91247 2.86784 3.84120
225218 P 0 1 63.48296 0.54786 16.69460 1.21178 3.52023 0.09259 2.82855 4.91237 2.86784 3.84122
225219 P 0 1 63.48319 0.54786 16.69456 1.21176 3.52018 0.09259 2.82849 4.91227 2.86785 3.84125
225220 P 0 1 63.48341 0.54785 16.69453 1.21175 3.52014 0.09259 2.82843 4.91218 2.86785 3.84128
225221 P 0 1 63.48363 0.54785 16.69450 1.21173 3.52009 0.09258 2.82837 4.91208 2.86785 3.84131
225222 P 0 1 63.48384 0.54785 16.69447 1.21172 3.52005 0.09258 2.82831 4.91199 2.86786 3.84133
225223 P 0 1 63.48405 0.54784 16.69445 1.21170 3.52000 0.09258 2.82825 4.91190 2.86786 3.84136
225224 P 0 1 63.48425 0.54784 16.69442 1.21169 3.51996 0.09258 2.82820 4.91182 2.86786 3.84138
225225 P 0 1 63.48444 0.54784 16.69439 1.21168 3.51992 0.09257 2.82814 4.91174 2.86786 3.84141
225226 P 0 1 63.48463 0.54784 16.69437 1.21166 3.51989 0.09257 2.82809 4.91166 2.86787 3.84143
225227 P 0 1 63.48481 0.54783 16.69434 1.21165 3.51985 0.09257 2.82805 4.91158 2.86787 3.84145
225228 P 0 1 63.48498 0.54783 16.69432 1.21164 3.51981 0.09257 2.82800 4.91151 2.86787 3.84147
225229 P 0 1 63.48514 0.54783 16.69429 1.21163 3.51978 0.09257 2.82795 4.91144 2.86787 3.84149
225230 P 0 1 63.48530 0.54783 16.69427 1.21162 3.51975 0.09256 2.82791 4.91137 2.86788 3.84151
225231 P 0 1 63.48544 0.54783 16.69425 1.21161 3.51972 0.09256 2.82787 4.91131 2.86788 3.84153
225232 P 0 1 63.48558 0.54782 16.69423 1.21160 3.51969 0.09256 2.82783 4.91125 2.86788 3.84155
225233 P 0 1 63.48571 0.54782 16.69422 1.21159 3.51966 0.09256 2.82780 4.91119 2.86788 3.84156
225234 P 0 1 63.48582 0.54782 16.69420 1.21158 3.51964 0.09256 2.82777 4.91114 2.86788 3.84158
225235 P 0 1 63.48593 0.54782 16.69419 1.21157 3.51962 0.09256 2.82774 4.91110 2.86788 3.84159
225236 P 0 1 63.48603 0.54782 16.69417 1.21157 3.51960 0.09256 2.82771 4.91106 2.86789 3.84160
225237 P 0 1 63.48611 0.54782 16.69416 1.21156 3.51958 0.09256 2.82769 4.91102 2.86789 3.84161
225238 P 0 1 63.48618 0.54782 16.69415 1.21156 3.51957 0.09256 2.82767 4.91099 2.86789 3.84162
225239 P 0 1 63.83684 0.54312 16.64433 1.18755 3.44737 0.08879 2.73255 4.76148 2.87259 3.88539
225240 P 0 1 63.83692 0.54311 16.64431 1.18754 3.44735 0.08879 2.73252 4.76145 2.87259 3.88540
225241 P 0 1 63.83699 0.54311 16.64430 1.18753 3.44734 0.08879 2.73250 4.76142 2.87260 3.88541
225242 P 0 1 63.83705 0.54311 16.64429 1.18753 3.44732 0.08879 2.73249 4.76139 2.87260 3.88542
225243 P 0 1 63.83711 0.54311 16.64429 1.18753 3.44731 0.08879 2.73247 4.76137 2.87260 3.88543
225244 P 0 1 63.83715 0.54311 16.64428 1.18752 3.44730 0.08879 2.73246 4.76135 2.87260 3.88543
225245 P 0 1 63.83718 0.54311 16.64428 1.18752 3.44730 0.08879 2.73245 4.76134 2.87260 3.88544
225246 P 0 1 63.83720 0.54311 16.64427 1.18752 3.44729 0.08879 2.73245 4.76133 2.87260 3.88544
225247 P 0 1 63.83721 0.54311 16.64427 1.18752 3.44729 0.08879 2.73245 4.76133 2.87260 3.88544
225248 P 0 1 63.83720 0.54311 16.64427 1.18752 3.44729 0.08879 2.73245 4.76133 2.87260 3.88544
225249 P 0 1 63.83719 0.54311 16.64427 1.18752 3.44730 0.08879 2.73245 4.76134 2.87260 3.88544
225250 P 0 1 63.83716 0.54311 16.64428 1.18752 3.44730 0.08879 2.73246 4.76135 2.87260 3.88543
225251 P 0 1 63.83711 0.54311 16.64429 1.18753 3.44731 0.08879 2.73247 4.76137 2.87260 3.88543
225252 P 0 1 63.83706 0.54311 16.64429 1.18753 3.44732 0.08879 2.73249 4.76139 2.87260 3.88542
225253 P 0 1 63.83698 0.54311 16.64430 1.18754 3.44734 0.08879 2.73251 4.76142 2.87260 3.88541
225254 P 0 1 63.83690 0.54311 16.64432 1.18754 3.44736 0.08879 2.73253 4.76146 2.87259 3.88540
225255 P 0 1 63.83679 0.54312 16.64433 1.18755 3.44738 0.08879 2.73256 4.76150 2.87259 3.88539
225256 P 0 1 63.83667 0.54312 16.64435 1.18756 3.44740 0.08879 2.73259 4.76155 2.87259 3.88537
225257 P 0 1 63.83654 0.54312 16.64437 1.18757 3.44743 0.08880 2.73263 4.76161 2.87259 3.88535
225258 P 0 1 63.83639 0.54312 16.64439 1.18758 3.44746 0.08880 2.73267 4.76168 2.87259 3.88534
225259 P 0 1 63.83622 0.54312 16.64442 1.18759 3.44750 0.08880 2.73271 4.76175 2.87259 3.88531
225260 P 0 1 63.83603 0.54313 16.64444 1.18760 3.44753 0.08880 2.73276 4.76183 2.87258 3.88529
225261 P 0 1 63.83582 0.54313 16.64447 1.18762 3.44758 0.08880 2.73282 4.76191 2.87258 3.88526
225262 P 0 1 63.83560 0.54313 16.64451 1.18763 3.44762 0.08881 2.73288 4.76201 2.87258 3.88524
225263 P 0 1 63.83536 0.54314 16.64454 1.18765 3.44767 0.08881 2.73294 4.76211 2.87257 3.88521
225264 P 0 1 63.83509 0.54314 16.64458 1.18767 3.44773 0.08881 2.73302 4.76222 2.87257 3.88517
225265 P 0 1 63.83481 0.54314 16.64462 1.18768 3.44779 0.08881 2.73309 4.76234 2.87257 3.88514
225266 P 0 1 63.83451 0.54315 16.64467 1.18771 3.44785 0.08882 2.73317 4.76247 2.87256 3.88510
225267 P 0 1 63.83418 0.54315 16.64471 1.18773 3.44792 0.08882 2.73326 4.76261 2.87256 3.88506
225268 P 0 1 63.83384 0.54316 16.64476 1.18775 3.44799 0.08883 2.73335 4.76276 2.87255 3.88501
225269 P 0 1 63.83347 0.54316 16.64482 1.18778 3.44806 0.08883 2.73345 4.76291 2.87255 3.88497
225270 P 0 1 63.83308 0.54317 16.64487 1.18780 3.44814 0.08883 2.73356 4.76308 2.87254 3.88492
225271 P 0 1 63.83267 0.54317 16.64493 1.18783 3.44823 0.08884 2.73367 4.76325 2.87254 3.88487
225272 P 0 1 63.83224 0.54318 16.64500 1.18786 3.44832 0.08884 2.73379 4.76344 2.87253 3.88481
225273 P 0 1 63.83178 0.54318 16.64506 1.18789 3.44841 0.08885 2.73391 4.76363 2.87253 3.88475
225274 P 0 1 63.83130 0.54319 16.64513 1.18793 3.44851 0.08885 2.73404 4.76383 2.87252 3.88469
