 Vistelius (1995)
SiO2 TiO2 Al2O3 Fe2O3 FeO MnO MgO CaO Na2O K2O
179162 P 0 1 72.61282 0.27755 14.25654 0.88946 1.48822 0.04729 0.48806 0.94672 4.40664 4.58670
179163 P 0 1 72.60403 0.27793 14.25986 0.88950 1.48967 0.04733 0.48937 0.94941 4.40701 4.58589
179164 P 0 1 72.59683 0.27824 14.26257 0.88954 1.49086 0.04737 0.49044 0.95162 4.40730 4.58522
179165 P 0 1 72.59197 0.27845 14.26440 0.88956 1.49166 0.04739 0.49116 0.95311 4.40751 4.58478
179166 P 0 1 72.39816 0.28684 14.33609 0.89049 1.52356 0.04832 0.52048 1.01376 4.41530 4.56699
179167 P 0 1 72.35721 0.28862 14.35092 0.89068 1.53027 0.04851 0.52680 1.02685 4.41688 4.56326
179168 P 0 1 72.43881 0.28508 14.32126 0.89031 1.51689 0.04812 0.51426 1.00086 4.41370 4.57071
179169 P 0 1 72.46250 0.28406 14.31256 0.89019 1.51300 0.04801 0.51064 0.99339 4.41277 4.57288
179170 P 0 1 72.49438 0.28267 14.30081 0.89004 1.50775 0.04786 0.50581 0.98338 4.41149 4.57580
179171 P 0 1 72.53563 0.28089 14.28550 0.88984 1.50096 0.04766 0.49959 0.97052 4.40982 4.57959
179172 P 0 1 72.58742 0.27865 14.26611 0.88959 1.49242 0.04741 0.49184 0.95451 4.40770 4.58436
179173 P 0 1 72.65081 0.27591 14.24215 0.88926 1.48194 0.04711 0.48244 0.93513 4.40504 4.59021
179174 P 0 1 72.72635 0.27264 14.21324 0.88887 1.46942 0.04675 0.47138 0.91233 4.40181 4.59721
179175 P 0 1 72.81310 0.26890 14.17957 0.88840 1.45501 0.04633 0.45886 0.88657 4.39800 4.60528
179176 P 0 1 72.97466 0.26195 14.11552 0.88747 1.42806 0.04554 0.43604 0.83975 4.39062 4.62041
179177 P 0 1 73.03125 0.25952 14.09266 0.88713 1.41859 0.04527 0.42820 0.82370 4.38795 4.62574
179178 P 0 1 72.97880 0.26177 14.11385 0.88744 1.42736 0.04552 0.43546 0.83856 4.39042 4.62080
179179 P 0 1 72.77693 0.27046 14.19367 0.88859 1.46102 0.04650 0.46406 0.89726 4.39960 4.60191
179180 P 0 1 72.37658 0.28778 14.34392 0.89059 1.52710 0.04842 0.52381 1.02065 4.41613 4.56503
179181 P 0 1 72.03867 0.30246 14.46261 0.89199 1.58209 0.05001 0.57732 1.13196 4.42844 4.53446
179182 P 0 1 71.20757 0.33858 14.72439 0.89439 1.71385 0.05380 0.72050 1.43294 4.45268 4.46131
179183 P 0 1 71.26436 0.33612 14.70781 0.89427 1.70502 0.05354 0.71021 1.41117 4.45128 4.46622
179184 P 0 1 72.26463 0.29264 14.38405 0.89108 1.54540 0.04895 0.54123 1.05680 4.42037 4.55484
179185 P 0 1 72.79309 0.26976 14.18738 0.88851 1.45833 0.04642 0.46173 0.89247 4.39888 4.60342
179186 P 0 1 73.05124 0.25866 14.08453 0.88700 1.41524 0.04517 0.42545 0.81808 4.38699 4.62763
179187 P 0 1 73.19941 0.25232 14.02344 0.88607 1.39036 0.04444 0.40540 0.77714 4.37974 4.64168
179188 P 0 1 73.30511 0.24782 13.97893 0.88537 1.37256 0.04392 0.39145 0.74872 4.37437 4.65177
179189 P 0 1 73.36595 0.24523 13.95295 0.88495 1.36229 0.04362 0.38355 0.73265 4.37121 4.65761
179190 P 0 1 73.40717 0.24348 13.93521 0.88466 1.35533 0.04341 0.37825 0.72189 4.36903 4.66157
179191 P 0 1 73.34798 0.24599 13.96065 0.88507 1.36532 0.04371 0.38587 0.73737 4.37215 4.65588
179192 P 0 1 73.19237 0.25262 14.02637 0.88611 1.39154 0.04448 0.40634 0.77905 4.38009 4.64101
179193 P 0 1 72.89936 0.26519 14.14559 0.88791 1.44063 0.04591 0.44659 0.86138 4.39410 4.61334
179194 P 0 1 72.56723 0.27952 14.27369 0.88969 1.49575 0.04751 0.49485 0.96073 4.40853 4.58250
179195 P 0 1 72.25620 0.29300 14.38704 0.89112 1.54678 0.04899 0.54255 1.05955 4.42069 4.55408
179196 P 0 1 72.02364 0.30311 14.46772 0.89205 1.58452 0.05008 0.57977 1.13706 4.42895 4.53311
179197 P 0 1 71.90972 0.30806 14.50598 0.89246 1.60287 0.05061 0.59847 1.17614 4.43275 4.52293
179198 P 0 1 71.90944 0.30808 14.50608 0.89246 1.60292 0.05061 0.59852 1.17624 4.43276 4.52290
179199 P 0 1 71.97836 0.30508 14.48302 0.89221 1.59183 0.05029 0.58717 1.15250 4.43048 4.52906
179200 P 0 1 72.07246 0.30099 14.45106 0.89186 1.57663 0.04985 0.57184 1.12053 4.42727 4.53750
179201 P 0 1 72.16801 0.29684 14.41804 0.89148 1.56113 0.04940 0.55651 1.08858 4.42390 4.54610
179202 P 0 1 72.46529 0.28393 14.31154 0.89018 1.51254 0.04800 0.51022 0.99251 4.41266 4.57313
179203 P 0 1 72.57703 0.27910 14.27002 0.88964 1.49413 0.04746 0.49339 0.95771 4.40813 4.58340
179204 P 0 1 72.68186 0.27456 14.23031 0.88910 1.47679 0.04696 0.47788 0.92572 4.40372 4.59308
179205 P 0 1 72.78112 0.27028 14.19204 0.88857 1.46032 0.04648 0.46345 0.89601 4.39941 4.60230
179206 P 0 1 72.87610 0.26619 14.15480 0.88804 1.44451 0.04602 0.44988 0.86813 4.39516 4.61117
179207 P 0 1 72.96790 0.26224 14.11823 0.88751 1.42919 0.04557 0.43698 0.84167 4.39093 4.61978
179208 P 0 1 72.67344 0.27493 14.23353 0.88915 1.47819 0.04700 0.47912 0.92827 4.40408 4.59230
179209 P 0 1 72.97846 0.26179 14.11398 0.88744 1.42742 0.04552 0.43551 0.83866 4.39044 4.62077
179210 P 0 1 72.84975 0.26732 14.16520 0.88819 1.44890 0.04615 0.45362 0.87581 4.39635 4.60870
179211 P 0 1 72.93171 0.26380 14.13272 0.88772 1.43523 0.04575 0.44204 0.85204 4.39262 4.61638
179212 P 0 1 72.87278 0.26633 14.15611 0.88806 1.44507 0.04604 0.45035 0.86909 4.39531 4.61086
179213 P 0 1 73.03914 0.25918 14.08945 0.88708 1.41727 0.04523 0.42712 0.82148 4.38757 4.62649
179214 P 0 1 73.24383 0.25043 14.00483 0.88578 1.38289 0.04422 0.39950 0.76512 4.37750 4.64591
179215 P 0 1 73.31591 0.24736 13.97433 0.88529 1.37074 0.04387 0.39004 0.74585 4.37381 4.65281
179216 P 0 1 73.29237 0.24836 13.98433 0.88545 1.37471 0.04398 0.39312 0.75211 4.37503 4.65055
179217 P 0 1 73.36437 0.24529 13.95363 0.88496 1.36256 0.04363 0.38375 0.73306 4.37129 4.65746
179218 P 0 1 73.46927 0.24084 13.90825 0.88422 1.34482 0.04311 0.37035 0.70586 4.36571 4.66757
179219 P 0 1 73.34283 0.24621 13.96285 0.88511 1.36619 0.04373 0.38654 0.73873 4.37242 4.65539
179220 P 0 1 73.42068 0.24290 13.92937 0.88457 1.35304 0.04335 0.37652 0.71838 4.36831 4.66288
179221 P 0 1 73.50068 0.23951 13.89452 0.88399 1.33951 0.04295 0.36639 0.69785 4.36401 4.67060
179222 P 0 1 73.47612 0.24055 13.90527 0.88417 1.34366 0.04307 0.36948 0.70411 4.36534 4.66823
179223 P 0 1 73.56573 0.23677 13.86584 0.88351 1.32848 0.04263 0.35827 0.68142 4.36043 4.67691
179224 P 0 1 73.65656 0.23294 13.82531 0.88283 1.31307 0.04217 0.34713 0.65889 4.35533 4.68576
179225 P 0 1 73.74651 0.22916 13.78459 0.88212 1.29779 0.04172 0.33630 0.63706 4.35016 4.69457
179226 P 0 1 73.82478 0.22589 13.74870 0.88149 1.28447 0.04133 0.32705 0.61845 4.34556 4.70227
179227 P 0 1 73.93333 0.22137 13.69819 0.88059 1.26598 0.04079 0.31449 0.59322 4.33903 4.71302
179228 P 0 1 73.95461 0.22048 13.68819 0.88041 1.26236 0.04068 0.31206 0.58835 4.33773 4.71513
179229 P 0 1 73.98851 0.21908 13.67219 0.88012 1.25658 0.04051 0.30822 0.58065 4.33564 4.71850
179230 P 0 1 73.94523 0.22087 13.69260 0.88049 1.26396 0.04073 0.31313 0.59049 4.33830 4.71420
179231 P 0 1 73.81026 0.22650 13.75539 0.88161 1.28694 0.04141 0.32875 0.62187 4.34642 4.70084
179232 P 0 1 73.55240 0.23733 13.87174 0.88361 1.33074 0.04269 0.35993 0.68476 4.36117 4.67562
179233 P 0 1 73.10173 0.25650 14.06388 0.88669 1.40677 0.04492 0.41856 0.80398 4.38456 4.63241
179234 P 0 1 72.59267 0.27842 14.26414 0.88956 1.49155 0.04739 0.49106 0.95290 4.40748 4.58484
179235 P 0 1 71.98389 0.30484 14.48116 0.89219 1.59094 0.05027 0.58626 1.15061 4.43029 4.52955
179236 P 0 1 71.37598 0.33127 14.67468 0.89402 1.68758 0.05304 0.69020 1.36888 4.44843 4.47591
179237 P 0 1 70.81803 0.35545 14.83313 0.89504 1.77372 0.05551 0.79299 1.58691 4.46129 4.42792
179238 P 0 1 70.36640 0.37489 14.94875 0.89544 1.84152 0.05743 0.88111 1.77533 4.46925 4.38987
179239 P 0 1 70.04357 0.38870 15.02484 0.89551 1.88890 0.05878 0.94666 1.91631 4.47367 4.36306
179240 P 0 1 69.83568 0.39753 15.07105 0.89547 1.91892 0.05962 0.98996 2.00981 4.47599 4.34597
179241 P 0 1 69.71125 0.40280 15.09770 0.89541 1.93670 0.06013 1.01627 2.06676 4.47719 4.33580
179242 P 0 1 69.64190 0.40573 15.11223 0.89537 1.94655 0.06040 1.03106 2.09882 4.47779 4.33015
179243 P 0 1 69.61088 0.40704 15.11866 0.89534 1.95094 0.06053 1.03771 2.11324 4.47805 4.32762
179244 P 0 1 69.61124 0.40703 15.11858 0.89535 1.95089 0.06053 1.03763 2.11307 4.47804 4.32765
179245 P 0 1 69.64163 0.40575 15.11229 0.89537 1.94658 0.06041 1.03112 2.09894 4.47779 4.33012
179246 P 0 1 69.70387 0.40312 15.09926 0.89541 1.93775 0.06016 1.01784 2.07016 4.47725 4.33519
179247 P 0 1 69.80036 0.39903 15.07869 0.89546 1.92398 0.05977 0.99740 2.02590 4.47634 4.34308
179248 P 0 1 69.92999 0.39353 15.05035 0.89550 1.90535 0.05924 0.97021 1.96713 4.47499 4.35371
179249 P 0 1 70.08535 0.38691 15.01529 0.89551 1.88282 0.05860 0.93806 1.89778 4.47316 4.36651
179250 P 0 1 70.25431 0.37970 14.97578 0.89549 1.85808 0.05790 0.90363 1.82369 4.47090 4.38052
179251 P 0 1 70.42438 0.37241 14.93452 0.89541 1.83292 0.05719 0.86956 1.75055 4.46834 4.39472
179252 P 0 1 70.58599 0.36546 14.89390 0.89529 1.80878 0.05650 0.83773 1.68241 4.46564 4.40829
179253 P 0 1 70.73339 0.35910 14.85564 0.89514 1.78656 0.05587 0.80918 1.62143 4.46294 4.42074
179254 P 0 1 70.86404 0.35346 14.82073 0.89498 1.76672 0.05531 0.78426 1.56831 4.46036 4.43184
179255 P 0 1 70.97762 0.34855 14.78962 0.89481 1.74935 0.05481 0.76289 1.52286 4.45796 4.44154
179256 P 0 1 71.07504 0.34433 14.76235 0.89464 1.73436 0.05438 0.74479 1.48442 4.45580 4.44989
179257 P 0 1 71.15786 0.34074 14.73874 0.89449 1.72156 0.05402 0.72956 1.45214 4.45387 4.45702
179258 P 0 1 71.22786 0.33770 14.71849 0.89435 1.71070 0.05371 0.71681 1.42514 4.45218 4.46306
179259 P 0 1 70.85027 0.35406 14.82445 0.89499 1.76882 0.05537 0.78687 1.57386 4.46064 4.43067
179260 P 0 1 70.93360 0.35045 14.80176 0.89487 1.75609 0.05500 0.77114 1.54039 4.45891 4.43777
179261 P 0 1 70.85755 0.35374 14.82249 0.89498 1.76771 0.05533 0.78549 1.57092 4.46049 4.43129
179262 P 0 1 70.35650 0.37532 14.95117 0.89545 1.84299 0.05748 0.88309 1.77957 4.46940 4.38904
179263 P 0 1 70.35323 0.37546 14.95196 0.89545 1.84348 0.05749 0.88374 1.78098 4.46945 4.38877
179264 P 0 1 70.34718 0.37572 14.95343 0.89545 1.84437 0.05751 0.88495 1.78357 4.46954 4.38826
179265 P 0 1 70.33914 0.37606 14.95539 0.89545 1.84556 0.05755 0.88656 1.78703 4.46966 4.38759
179266 P 0 1 70.44807 0.37139 14.92865 0.89540 1.82939 0.05709 0.86486 1.74048 4.46796 4.39670
179267 P 0 1 69.84232 0.39725 15.06961 0.89547 1.91796 0.05960 0.98856 2.00679 4.47592 4.34651
179268 P 0 1 70.63122 0.36351 14.88229 0.89525 1.80198 0.05631 0.82892 1.66358 4.46484 4.41210
179269 P 0 1 70.43009 0.37216 14.93311 0.89541 1.83207 0.05717 0.86843 1.74813 4.46825 4.39519
179270 P 0 1 71.04848 0.34548 14.76984 0.89469 1.73846 0.05450 0.74970 1.49485 4.45640 4.44761
179271 P 0 1 70.12503 0.38522 15.00614 0.89551 1.87703 0.05844 0.92992 1.88025 4.47265 4.36980
179272 P 0 1 70.40042 0.37343 14.94042 0.89542 1.83648 0.05729 0.87433 1.76077 4.46872 4.39271
179273 P 0 1 70.54645 0.36716 14.90397 0.89532 1.81471 0.05667 0.84547 1.69896 4.46633 4.40496
179274 P 0 1 68.58519 0.44971 15.30646 0.89383 2.09127 0.06446 1.26712 2.61446 4.48190 4.24561
179275 P 0 1 68.57305 0.45021 15.30841 0.89380 2.09287 0.06451 1.26994 2.62066 4.48189 4.24465
179276 P 0 1 68.56031 0.45073 15.31045 0.89377 2.09455 0.06456 1.27291 2.62719 4.48189 4.24365
179277 P 0 1 68.54691 0.45128 15.31259 0.89374 2.09632 0.06461 1.27603 2.63405 4.48188 4.24260
179278 P 0 1 68.00638 0.47320 15.39280 0.89235 2.16628 0.06655 1.40431 2.91728 4.48041 4.20043
179279 P 0 1 67.99566 0.47363 15.39428 0.89232 2.16764 0.06659 1.40690 2.92302 4.48036 4.19960
179280 P 0 1 67.98371 0.47411 15.39592 0.89228 2.16916 0.06663 1.40979 2.92942 4.48030 4.19867
179281 P 0 1 67.97068 0.47463 15.39770 0.89225 2.17081 0.06668 1.41294 2.93641 4.48024 4.19766
179282 P 0 1 67.95674 0.47519 15.39959 0.89220 2.17258 0.06673 1.41632 2.94389 4.48017 4.19658
179283 P 0 1 67.94212 0.47578 15.40158 0.89216 2.17443 0.06678 1.41986 2.95174 4.48010 4.19545
179284 P 0 1 67.92707 0.47638 15.40361 0.89212 2.17633 0.06683 1.42351 2.95984 4.48002 4.19429
179285 P 0 1 67.91186 0.47699 15.40565 0.89207 2.17825 0.06689 1.42720 2.96803 4.47994 4.19312
179286 P 0 1 70.53616 0.36760 14.90658 0.89533 1.81625 0.05672 0.84749 1.70328 4.46650 4.40409
179287 P 0 1 70.53668 0.36758 14.90644 0.89533 1.81617 0.05671 0.84739 1.70306 4.46650 4.40414
179288 P 0 1 70.53893 0.36748 14.90587 0.89533 1.81583 0.05670 0.84695 1.70212 4.46646 4.40433
179289 P 0 1 70.54292 0.36731 14.90486 0.89533 1.81523 0.05669 0.84616 1.70044 4.46639 4.40466
179290 P 0 1 70.54862 0.36707 14.90342 0.89532 1.81438 0.05666 0.84505 1.69805 4.46629 4.40514
179291 P 0 1 70.55596 0.36675 14.90156 0.89532 1.81328 0.05663 0.84361 1.69497 4.46616 4.40576
179292 P 0 1 70.56482 0.36637 14.89930 0.89531 1.81195 0.05659 0.84187 1.69126 4.46601 4.40650
179293 P 0 1 70.81683 0.35550 14.83346 0.89504 1.77391 0.05551 0.79322 1.58740 4.46131 4.42782
179294 P 0 1 67.66077 0.48701 15.43816 0.89127 2.20966 0.06776 1.48867 3.10453 4.47838 4.17378
179295 P 0 1 67.65490 0.48724 15.43890 0.89125 2.21039 0.06778 1.49012 3.10775 4.47834 4.17333
179296 P 0 1 67.65044 0.48742 15.43945 0.89124 2.21094 0.06779 1.49122 3.11020 4.47831 4.17299
179297 P 0 1 67.64731 0.48754 15.43984 0.89123 2.21133 0.06780 1.49199 3.11192 4.47829 4.17275
179298 P 0 1 67.64543 0.48762 15.44007 0.89122 2.21156 0.06781 1.49245 3.11295 4.47828 4.17261
179299 P 0 1 67.64470 0.48765 15.44017 0.89122 2.21165 0.06781 1.49263 3.11335 4.47827 4.17255
179300 P 0 1 67.64500 0.48763 15.44013 0.89122 2.21161 0.06781 1.49256 3.11319 4.47827 4.17257
179301 P 0 1 67.93587 0.47603 15.40242 0.89214 2.17522 0.06680 1.42138 2.95510 4.48007 4.19497
179631 P 0 1 72.38286 0.28751 14.34164 0.89056 1.52607 0.04839 0.52284 1.01864 4.41589 4.56560
179632 P 0 1 73.38472 0.24443 13.94489 0.88482 1.35912 0.04353 0.38113 0.72774 4.37022 4.65941
179633 P 0 1 72.98074 0.26169 14.11307 0.88743 1.42704 0.04551 0.43519 0.83801 4.39033 4.62098
179634 P 0 1 74.37078 0.20339 13.48608 0.87664 1.19133 0.03858 0.26697 0.49839 4.31083 4.75701
179635 P 0 1 74.93387 0.18096 13.19276 0.87075 1.09532 0.03572 0.21307 0.39214 4.27001 4.81541
179636 P 0 1 75.09071 0.17488 13.10700 0.86894 1.06869 0.03492 0.19948 0.36562 4.25771 4.83205
179637 P 0 1 74.05169 0.21646 13.64216 0.87958 1.24580 0.04019 0.30114 0.56648 4.33170 4.72481
179638 P 0 1 73.79880 0.22697 13.76066 0.88170 1.28889 0.04146 0.33010 0.62459 4.34710 4.69971
179639 P 0 1 74.14790 0.21250 13.59587 0.87872 1.22939 0.03971 0.29056 0.54534 4.32557 4.73445
179640 P 0 1 74.13081 0.21320 13.60414 0.87887 1.23230 0.03979 0.29242 0.54905 4.32667 4.73273
179641 P 0 1 73.94055 0.22107 13.69480 0.88053 1.26475 0.04075 0.31366 0.59156 4.33859 4.71373
179642 P 0 1 73.91854 0.22198 13.70512 0.88072 1.26850 0.04086 0.31618 0.59661 4.33993 4.71155
179643 P 0 1 73.85170 0.22477 13.73625 0.88127 1.27989 0.04120 0.32391 0.61212 4.34396 4.70493
179644 P 0 1 73.83514 0.22546 13.74392 0.88141 1.28271 0.04128 0.32584 0.61601 4.34495 4.70330
179645 P 0 1 73.31588 0.24736 13.97435 0.88529 1.37074 0.04387 0.39004 0.74586 4.37382 4.65280
179646 P 0 1 72.68397 0.27447 14.22951 0.88909 1.47645 0.04695 0.47757 0.92508 4.40363 4.59328
179647 P 0 1 72.95509 0.26279 14.12337 0.88758 1.43133 0.04564 0.43877 0.84533 4.39153 4.61857
179648 P 0 1 72.94219 0.26334 14.12853 0.88766 1.43348 0.04570 0.44057 0.84903 4.39213 4.61736
179649 P 0 1 72.35119 0.28888 14.35309 0.89071 1.53126 0.04854 0.52773 1.02878 4.41711 4.56271
179650 P 0 1 72.35107 0.28889 14.35314 0.89071 1.53128 0.04854 0.52775 1.02882 4.41711 4.56270
179651 P 0 1 72.75564 0.27138 14.20193 0.88871 1.46456 0.04660 0.46713 0.90358 4.40053 4.59993
179652 P 0 1 72.74501 0.27184 14.20604 0.88877 1.46632 0.04666 0.46867 0.90675 4.40100 4.59894
179653 P 0 1 72.49520 0.28264 14.30051 0.89004 1.50762 0.04786 0.50568 0.98312 4.41146 4.57588
179654 P 0 1 72.49049 0.28284 14.30225 0.89006 1.50839 0.04788 0.50640 0.98460 4.41165 4.57544
179655 P 0 1 72.64206 0.27628 14.24548 0.88931 1.48339 0.04715 0.48374 0.93779 4.40541 4.58940
179656 P 0 1 72.63476 0.27660 14.24824 0.88935 1.48459 0.04719 0.48481 0.94001 4.40572 4.58873
179657 P 0 1 72.62864 0.27686 14.25056 0.88938 1.48561 0.04722 0.48572 0.94188 4.40598 4.58816
179658 P 0 1 72.62419 0.27706 14.25225 0.88940 1.48634 0.04724 0.48638 0.94324 4.40616 4.58775
179659 P 0 1 72.62203 0.27715 14.25306 0.88941 1.48670 0.04725 0.48670 0.94390 4.40625 4.58755
179660 P 0 1 72.42414 0.28572 14.32662 0.89037 1.51930 0.04819 0.51650 1.00550 4.41428 4.56937
179661 P 0 1 72.38322 0.28749 14.34151 0.89056 1.52601 0.04839 0.52278 1.01852 4.41588 4.56563
179662 P 0 1 72.40470 0.28656 14.33371 0.89046 1.52249 0.04829 0.51948 1.01168 4.41504 4.56759
179663 P 0 1 72.49235 0.28276 14.30156 0.89005 1.50809 0.04787 0.50611 0.98401 4.41157 4.57561
179664 P 0 1 72.52306 0.28143 14.29018 0.88990 1.50303 0.04772 0.50148 0.97443 4.41033 4.57843
179665 P 0 1 72.56107 0.27979 14.27600 0.88972 1.49677 0.04754 0.49577 0.96264 4.40878 4.58193
179666 P 0 1 72.60660 0.27782 14.25889 0.88949 1.48925 0.04732 0.48899 0.94862 4.40690 4.58613
179667 P 0 1 72.65915 0.27555 14.23898 0.88922 1.48056 0.04707 0.48122 0.93260 4.40469 4.59098
179668 P 0 1 72.83735 0.26786 14.17007 0.88826 1.45097 0.04621 0.45539 0.87944 4.39691 4.60754
179669 P 0 1 72.91038 0.26471 14.14121 0.88784 1.43879 0.04585 0.44504 0.85819 4.39360 4.61438
179670 P 0 1 72.90836 0.26480 14.14202 0.88786 1.43913 0.04586 0.44532 0.85878 4.39369 4.61419
179671 P 0 1 72.85944 0.26690 14.16138 0.88814 1.44729 0.04610 0.45224 0.87298 4.39592 4.60961
179672 P 0 1 72.79738 0.26958 14.18571 0.88848 1.45762 0.04640 0.46111 0.89120 4.39869 4.60381
179673 P 0 1 72.55391 0.28010 14.27868 0.88975 1.49795 0.04757 0.49684 0.96485 4.40908 4.58127
179674 P 0 1 72.20089 0.29541 14.40654 0.89135 1.55579 0.04925 0.55128 1.07771 4.42271 4.54907
179675 P 0 1 71.86325 0.31009 14.52136 0.89262 1.61033 0.05082 0.60619 1.19229 4.43425 4.51879
179676 P 0 1 71.65182 0.31928 14.58965 0.89328 1.64408 0.05180 0.64196 1.26730 4.44075 4.50007
179677 P 0 1 71.76522 0.31435 14.55337 0.89294 1.62602 0.05128 0.62265 1.22676 4.43733 4.51009
179678 P 0 1 72.20324 0.29530 14.40572 0.89134 1.55541 0.04924 0.55091 1.07693 4.42263 4.54928
179679 P 0 1 72.59983 0.27811 14.26145 0.88952 1.49037 0.04735 0.48999 0.95070 4.40718 4.58550
179680 P 0 1 72.82104 0.26856 14.17647 0.88835 1.45368 0.04629 0.45772 0.88423 4.39764 4.60602
179681 P 0 1 73.03564 0.25933 14.09087 0.88710 1.41785 0.04524 0.42760 0.82247 4.38774 4.62616
179682 P 0 1 73.12387 0.25555 14.05477 0.88655 1.40306 0.04481 0.41555 0.79785 4.38348 4.63450
179683 P 0 1 73.19869 0.25235 14.02374 0.88607 1.39048 0.04444 0.40550 0.77733 4.37978 4.64161
179684 P 0 1 73.21727 0.25156 14.01597 0.88595 1.38736 0.04435 0.40303 0.77229 4.37884 4.64338
179685 P 0 1 73.21443 0.25168 14.01716 0.88597 1.38783 0.04437 0.40340 0.77306 4.37899 4.64311
179686 P 0 1 73.07211 0.25777 14.07601 0.88688 1.41174 0.04507 0.42260 0.81224 4.38599 4.62960
179687 P 0 1 72.86127 0.26683 14.16066 0.88813 1.44698 0.04609 0.45198 0.87245 4.39583 4.60978
179688 P 0 1 72.61929 0.27727 14.25410 0.88943 1.48715 0.04726 0.48710 0.94474 4.40637 4.58730
179689 P 0 1 72.38864 0.28726 14.33955 0.89054 1.52512 0.04836 0.52195 1.01679 4.41567 4.56613
179690 P 0 1 72.20766 0.29511 14.40416 0.89132 1.55469 0.04922 0.55021 1.07547 4.42247 4.54968
179691 P 0 1 72.10047 0.29977 14.44144 0.89175 1.57209 0.04972 0.56733 1.11111 4.42630 4.54001
179692 P 0 1 72.06786 0.30119 14.45264 0.89188 1.57737 0.04987 0.57259 1.12208 4.42743 4.53708
179693 P 0 1 72.09066 0.30020 14.44482 0.89179 1.57368 0.04977 0.56891 1.11441 4.42664 4.53913
179694 P 0 1 72.14448 0.29786 14.42623 0.89158 1.56496 0.04952 0.56027 1.09640 4.42474 4.54398
179695 P 0 1 72.21109 0.29496 14.40296 0.89131 1.55413 0.04920 0.54967 1.07435 4.42234 4.54999
179696 P 0 1 72.49314 0.28273 14.30127 0.89005 1.50796 0.04787 0.50600 0.98377 4.41154 4.57569
179697 P 0 1 72.58910 0.27857 14.26548 0.88958 1.49214 0.04741 0.49159 0.95399 4.40763 4.58451
179698 P 0 1 72.68320 0.27451 14.22980 0.88910 1.47657 0.04695 0.47768 0.92531 4.40366 4.59321
179699 P 0 1 72.77535 0.27053 14.19429 0.88860 1.46128 0.04651 0.46428 0.89773 4.39967 4.60176
179700 P 0 1 72.86600 0.26662 14.15879 0.88810 1.44620 0.04607 0.45131 0.87107 4.39562 4.61022
179701 P 0 1 72.95565 0.26277 14.12314 0.88758 1.43124 0.04563 0.43869 0.84518 4.39151 4.61862
179702 P 0 1 72.67235 0.27497 14.23395 0.88915 1.47837 0.04701 0.47928 0.92860 4.40413 4.59220
179703 P 0 1 72.97808 0.26180 14.11414 0.88745 1.42749 0.04552 0.43556 0.83877 4.39046 4.62073
179704 P 0 1 72.85413 0.26713 14.16347 0.88817 1.44817 0.04613 0.45300 0.87453 4.39616 4.60911
179705 P 0 1 72.93908 0.26348 14.12978 0.88768 1.43400 0.04571 0.44101 0.84993 4.39228 4.61707
179706 P 0 1 72.88743 0.26570 14.15032 0.88798 1.44262 0.04597 0.44827 0.86483 4.39465 4.61223
179707 P 0 1 73.05633 0.25845 14.08246 0.88697 1.41439 0.04514 0.42476 0.81665 4.38675 4.62811
179708 P 0 1 73.26112 0.24969 13.99754 0.88566 1.37997 0.04414 0.39722 0.76047 4.37663 4.64757
179709 P 0 1 73.33713 0.24645 13.96529 0.88515 1.36716 0.04376 0.38728 0.74023 4.37271 4.65484
179710 P 0 1 73.32064 0.24715 13.97232 0.88526 1.36994 0.04384 0.38942 0.74459 4.37357 4.65326
179711 P 0 1 73.33480 0.24655 13.96628 0.88516 1.36755 0.04377 0.38758 0.74085 4.37283 4.65462
179712 P 0 1 73.19881 0.25235 14.02369 0.88607 1.39046 0.04444 0.40548 0.77730 4.37977 4.64162
179713 P 0 1 73.38121 0.24458 13.94640 0.88484 1.35971 0.04354 0.38158 0.72865 4.37040 4.65908
179714 P 0 1 73.46396 0.24107 13.91057 0.88426 1.34572 0.04313 0.37102 0.70723 4.36599 4.66705
179715 P 0 1 73.54995 0.23743 13.87283 0.88363 1.33116 0.04271 0.36023 0.68538 4.36130 4.67538
179716 P 0 1 73.53640 0.23800 13.87881 0.88373 1.33345 0.04277 0.36192 0.68879 4.36205 4.67407
179717 P 0 1 73.63575 0.23381 13.83465 0.88298 1.31661 0.04228 0.34966 0.66401 4.35651 4.68373
179718 P 0 1 73.73915 0.22947 13.78795 0.88218 1.29904 0.04176 0.33718 0.63883 4.35059 4.69385
179719 P 0 1 73.84550 0.22502 13.73912 0.88132 1.28094 0.04123 0.32463 0.61358 4.34433 4.70432
179720 P 0 1 73.94562 0.22086 13.69242 0.88049 1.26389 0.04073 0.31308 0.59040 4.33828 4.71424
179721 P 0 1 74.04812 0.21661 13.64386 0.87961 1.24641 0.04021 0.30154 0.56727 4.33192 4.72445
179722 P 0 1 74.15518 0.21220 13.59234 0.87865 1.22815 0.03967 0.28977 0.54376 4.32510 4.73518
179723 P 0 1 74.21571 0.20972 13.56285 0.87810 1.21781 0.03936 0.28324 0.53075 4.32117 4.74128
179724 P 0 1 74.21943 0.20956 13.56103 0.87807 1.21718 0.03935 0.28285 0.52996 4.32093 4.74166
179725 P 0 1 74.11759 0.21374 13.61053 0.87899 1.23456 0.03986 0.29386 0.55194 4.32752 4.73141
179726 P 0 1 73.84948 0.22486 13.73728 0.88129 1.28027 0.04121 0.32416 0.61264 4.34409 4.70471
179727 P 0 1 73.38904 0.24425 13.94303 0.88479 1.35839 0.04350 0.38057 0.72661 4.36999 4.65983
179728 P 0 1 72.70552 0.27354 14.22125 0.88898 1.47287 0.04685 0.47442 0.91859 4.40271 4.59528
179729 P 0 1 71.94217 0.30665 14.49517 0.89234 1.59766 0.05046 0.59311 1.16493 4.43168 4.52582
179730 P 0 1 71.16947 0.34024 14.73541 0.89446 1.71976 0.05397 0.72744 1.44764 4.45359 4.45802
179731 P 0 1 70.48151 0.36995 14.92032 0.89537 1.82441 0.05695 0.85825 1.72631 4.46742 4.39950
179732 P 0 1 69.97083 0.39179 15.04125 0.89551 1.89945 0.05907 0.96171 1.94879 4.47453 4.35707
179733 P 0 1 69.66130 0.40491 15.10819 0.89538 1.94379 0.06033 1.02691 2.08983 4.47763 4.33173
179734 P 0 1 69.50507 0.41150 15.14023 0.89526 1.96585 0.06095 1.06051 2.16274 4.47886 4.31904
179735 P 0 1 69.43423 0.41448 15.15437 0.89519 1.97578 0.06123 1.07589 2.19617 4.47934 4.31331
179736 P 0 1 69.40367 0.41576 15.16041 0.89516 1.98005 0.06135 1.08255 2.21067 4.47954 4.31084
179737 P 0 1 69.39702 0.41604 15.16171 0.89515 1.98098 0.06137 1.08401 2.21383 4.47958 4.31030
179738 P 0 1 69.41267 0.41538 15.15864 0.89517 1.97880 0.06131 1.08059 2.20640 4.47948 4.31156
179739 P 0 1 69.45301 0.41369 15.15065 0.89521 1.97315 0.06115 1.07180 2.18729 4.47922 4.31482
179740 P 0 1 69.52458 0.41068 15.13629 0.89528 1.96311 0.06087 1.05629 2.15357 4.47872 4.32062
179741 P 0 1 69.63721 0.40593 15.11320 0.89536 1.94721 0.06042 1.03207 2.10100 4.47783 4.32976
179742 P 0 1 69.79467 0.39927 15.07992 0.89545 1.92479 0.05979 0.99860 2.02850 4.47640 4.34261
179743 P 0 1 69.98663 0.39112 15.03771 0.89551 1.89716 0.05901 0.95843 1.94171 4.47435 4.35837
179744 P 0 1 70.19324 0.38231 14.99023 0.89550 1.86705 0.05816 0.91601 1.85031 4.47175 4.37545
179745 P 0 1 70.39565 0.37364 14.94159 0.89543 1.83719 0.05731 0.87528 1.76281 4.46880 4.39231
179746 P 0 1 70.58174 0.36564 14.89499 0.89529 1.80942 0.05652 0.83856 1.68419 4.46572 4.40793
179747 P 0 1 70.74596 0.35856 14.85232 0.89513 1.78466 0.05582 0.80677 1.61627 4.46270 4.42181
179748 P 0 1 70.88716 0.35246 14.81446 0.89494 1.76319 0.05521 0.77989 1.55900 4.45988 4.43381
179749 P 0 1 71.00658 0.34730 14.78157 0.89476 1.74490 0.05468 0.75749 1.51138 4.45733 4.44402
179750 P 0 1 71.10655 0.34296 14.75341 0.89458 1.72950 0.05424 0.73898 1.47209 4.45507 4.45260
179751 P 0 1 71.18971 0.33936 14.72956 0.89442 1.71663 0.05388 0.72375 1.43982 4.45311 4.45977
179752 P 0 1 71.25864 0.33637 14.70949 0.89428 1.70591 0.05357 0.71124 1.41335 4.45142 4.46573
179753 P 0 1 71.31569 0.33389 14.69267 0.89416 1.69701 0.05331 0.70097 1.39164 4.44999 4.47067
179754 P 0 1 70.92102 0.35100 14.80521 0.89489 1.75802 0.05506 0.77350 1.54542 4.45918 4.43670
179755 P 0 1 70.99582 0.34776 14.78456 0.89478 1.74656 0.05473 0.75949 1.51564 4.45757 4.44309
179756 P 0 1 71.01198 0.34706 14.78006 0.89475 1.74407 0.05466 0.75648 1.50924 4.45721 4.44448
179757 P 0 1 70.39249 0.37377 14.94237 0.89543 1.83766 0.05732 0.87591 1.76416 4.46884 4.39205
179758 P 0 1 70.38319 0.37417 14.94465 0.89543 1.83904 0.05736 0.87776 1.76814 4.46899 4.39127
179759 P 0 1 70.37219 0.37465 14.94734 0.89544 1.84067 0.05741 0.87995 1.77285 4.46916 4.39035
179760 P 0 1 69.73995 0.40159 15.09162 0.89543 1.93261 0.06001 1.01017 2.05356 4.47692 4.33814
179761 P 0 1 69.87684 0.39579 15.06207 0.89548 1.91300 0.05946 0.98132 1.99113 4.47556 4.34934
179762 P 0 1 70.65672 0.36241 14.87569 0.89522 1.79814 0.05620 0.82398 1.65301 4.46438 4.41425
179763 P 0 1 70.45495 0.37109 14.92694 0.89539 1.82837 0.05706 0.86350 1.73756 4.46785 4.39728
179764 P 0 1 70.44953 0.37133 14.92829 0.89539 1.82918 0.05708 0.86457 1.73986 4.46794 4.39682
179765 P 0 1 71.15448 0.34089 14.73972 0.89449 1.72209 0.05403 0.73018 1.45345 4.45395 4.45673
179766 P 0 1 71.15078 0.34105 14.74078 0.89450 1.72266 0.05405 0.73086 1.45488 4.45404 4.45641
179767 P 0 1 70.27078 0.37899 14.97185 0.89548 1.85565 0.05783 0.90031 1.81654 4.47066 4.38189
179768 P 0 1 70.56005 0.36657 14.90052 0.89531 1.81267 0.05661 0.84281 1.69326 4.46609 4.40610
179769 P 0 1 68.56877 0.45038 15.30910 0.89379 2.09343 0.06452 1.27094 2.62286 4.48189 4.24432
179770 P 0 1 68.55664 0.45088 15.31103 0.89377 2.09504 0.06457 1.27376 2.62907 4.48188 4.24336
179771 P 0 1 68.54405 0.45139 15.31304 0.89374 2.09670 0.06462 1.27669 2.63552 4.48187 4.24237
179772 P 0 1 67.99650 0.47360 15.39416 0.89232 2.16754 0.06659 1.40670 2.92257 4.48037 4.19966
179773 P 0 1 67.98700 0.47398 15.39546 0.89229 2.16874 0.06662 1.40899 2.92766 4.48032 4.19893
179774 P 0 1 67.97648 0.47440 15.39690 0.89226 2.17008 0.06666 1.41154 2.93330 4.48027 4.19811
179775 P 0 1 67.96506 0.47486 15.39846 0.89223 2.17152 0.06670 1.41430 2.93942 4.48021 4.19723
179776 P 0 1 67.95289 0.47535 15.40012 0.89219 2.17306 0.06674 1.41725 2.94596 4.48015 4.19629
179777 P 0 1 67.94016 0.47586 15.40184 0.89216 2.17467 0.06679 1.42034 2.95280 4.48009 4.19530
179778 P 0 1 67.92708 0.47638 15.40361 0.89212 2.17633 0.06683 1.42351 2.95983 4.48002 4.19429
179779 P 0 1 67.91386 0.47691 15.40539 0.89208 2.17800 0.06688 1.42672 2.96695 4.47995 4.19327
179780 P 0 1 67.90075 0.47744 15.40714 0.89204 2.17965 0.06692 1.42991 2.97401 4.47988 4.19226
179781 P 0 1 67.88796 0.47795 15.40885 0.89200 2.18126 0.06697 1.43302 2.98091 4.47981 4.19127
179782 P 0 1 67.87571 0.47844 15.41048 0.89196 2.18281 0.06701 1.43600 2.98753 4.47974 4.19032
179783 P 0 1 67.86420 0.47890 15.41201 0.89192 2.18425 0.06705 1.43880 2.99375 4.47968 4.18944
179784 P 0 1 67.85359 0.47932 15.41341 0.89189 2.18559 0.06709 1.44139 2.99948 4.47962 4.18862
179785 P 0 1 67.69695 0.48557 15.43362 0.89139 2.20517 0.06763 1.47976 3.08471 4.47863 4.17656
179786 P 0 1 67.68796 0.48593 15.43476 0.89136 2.20629 0.06766 1.48197 3.08963 4.47857 4.17587
179787 P 0 1 67.68012 0.48624 15.43574 0.89134 2.20726 0.06769 1.48390 3.09392 4.47852 4.17527
179788 P 0 1 67.67349 0.48650 15.43657 0.89132 2.20808 0.06771 1.48553 3.09756 4.47847 4.17476
179789 P 0 1 67.66807 0.48672 15.43725 0.89130 2.20875 0.06773 1.48687 3.10053 4.47844 4.17434
179790 P 0 1 67.66385 0.48689 15.43778 0.89128 2.20928 0.06775 1.48791 3.10284 4.47841 4.17402
179791 P 0 1 67.66078 0.48701 15.43816 0.89127 2.20966 0.06776 1.48867 3.10453 4.47838 4.17378
179792 P 0 1 67.65880 0.48709 15.43841 0.89127 2.20990 0.06776 1.48916 3.10561 4.47837 4.17363
179793 P 0 1 67.65782 0.48712 15.43853 0.89126 2.21002 0.06777 1.48940 3.10615 4.47836 4.17356
180126 P 0 1 72.67539 0.27484 14.23279 0.88914 1.47787 0.04699 0.47883 0.92767 4.40400 4.59248
180127 P 0 1 73.38254 0.24452 13.94583 0.88483 1.35949 0.04354 0.38141 0.72831 4.37033 4.65920
180128 P 0 1 72.97750 0.26183 14.11437 0.88745 1.42758 0.04553 0.43564 0.83893 4.39049 4.62068
180129 P 0 1 74.37547 0.20320 13.48373 0.87659 1.19053 0.03856 0.26649 0.49743 4.31051 4.75749
180130 P 0 1 74.66409 0.19160 13.33615 0.87369 1.14127 0.03709 0.23788 0.44086 4.29021 4.78717
180131 P 0 1 75.08393 0.17514 13.11074 0.86902 1.06984 0.03496 0.20006 0.36674 4.25825 4.83133
180132 P 0 1 73.28954 0.24848 13.98553 0.88547 1.37518 0.04400 0.39349 0.75286 4.37517 4.65028
180133 P 0 1 73.32944 0.24678 13.96857 0.88520 1.36845 0.04380 0.38828 0.74227 4.37311 4.65410
180134 P 0 1 73.04964 0.25873 14.08518 0.88701 1.41551 0.04518 0.42567 0.81853 4.38707 4.62748
180135 P 0 1 73.57413 0.23641 13.86212 0.88345 1.32706 0.04259 0.35723 0.67931 4.35996 4.67773
180136 P 0 1 73.34018 0.24632 13.96398 0.88513 1.36664 0.04375 0.38688 0.73943 4.37255 4.65514
180137 P 0 1 73.45415 0.24148 13.91484 0.88433 1.34738 0.04318 0.37226 0.70974 4.36652 4.66611
180138 P 0 1 73.44185 0.24201 13.92019 0.88442 1.34946 0.04324 0.37382 0.71291 4.36718 4.66492
180139 P 0 1 72.85700 0.26701 14.16234 0.88815 1.44770 0.04611 0.45259 0.87369 4.39603 4.60938
180140 P 0 1 72.62314 0.27710 14.25264 0.88941 1.48651 0.04724 0.48653 0.94356 4.40621 4.58765
180141 P 0 1 72.95989 0.26258 14.12144 0.88755 1.43053 0.04561 0.43810 0.84396 4.39131 4.61902
180142 P 0 1 72.35247 0.28883 14.35263 0.89070 1.53105 0.04853 0.52753 1.02837 4.41706 4.56283
180143 P 0 1 72.35286 0.28881 14.35249 0.89070 1.53098 0.04853 0.52747 1.02825 4.41705 4.56286
180144 P 0 1 72.35354 0.28878 14.35225 0.89069 1.53087 0.04853 0.52737 1.02803 4.41702 4.56293
180145 P 0 1 72.76871 0.27081 14.19686 0.88864 1.46239 0.04654 0.46524 0.89970 4.39996 4.60115
180146 P 0 1 72.75952 0.27121 14.20043 0.88869 1.46391 0.04659 0.46657 0.90243 4.40036 4.60029
180147 P 0 1 72.50531 0.28220 14.29676 0.88999 1.50596 0.04781 0.50416 0.97996 4.41105 4.57680
180148 P 0 1 72.50214 0.28234 14.29794 0.89001 1.50648 0.04782 0.50463 0.98095 4.41118 4.57651
180149 P 0 1 72.65977 0.27552 14.23874 0.88922 1.48045 0.04707 0.48113 0.93241 4.40466 4.59104
180150 P 0 1 72.65440 0.27575 14.24078 0.88925 1.48134 0.04709 0.48191 0.93404 4.40489 4.59054
180151 P 0 1 72.65025 0.27593 14.24236 0.88927 1.48203 0.04711 0.48253 0.93530 4.40507 4.59016
180152 P 0 1 72.64772 0.27604 14.24333 0.88928 1.48245 0.04712 0.48290 0.93607 4.40517 4.58992
180153 P 0 1 72.64729 0.27606 14.24349 0.88928 1.48252 0.04713 0.48296 0.93620 4.40519 4.58988
180154 P 0 1 72.44405 0.28485 14.31934 0.89028 1.51603 0.04810 0.51345 0.99920 4.41350 4.57119
180155 P 0 1 72.40169 0.28669 14.33481 0.89048 1.52298 0.04830 0.51994 1.01264 4.41516 4.56732
180156 P 0 1 72.42280 0.28578 14.32711 0.89038 1.51952 0.04820 0.51670 1.00593 4.41433 4.56925
180157 P 0 1 72.51131 0.28194 14.29454 0.88996 1.50497 0.04778 0.50325 0.97809 4.41081 4.57735
180158 P 0 1 72.53873 0.28075 14.28434 0.88983 1.50045 0.04765 0.49912 0.96956 4.40970 4.57987
180159 P 0 1 72.67604 0.27482 14.23254 0.88913 1.47776 0.04699 0.47873 0.92748 4.40397 4.59254
180160 P 0 1 72.70474 0.27358 14.22155 0.88898 1.47300 0.04685 0.47453 0.91882 4.40274 4.59520
180161 P 0 1 72.84812 0.26739 14.16584 0.88820 1.44917 0.04616 0.45385 0.87629 4.39643 4.60855
180162 P 0 1 72.86254 0.26677 14.16016 0.88812 1.44677 0.04609 0.45180 0.87208 4.39578 4.60990
180163 P 0 1 72.83799 0.26783 14.16982 0.88826 1.45086 0.04621 0.45530 0.87925 4.39688 4.60760
180164 P 0 1 72.77054 0.27074 14.19616 0.88863 1.46208 0.04653 0.46498 0.89915 4.39988 4.60132
180165 P 0 1 72.76887 0.27081 14.19680 0.88864 1.46236 0.04654 0.46522 0.89965 4.39995 4.60116
180166 P 0 1 72.60991 0.27767 14.25764 0.88947 1.48870 0.04731 0.48849 0.94761 4.40676 4.58643
180167 P 0 1 72.37578 0.28782 14.34421 0.89059 1.52723 0.04842 0.52393 1.02090 4.41616 4.56495
180168 P 0 1 72.06455 0.30133 14.45377 0.89189 1.57791 0.04989 0.57313 1.12320 4.42755 4.53678
180169 P 0 1 71.79422 0.31309 14.54396 0.89284 1.62139 0.05114 0.61776 1.21651 4.43643 4.51266
180170 P 0 1 71.85482 0.31045 14.52414 0.89264 1.61169 0.05086 0.60760 1.19523 4.43452 4.51804
180171 P 0 1 72.00730 0.30382 14.47325 0.89211 1.58716 0.05016 0.58243 1.14262 4.42951 4.53165
180172 P 0 1 72.25202 0.29319 14.38852 0.89114 1.54746 0.04901 0.54321 1.06092 4.42084 4.55370
180173 P 0 1 72.47997 0.28330 14.30613 0.89011 1.51013 0.04793 0.50799 0.98790 4.41207 4.57448
180174 P 0 1 72.74382 0.27189 14.20650 0.88877 1.46652 0.04666 0.46884 0.90711 4.40105 4.59883
180175 P 0 1 72.88417 0.26584 14.15161 0.88800 1.44317 0.04598 0.44874 0.86578 4.39480 4.61192
180176 P 0 1 73.00207 0.26077 14.10447 0.88730 1.42347 0.04541 0.43223 0.83195 4.38933 4.62299
180177 P 0 1 73.04325 0.25901 14.08778 0.88705 1.41658 0.04521 0.42655 0.82033 4.38738 4.62688
180178 P 0 1 73.13092 0.25525 14.05186 0.88651 1.40187 0.04478 0.41460 0.79591 4.38313 4.63517
180179 P 0 1 73.08642 0.25716 14.07016 0.88679 1.40934 0.04500 0.42064 0.80824 4.38530 4.63096
180180 P 0 1 72.98172 0.26165 14.11267 0.88743 1.42688 0.04551 0.43506 0.83773 4.39029 4.62108
180181 P 0 1 72.82960 0.26819 14.17311 0.88830 1.45226 0.04625 0.45649 0.88171 4.39726 4.60682
180182 P 0 1 72.65389 0.27577 14.24098 0.88925 1.48143 0.04709 0.48199 0.93419 4.40491 4.59049
180183 P 0 1 72.48274 0.28318 14.30511 0.89010 1.50967 0.04791 0.50757 0.98703 4.41196 4.57473
180184 P 0 1 72.34156 0.28930 14.35656 0.89075 1.53283 0.04859 0.52922 1.03188 4.41748 4.56183
180185 P 0 1 72.24668 0.29342 14.39041 0.89116 1.54833 0.04903 0.54405 1.06267 4.42104 4.55322
180186 P 0 1 72.20144 0.29538 14.40635 0.89135 1.55570 0.04925 0.55119 1.07752 4.42269 4.54912
180187 P 0 1 72.19789 0.29554 14.40759 0.89136 1.55628 0.04926 0.55176 1.07870 4.42282 4.54880
180188 P 0 1 72.22302 0.29445 14.39876 0.89126 1.55219 0.04915 0.54778 1.07042 4.42191 4.55107
180189 P 0 1 72.26481 0.29263 14.38399 0.89108 1.54537 0.04895 0.54120 1.05674 4.42037 4.55486
180190 P 0 1 72.53044 0.28111 14.28743 0.88987 1.50182 0.04769 0.50037 0.97213 4.41003 4.57911
180191 P 0 1 72.60916 0.27771 14.25793 0.88948 1.48882 0.04731 0.48860 0.94784 4.40679 4.58636
180192 P 0 1 72.69060 0.27419 14.22697 0.88906 1.47535 0.04692 0.47660 0.92308 4.40335 4.59389
180193 P 0 1 72.77388 0.27059 14.19486 0.88861 1.46153 0.04652 0.46450 0.89816 4.39973 4.60163
180194 P 0 1 72.85879 0.26693 14.16163 0.88814 1.44740 0.04610 0.45233 0.87317 4.39595 4.60955
180195 P 0 1 72.94534 0.26321 14.12727 0.88764 1.43296 0.04568 0.44013 0.84813 4.39198 4.61766
180196 P 0 1 72.94655 0.26316 14.12679 0.88763 1.43276 0.04568 0.43996 0.84778 4.39193 4.61777
180197 P 0 1 72.77344 0.27061 14.19503 0.88861 1.46160 0.04652 0.46456 0.89829 4.39975 4.60159
180198 P 0 1 72.85980 0.26689 14.16124 0.88813 1.44723 0.04610 0.45219 0.87287 4.39590 4.60964
180199 P 0 1 72.94772 0.26311 14.12632 0.88763 1.43256 0.04567 0.43980 0.84744 4.39187 4.61788
180200 P 0 1 72.90350 0.26501 14.14395 0.88788 1.43994 0.04589 0.44601 0.86018 4.39391 4.61373
180201 P 0 1 73.12295 0.25559 14.05515 0.88656 1.40321 0.04482 0.41568 0.79811 4.38352 4.63442
180202 P 0 1 73.27920 0.24892 13.98991 0.88554 1.37693 0.04405 0.39484 0.75562 4.37570 4.64929
180203 P 0 1 73.43545 0.24228 13.92297 0.88446 1.35055 0.04327 0.37464 0.71456 4.36753 4.66430
180204 P 0 1 73.34856 0.24597 13.96040 0.88507 1.36523 0.04370 0.38579 0.73722 4.37212 4.65594
180205 P 0 1 73.15187 0.25435 14.04320 0.88637 1.39835 0.04467 0.41178 0.79014 4.38210 4.63716
180206 P 0 1 73.29061 0.24843 13.98508 0.88546 1.37500 0.04399 0.39335 0.75258 4.37512 4.65038
180207 P 0 1 73.41516 0.24314 13.93176 0.88461 1.35398 0.04338 0.37722 0.71981 4.36861 4.66234
180208 P 0 1 73.50124 0.23949 13.89427 0.88399 1.33941 0.04295 0.36632 0.69770 4.36397 4.67066
180209 P 0 1 73.48595 0.24014 13.90097 0.88410 1.34200 0.04302 0.36824 0.70160 4.36481 4.66918
180210 P 0 1 73.58636 0.23590 13.85669 0.88336 1.32498 0.04252 0.35572 0.67626 4.35928 4.67892
180211 P 0 1 73.69312 0.23140 13.80883 0.88254 1.30686 0.04199 0.34270 0.64996 4.35325 4.68934
180212 P 0 1 73.80660 0.22665 13.75707 0.88164 1.28757 0.04142 0.32918 0.62274 4.34664 4.70048
180213 P 0 1 73.92672 0.22164 13.70129 0.88065 1.26711 0.04082 0.31524 0.59473 4.33943 4.71236
180214 P 0 1 74.01369 0.21803 13.66026 0.87991 1.25229 0.04038 0.30538 0.57497 4.33407 4.72101
180215 P 0 1 74.17538 0.21137 13.58253 0.87847 1.22470 0.03957 0.28758 0.53940 4.32380 4.73722
180216 P 0 1 74.31860 0.20551 13.51211 0.87714 1.20024 0.03884 0.27238 0.50913 4.31435 4.75170
180217 P 0 1 74.43215 0.20091 13.45522 0.87604 1.18085 0.03827 0.26070 0.48595 4.30663 4.76328
180218 P 0 1 74.50704 0.19789 13.41720 0.87530 1.16807 0.03789 0.25318 0.47107 4.30142 4.77096
180219 P 0 1 74.47897 0.19902 13.43150 0.87558 1.17286 0.03803 0.25598 0.47661 4.30338 4.76807
180220 P 0 1 74.22446 0.20936 13.55856 0.87802 1.21632 0.03932 0.28231 0.52889 4.32060 4.74217
180221 P 0 1 73.66248 0.23269 13.82265 0.88278 1.31207 0.04214 0.34641 0.65744 4.35500 4.68634
180222 P 0 1 72.86298 0.26675 14.15998 0.88812 1.44670 0.04608 0.45174 0.87195 4.39576 4.60994
180223 P 0 1 71.88513 0.30913 14.51414 0.89254 1.60682 0.05072 0.60255 1.18467 4.43355 4.52074
180224 P 0 1 70.88613 0.35251 14.81474 0.89494 1.76335 0.05521 0.78008 1.55942 4.45990 4.43372
180225 P 0 1 70.02895 0.38932 15.02816 0.89551 1.89102 0.05884 0.94968 1.92282 4.47385 4.36186
180226 P 0 1 69.47901 0.41260 15.14546 0.89524 1.96951 0.06105 1.06616 2.17501 4.47904 4.31693
180227 P 0 1 69.25398 0.42203 15.18933 0.89499 2.00084 0.06193 1.11544 2.28229 4.48039 4.29878
180228 P 0 1 69.21679 0.42358 15.19636 0.89494 2.00598 0.06208 1.12367 2.30024 4.48057 4.29580
180229 P 0 1 69.23253 0.42293 15.19339 0.89496 2.00381 0.06202 1.12018 2.29263 4.48049 4.29706
180230 P 0 1 69.24444 0.42243 15.19114 0.89498 2.00216 0.06197 1.11755 2.28689 4.48043 4.29801
180231 P 0 1 69.25479 0.42200 15.18918 0.89499 2.00073 0.06193 1.11526 2.28190 4.48038 4.29885
180232 P 0 1 69.27797 0.42103 15.18477 0.89502 1.99752 0.06184 1.11014 2.27074 4.48026 4.30071
180233 P 0 1 69.31714 0.41939 15.17725 0.89507 1.99209 0.06169 1.10151 2.25194 4.48005 4.30386
180234 P 0 1 69.38190 0.41667 15.16468 0.89514 1.98309 0.06143 1.08731 2.22102 4.47968 4.30908
180235 P 0 1 69.49838 0.41178 15.14157 0.89525 1.96679 0.06097 1.06196 2.16589 4.47890 4.31849
180236 P 0 1 69.68400 0.40396 15.10344 0.89539 1.94057 0.06024 1.02207 2.07933 4.47743 4.33357
180237 P 0 1 69.92100 0.39391 15.05234 0.89550 1.90664 0.05928 0.97209 1.97118 4.47509 4.35297
