 Vistelius (1995)
SiO2 TiO2 Al2O3 Fe2O3 FeO MnO MgO CaO Na2O K2O
179162 P 0 1 72.55593 0.28001 14.27792 0.88974 1.49761 0.04756 0.49654 0.96422 4.40899 4.58146
179163 P 0 1 72.66816 0.27516 14.23554 0.88917 1.47906 0.04703 0.47989 0.92986 4.40431 4.59181
179164 P 0 1 72.63512 0.27658 14.24811 0.88935 1.48453 0.04719 0.48476 0.93990 4.40570 4.58876
179165 P 0 1 72.56921 0.27943 14.27295 0.88968 1.49542 0.04750 0.49456 0.96012 4.40845 4.58268
179166 P 0 1 72.55293 0.28014 14.27904 0.88976 1.49811 0.04758 0.49699 0.96515 4.40912 4.58118
179167 P 0 1 72.54364 0.28054 14.28251 0.88980 1.49964 0.04762 0.49838 0.96803 4.40950 4.58033
179168 P 0 1 72.57559 0.27916 14.27056 0.88965 1.49437 0.04747 0.49360 0.95815 4.40818 4.58327
179169 P 0 1 72.56757 0.27951 14.27357 0.88969 1.49569 0.04751 0.49480 0.96063 4.40852 4.58253
179170 P 0 1 72.51541 0.28176 14.29302 0.88994 1.50429 0.04776 0.50263 0.97681 4.41064 4.57773
179171 P 0 1 72.54701 0.28040 14.28126 0.88979 1.49908 0.04761 0.49788 0.96699 4.40936 4.58064
179172 P 0 1 72.52100 0.28152 14.29094 0.88991 1.50337 0.04773 0.50179 0.97507 4.41042 4.57824
179173 P 0 1 72.56195 0.27975 14.27567 0.88971 1.49662 0.04754 0.49564 0.96236 4.40875 4.58201
179174 P 0 1 72.53332 0.28099 14.28636 0.88985 1.50134 0.04767 0.49994 0.97124 4.40992 4.57938
179175 P 0 1 72.46381 0.28400 14.31208 0.89019 1.51278 0.04800 0.51044 0.99297 4.41271 4.57300
179176 P 0 1 72.45410 0.28442 14.31565 0.89023 1.51438 0.04805 0.51192 0.99603 4.41310 4.57211
179177 P 0 1 72.43035 0.28545 14.32435 0.89034 1.51828 0.04816 0.51555 1.00354 4.41404 4.56994
179178 P 0 1 72.33887 0.28942 14.35753 0.89076 1.53327 0.04860 0.52964 1.03275 4.41758 4.56159
179179 P 0 1 72.15317 0.29748 14.42321 0.89154 1.56354 0.04947 0.55888 1.09351 4.42443 4.54476
179180 P 0 1 71.80559 0.31259 14.54026 0.89281 1.61957 0.05109 0.61584 1.21250 4.43608 4.51367
179181 P 0 1 71.39542 0.33043 14.66884 0.89397 1.68454 0.05296 0.68674 1.36158 4.44792 4.47761
179182 P 0 1 70.99358 0.34786 14.78519 0.89478 1.74690 0.05474 0.75991 1.51653 4.45762 4.44290
179183 P 0 1 71.06486 0.34477 14.76522 0.89466 1.73593 0.05443 0.74667 1.48841 4.45603 4.44902
179184 P 0 1 71.51995 0.32502 14.63087 0.89365 1.66495 0.05239 0.66480 1.31534 4.44453 4.48848
179185 P 0 1 71.93605 0.30692 14.49721 0.89236 1.59864 0.05049 0.59412 1.16704 4.43188 4.52528
179186 P 0 1 72.26496 0.29262 14.38394 0.89108 1.54535 0.04895 0.54117 1.05669 4.42036 4.55487
179187 P 0 1 72.52195 0.28148 14.29059 0.88991 1.50321 0.04773 0.50165 0.97477 4.41038 4.57833
179188 P 0 1 72.71271 0.27323 14.21849 0.88894 1.47168 0.04681 0.47337 0.91643 4.40240 4.59594
179189 P 0 1 72.84150 0.26768 14.16844 0.88824 1.45028 0.04619 0.45480 0.87823 4.39673 4.60793
179190 P 0 1 72.91646 0.26445 14.13879 0.88781 1.43778 0.04582 0.44418 0.85644 4.39332 4.61495
179191 P 0 1 72.90462 0.26496 14.14350 0.88788 1.43976 0.04588 0.44585 0.85986 4.39386 4.61384
179192 P 0 1 72.82647 0.26832 14.17434 0.88832 1.45278 0.04626 0.45694 0.88263 4.39740 4.60653
179193 P 0 1 72.65550 0.27570 14.24037 0.88924 1.48116 0.04709 0.48175 0.93370 4.40484 4.59064
179194 P 0 1 72.53468 0.28093 14.28585 0.88985 1.50112 0.04767 0.49973 0.97081 4.40986 4.57950
179195 P 0 1 72.38223 0.28754 14.34187 0.89057 1.52617 0.04839 0.52293 1.01884 4.41591 4.56554
179196 P 0 1 72.27127 0.29235 14.38169 0.89105 1.54432 0.04892 0.54018 1.05464 4.42013 4.55545
179197 P 0 1 72.22782 0.29424 14.39707 0.89124 1.55140 0.04912 0.54702 1.06885 4.42173 4.55151
179198 P 0 1 72.23976 0.29372 14.39286 0.89119 1.54946 0.04907 0.54514 1.06493 4.42129 4.55259
179199 P 0 1 72.27196 0.29232 14.38145 0.89105 1.54421 0.04892 0.54008 1.05441 4.42010 4.55551
179200 P 0 1 72.21835 0.29465 14.40041 0.89128 1.55295 0.04917 0.54852 1.07196 4.42208 4.55065
179201 P 0 1 72.34589 0.28911 14.35500 0.89073 1.53212 0.04857 0.52855 1.03049 4.41731 4.56223
179202 P 0 1 72.46564 0.28392 14.31141 0.89018 1.51248 0.04800 0.51017 0.99240 4.41264 4.57317
179203 P 0 1 72.59173 0.27846 14.26449 0.88957 1.49170 0.04739 0.49120 0.95318 4.40752 4.58475
179204 P 0 1 72.55977 0.27984 14.27648 0.88972 1.49698 0.04755 0.49597 0.96304 4.40884 4.58181
179205 P 0 1 72.59734 0.27822 14.26238 0.88954 1.49078 0.04737 0.49036 0.95146 4.40728 4.58527
179206 P 0 1 72.66399 0.27534 14.23714 0.88920 1.47976 0.04705 0.48050 0.93113 4.40448 4.59143
179207 P 0 1 72.72769 0.27258 14.21272 0.88886 1.46920 0.04674 0.47119 0.91193 4.40175 4.59733
179208 P 0 1 72.78865 0.26996 14.18912 0.88853 1.45907 0.04644 0.46237 0.89379 4.39908 4.60300
179209 P 0 1 72.68699 0.27434 14.22835 0.88908 1.47595 0.04694 0.47713 0.92417 4.40350 4.59356
179210 P 0 1 72.78455 0.27013 14.19071 0.88855 1.45975 0.04646 0.46296 0.89500 4.39926 4.60262
179211 P 0 1 72.83316 0.26804 14.17171 0.88828 1.45167 0.04623 0.45599 0.88067 4.39710 4.60715
179212 P 0 1 72.88019 0.26601 14.15319 0.88802 1.44383 0.04600 0.44930 0.86694 4.39498 4.61155
179213 P 0 1 72.92586 0.26405 14.13505 0.88775 1.43621 0.04578 0.44286 0.85373 4.39289 4.61583
179214 P 0 1 72.97041 0.26213 14.11722 0.88749 1.42877 0.04556 0.43663 0.84096 4.39082 4.62001
179215 P 0 1 73.01411 0.26026 14.09960 0.88723 1.42146 0.04535 0.43057 0.82854 4.38876 4.62413
179216 P 0 1 73.05722 0.25841 14.08209 0.88697 1.41424 0.04514 0.42463 0.81640 4.38671 4.62819
179217 P 0 1 73.04849 0.25878 14.08565 0.88702 1.41570 0.04518 0.42583 0.81885 4.38712 4.62737
179218 P 0 1 73.05455 0.25852 14.08318 0.88698 1.41468 0.04515 0.42500 0.81715 4.38683 4.62794
179219 P 0 1 73.13616 0.25503 14.04970 0.88647 1.40099 0.04475 0.41389 0.79446 4.38287 4.63567
179220 P 0 1 73.16814 0.25366 14.03645 0.88627 1.39562 0.04459 0.40959 0.78567 4.38130 4.63871
179221 P 0 1 73.21987 0.25145 14.01488 0.88593 1.38692 0.04434 0.40268 0.77159 4.37871 4.64363
179222 P 0 1 73.36636 0.24521 13.95278 0.88495 1.36222 0.04362 0.38349 0.73254 4.37119 4.65765
179223 P 0 1 73.40786 0.24345 13.93491 0.88466 1.35521 0.04341 0.37816 0.72171 4.36900 4.66164
179224 P 0 1 73.46073 0.24121 13.91198 0.88428 1.34627 0.04315 0.37143 0.70805 4.36617 4.66674
179225 P 0 1 73.41487 0.24315 13.93188 0.88461 1.35402 0.04338 0.37726 0.71989 4.36862 4.66232
179226 P 0 1 73.45243 0.24156 13.91559 0.88434 1.34767 0.04319 0.37248 0.71019 4.36662 4.66594
179227 P 0 1 73.48162 0.24032 13.90286 0.88413 1.34273 0.04305 0.36879 0.70270 4.36504 4.66876
179228 P 0 1 73.50545 0.23931 13.89242 0.88396 1.33870 0.04293 0.36579 0.69663 4.36375 4.67107
179229 P 0 1 73.49480 0.23976 13.89709 0.88403 1.34050 0.04298 0.36713 0.69934 4.36432 4.67004
179230 P 0 1 73.40536 0.24355 13.93599 0.88467 1.35563 0.04342 0.37848 0.72236 4.36913 4.66140
179231 P 0 1 73.30185 0.24795 13.98031 0.88539 1.37311 0.04394 0.39187 0.74958 4.37454 4.65146
179232 P 0 1 73.12192 0.25564 14.05557 0.88656 1.40338 0.04482 0.41582 0.79839 4.38357 4.63432
179233 P 0 1 72.85988 0.26689 14.16120 0.88813 1.44722 0.04610 0.45218 0.87285 4.39590 4.60965
179234 P 0 1 72.52989 0.28114 14.28764 0.88987 1.50191 0.04769 0.50045 0.97230 4.41006 4.57906
179235 P 0 1 72.15874 0.29724 14.42127 0.89152 1.56264 0.04945 0.55799 1.09166 4.42423 4.54526
179236 P 0 1 71.80170 0.31276 14.54153 0.89282 1.62019 0.05111 0.61650 1.21387 4.43620 4.51332
179237 P 0 1 71.47323 0.32705 14.64523 0.89378 1.67231 0.05261 0.67299 1.33259 4.44582 4.48440
179238 P 0 1 71.18673 0.33949 14.73043 0.89443 1.71709 0.05389 0.72429 1.44097 4.45318 4.45951
179239 P 0 1 70.96852 0.34894 14.79214 0.89482 1.75074 0.05485 0.76459 1.52648 4.45816 4.44076
179240 P 0 1 70.81242 0.35569 14.83464 0.89504 1.77458 0.05553 0.79406 1.58919 4.46140 4.42745
179241 P 0 1 70.70527 0.36032 14.86303 0.89517 1.79082 0.05599 0.81459 1.63297 4.46348 4.41836
179242 P 0 1 70.64600 0.36287 14.87847 0.89523 1.79976 0.05625 0.82605 1.65745 4.46457 4.41335
179243 P 0 1 70.50092 0.36912 14.91546 0.89536 1.82151 0.05687 0.85442 1.71812 4.46710 4.40113
179244 P 0 1 70.45234 0.37120 14.92759 0.89539 1.82876 0.05707 0.86402 1.73867 4.46789 4.39706
179245 P 0 1 70.45268 0.37119 14.92751 0.89539 1.82871 0.05707 0.86395 1.73853 4.46789 4.39709
179246 P 0 1 70.47724 0.37013 14.92139 0.89538 1.82505 0.05697 0.85909 1.72812 4.46749 4.39915
179247 P 0 1 70.52578 0.36805 14.90920 0.89534 1.81780 0.05676 0.84953 1.70764 4.46668 4.40322
179248 P 0 1 70.35962 0.37518 14.95041 0.89545 1.84253 0.05746 0.88247 1.77823 4.46935 4.38930
179249 P 0 1 70.43534 0.37193 14.93181 0.89540 1.83129 0.05714 0.86739 1.74589 4.46817 4.39563
179250 P 0 1 70.50542 0.36892 14.91433 0.89536 1.82084 0.05685 0.85353 1.71622 4.46702 4.40151
179251 P 0 1 70.57732 0.36583 14.89612 0.89530 1.81008 0.05654 0.83943 1.68603 4.46579 4.40756
179252 P 0 1 70.64559 0.36289 14.87857 0.89523 1.79982 0.05625 0.82613 1.65762 4.46458 4.41331
179253 P 0 1 70.70684 0.36025 14.86262 0.89517 1.79058 0.05599 0.81429 1.63233 4.46345 4.41849
179254 P 0 1 70.75941 0.35798 14.84876 0.89511 1.78262 0.05576 0.80419 1.61077 4.46244 4.42295
179255 P 0 1 70.80295 0.35610 14.83717 0.89506 1.77601 0.05557 0.79587 1.59303 4.46159 4.42664
179256 P 0 1 70.83785 0.35459 14.82781 0.89501 1.77071 0.05542 0.78923 1.57889 4.46089 4.42961
179257 P 0 1 70.86489 0.35343 14.82050 0.89497 1.76659 0.05530 0.78410 1.56797 4.46034 4.43191
179258 P 0 1 70.88505 0.35255 14.81503 0.89495 1.76351 0.05521 0.78029 1.55985 4.45993 4.43363
179259 P 0 1 70.57321 0.36601 14.89717 0.89530 1.81070 0.05656 0.84023 1.68775 4.46587 4.40721
179260 P 0 1 70.56810 0.36623 14.89847 0.89531 1.81146 0.05658 0.84123 1.68989 4.46595 4.40678
179261 P 0 1 70.55930 0.36661 14.90071 0.89531 1.81278 0.05662 0.84295 1.69357 4.46611 4.40604
179262 P 0 1 70.54754 0.36711 14.90369 0.89532 1.81454 0.05667 0.84526 1.69850 4.46631 4.40505
179263 P 0 1 70.53343 0.36772 14.90727 0.89533 1.81666 0.05673 0.84803 1.70443 4.46655 4.40386
179264 P 0 1 70.51748 0.36841 14.91129 0.89535 1.81904 0.05680 0.85116 1.71114 4.46682 4.40252
179265 P 0 1 70.50012 0.36915 14.91566 0.89536 1.82163 0.05687 0.85458 1.71845 4.46711 4.40107
179266 P 0 1 70.99653 0.34773 14.78437 0.89478 1.74645 0.05473 0.75936 1.51536 4.45755 4.44315
179267 P 0 1 70.98769 0.34811 14.78682 0.89479 1.74780 0.05477 0.76101 1.51886 4.45774 4.44240
179268 P 0 1 70.97776 0.34854 14.78958 0.89481 1.74933 0.05481 0.76287 1.52280 4.45796 4.44155
179269 P 0 1 70.96699 0.34901 14.79256 0.89482 1.75098 0.05486 0.76488 1.52708 4.45819 4.44063
179270 P 0 1 70.95564 0.34950 14.79569 0.89484 1.75272 0.05491 0.76700 1.53160 4.45844 4.43966
179271 P 0 1 70.58916 0.36532 14.89309 0.89529 1.80830 0.05649 0.83711 1.68109 4.46559 4.40855
179272 P 0 1 70.57154 0.36608 14.89759 0.89530 1.81095 0.05657 0.84056 1.68845 4.46590 4.40707
179273 P 0 1 70.55419 0.36683 14.90201 0.89532 1.81355 0.05664 0.84395 1.69572 4.46620 4.40561
179274 P 0 1 70.53726 0.36755 14.90630 0.89533 1.81608 0.05671 0.84727 1.70282 4.46649 4.40419
179275 P 0 1 70.21848 0.38123 14.98428 0.89550 1.86335 0.05805 0.91089 1.83928 4.47140 4.37755
179276 P 0 1 70.40157 0.37338 14.94014 0.89542 1.83631 0.05729 0.87410 1.76028 4.46870 4.39281
179277 P 0 1 70.77793 0.35718 14.84385 0.89509 1.77982 0.05568 0.80064 1.60322 4.46208 4.42452
179278 P 0 1 70.61132 0.36437 14.88741 0.89527 1.80497 0.05640 0.83280 1.67185 4.46520 4.41042
179279 P 0 1 70.60201 0.36477 14.88980 0.89528 1.80637 0.05644 0.83461 1.67573 4.46536 4.40964
179280 P 0 1 70.50987 0.36873 14.91321 0.89535 1.82018 0.05683 0.85266 1.71434 4.46695 4.40188
179281 P 0 1 71.03532 0.34605 14.77353 0.89471 1.74048 0.05456 0.75214 1.50003 4.45669 4.44648
179282 P 0 1 71.24859 0.33680 14.71243 0.89430 1.70748 0.05361 0.71306 1.41719 4.45167 4.46486
179283 P 0 1 69.85576 0.39668 15.06668 0.89548 1.91603 0.05954 0.98574 2.00069 4.47578 4.34761
179284 P 0 1 69.85572 0.39668 15.06669 0.89548 1.91604 0.05954 0.98575 2.00070 4.47578 4.34761
179285 P 0 1 69.85669 0.39664 15.06648 0.89548 1.91590 0.05954 0.98554 2.00026 4.47577 4.34769
179286 P 0 1 70.18892 0.38249 14.99124 0.89550 1.86768 0.05818 0.91689 1.85220 4.47181 4.37509
179287 P 0 1 70.19098 0.38240 14.99076 0.89550 1.86738 0.05817 0.91647 1.85130 4.47178 4.37526
179288 P 0 1 70.19453 0.38225 14.98992 0.89550 1.86686 0.05815 0.91575 1.84974 4.47173 4.37556
179289 P 0 1 70.19956 0.38204 14.98874 0.89550 1.86612 0.05813 0.91473 1.84754 4.47166 4.37597
179290 P 0 1 70.20602 0.38176 14.98722 0.89550 1.86517 0.05810 0.91341 1.84472 4.47157 4.37651
179291 P 0 1 70.21384 0.38143 14.98537 0.89550 1.86403 0.05807 0.91183 1.84131 4.47147 4.37716
179292 P 0 1 70.22291 0.38104 14.98323 0.89550 1.86269 0.05803 0.90999 1.83735 4.47134 4.37791
179293 P 0 1 70.23311 0.38060 14.98081 0.89549 1.86120 0.05799 0.90792 1.83291 4.47120 4.37876
179294 P 0 1 70.24429 0.38012 14.97816 0.89549 1.85955 0.05795 0.90566 1.82805 4.47104 4.37969
179295 P 0 1 70.25629 0.37961 14.97530 0.89549 1.85779 0.05790 0.90323 1.82283 4.47087 4.38069
179296 P 0 1 70.26896 0.37907 14.97228 0.89548 1.85592 0.05784 0.90068 1.81734 4.47069 4.38174
179297 P 0 1 70.28212 0.37851 14.96913 0.89548 1.85398 0.05779 0.89802 1.81164 4.47050 4.38284
179298 P 0 1 70.29561 0.37793 14.96590 0.89547 1.85199 0.05773 0.89531 1.80580 4.47031 4.38396
179299 P 0 1 70.30928 0.37734 14.96261 0.89547 1.84997 0.05767 0.89256 1.79989 4.47010 4.38510
179300 P 0 1 70.32298 0.37675 14.95930 0.89546 1.84795 0.05762 0.88980 1.79399 4.46990 4.38624
179301 P 0 1 70.33659 0.37617 14.95600 0.89546 1.84594 0.05756 0.88708 1.78813 4.46970 4.38738
179631 P 0 1 72.44645 0.28475 14.31846 0.89027 1.51564 0.04809 0.51309 0.99845 4.41340 4.57141
179632 P 0 1 72.58024 0.27896 14.26881 0.88962 1.49360 0.04745 0.49291 0.95672 4.40799 4.58370
179633 P 0 1 72.29630 0.29126 14.37278 0.89095 1.54023 0.04880 0.53627 1.04650 4.41919 4.55772
179634 P 0 1 72.30536 0.29087 14.36954 0.89091 1.53875 0.04876 0.53485 1.04356 4.41885 4.55854
179635 P 0 1 72.55520 0.28004 14.27820 0.88975 1.49773 0.04757 0.49665 0.96445 4.40902 4.58139
179636 P 0 1 72.58417 0.27879 14.26734 0.88960 1.49295 0.04743 0.49232 0.95551 4.40783 4.58406
179637 P 0 1 72.30123 0.29105 14.37102 0.89093 1.53943 0.04878 0.53550 1.04490 4.41901 4.55817
179638 P 0 1 72.15116 0.29757 14.42390 0.89155 1.56387 0.04948 0.55920 1.09418 4.42450 4.54458
179639 P 0 1 72.23027 0.29413 14.39621 0.89123 1.55100 0.04911 0.54663 1.06804 4.42164 4.55173
179640 P 0 1 72.22474 0.29437 14.39816 0.89125 1.55191 0.04914 0.54751 1.06986 4.42185 4.55123
179641 P 0 1 72.21803 0.29466 14.40052 0.89128 1.55300 0.04917 0.54857 1.07206 4.42209 4.55062
179642 P 0 1 72.75638 0.27135 14.20165 0.88871 1.46443 0.04660 0.46702 0.90337 4.40050 4.60000
179643 P 0 1 72.81377 0.26887 14.17931 0.88839 1.45489 0.04632 0.45876 0.88637 4.39797 4.60534
179644 P 0 1 72.75566 0.27138 14.20192 0.88871 1.46455 0.04660 0.46713 0.90358 4.40053 4.59993
179645 P 0 1 72.64727 0.27606 14.24350 0.88928 1.48252 0.04713 0.48297 0.93620 4.40519 4.58988
179646 P 0 1 72.61957 0.27726 14.25400 0.88942 1.48710 0.04726 0.48706 0.94465 4.40636 4.58732
179647 P 0 1 72.70602 0.27352 14.22106 0.88898 1.47279 0.04684 0.47434 0.91844 4.40269 4.59532
179648 P 0 1 72.67069 0.27505 14.23458 0.88916 1.47865 0.04701 0.47952 0.92910 4.40420 4.59205
179649 P 0 1 72.74897 0.27167 14.20451 0.88875 1.46567 0.04664 0.46810 0.90557 4.40082 4.59931
179650 P 0 1 72.70368 0.27362 14.22196 0.88899 1.47318 0.04686 0.47469 0.91914 4.40279 4.59511
179651 P 0 1 72.61186 0.27759 14.25691 0.88946 1.48838 0.04730 0.48820 0.94701 4.40668 4.58661
179652 P 0 1 72.58983 0.27854 14.26521 0.88957 1.49202 0.04740 0.49148 0.95377 4.40760 4.58458
179653 P 0 1 72.54761 0.28037 14.28103 0.88978 1.49898 0.04760 0.49779 0.96680 4.40933 4.58069
179654 P 0 1 72.51603 0.28174 14.29279 0.88994 1.50419 0.04776 0.50254 0.97662 4.41062 4.57779
179655 P 0 1 72.66147 0.27544 14.23809 0.88921 1.48017 0.04706 0.48087 0.93189 4.40459 4.59120
179656 P 0 1 72.66531 0.27528 14.23663 0.88919 1.47954 0.04704 0.48031 0.93073 4.40443 4.59155
179657 P 0 1 72.56206 0.27974 14.27563 0.88971 1.49660 0.04754 0.49562 0.96233 4.40874 4.58202
179658 P 0 1 72.55849 0.27990 14.27696 0.88973 1.49719 0.04755 0.49616 0.96343 4.40889 4.58169
179659 P 0 1 72.55223 0.28017 14.27930 0.88976 1.49822 0.04758 0.49710 0.96537 4.40915 4.58112
179660 P 0 1 72.59632 0.27826 14.26277 0.88954 1.49095 0.04737 0.49051 0.95177 4.40733 4.58518
179661 P 0 1 72.59103 0.27849 14.26476 0.88957 1.49182 0.04740 0.49130 0.95340 4.40755 4.58469
179662 P 0 1 72.52334 0.28142 14.29007 0.88990 1.50298 0.04772 0.50144 0.97434 4.41032 4.57846
179663 P 0 1 72.52531 0.28133 14.28934 0.88989 1.50266 0.04771 0.50114 0.97373 4.41024 4.57864
179664 P 0 1 72.53137 0.28107 14.28709 0.88986 1.50166 0.04768 0.50023 0.97184 4.41000 4.57920
179665 P 0 1 72.53186 0.28105 14.28690 0.88986 1.50158 0.04768 0.50015 0.97169 4.40998 4.57924
179666 P 0 1 72.57203 0.27931 14.27190 0.88966 1.49496 0.04749 0.49413 0.95925 4.40833 4.58294
179667 P 0 1 72.54880 0.28032 14.28058 0.88978 1.49879 0.04760 0.49761 0.96643 4.40929 4.58080
179668 P 0 1 72.45786 0.28426 14.31427 0.89022 1.51376 0.04803 0.51135 0.99485 4.41295 4.57245
179669 P 0 1 72.44645 0.28475 14.31846 0.89027 1.51564 0.04809 0.51309 0.99845 4.41340 4.57141
179670 P 0 1 72.41624 0.28606 14.32950 0.89041 1.52060 0.04823 0.51771 1.00801 4.41459 4.56865
179671 P 0 1 72.39131 0.28714 14.33858 0.89052 1.52468 0.04835 0.52154 1.01594 4.41556 4.56637
179672 P 0 1 72.28429 0.29179 14.37706 0.89100 1.54219 0.04886 0.53814 1.05040 4.41964 4.55663
179673 P 0 1 72.10137 0.29973 14.44113 0.89175 1.57195 0.04972 0.56718 1.11081 4.42627 4.54010
179674 P 0 1 71.84548 0.31086 14.52721 0.89268 1.61318 0.05091 0.60916 1.19850 4.43482 4.51721
179675 P 0 1 71.56861 0.32290 14.61579 0.89352 1.65726 0.05217 0.65633 1.29750 4.44316 4.49275
179676 P 0 1 71.36934 0.33156 14.67668 0.89403 1.68862 0.05307 0.69138 1.37138 4.44860 4.47534
179677 P 0 1 71.39211 0.33057 14.66984 0.89398 1.68506 0.05297 0.68733 1.36283 4.44800 4.47732
179678 P 0 1 71.62663 0.32038 14.59761 0.89336 1.64807 0.05191 0.64630 1.27640 4.44149 4.49785
179679 P 0 1 71.92277 0.30750 14.50164 0.89241 1.60078 0.05055 0.59632 1.17162 4.43232 4.52409
179680 P 0 1 72.20176 0.29537 14.40624 0.89135 1.55565 0.04925 0.55114 1.07742 4.42268 4.54915
179681 P 0 1 72.42943 0.28549 14.32469 0.89035 1.51843 0.04817 0.51569 1.00383 4.41407 4.56985
179682 P 0 1 72.59950 0.27812 14.26157 0.88953 1.49042 0.04736 0.49004 0.95080 4.40719 4.58547
179683 P 0 1 72.72275 0.27280 14.21463 0.88889 1.47002 0.04676 0.47191 0.91341 4.40196 4.59687
179684 P 0 1 72.79080 0.26986 14.18828 0.88852 1.45871 0.04643 0.46206 0.89315 4.39899 4.60320
179685 P 0 1 72.80727 0.26915 14.18185 0.88843 1.45598 0.04635 0.45969 0.88828 4.39826 4.60474
179686 P 0 1 72.73041 0.27247 14.21168 0.88885 1.46875 0.04673 0.47079 0.91112 4.40163 4.59759
179687 P 0 1 72.66786 0.27517 14.23566 0.88918 1.47911 0.04703 0.47993 0.92995 4.40432 4.59179
179688 P 0 1 72.58660 0.27868 14.26642 0.88959 1.49255 0.04742 0.49196 0.95476 4.40773 4.58428
179689 P 0 1 72.48226 0.28320 14.30529 0.89010 1.50975 0.04792 0.50764 0.98718 4.41198 4.57469
179690 P 0 1 72.40309 0.28663 14.33430 0.89047 1.52275 0.04829 0.51972 1.01219 4.41510 4.56744
179691 P 0 1 72.35576 0.28868 14.35144 0.89068 1.53051 0.04852 0.52702 1.02732 4.41693 4.56313
179692 P 0 1 72.34079 0.28933 14.35684 0.89075 1.53296 0.04859 0.52934 1.03213 4.41751 4.56176
179693 P 0 1 72.26029 0.29283 14.38559 0.89110 1.54611 0.04897 0.54191 1.05822 4.42053 4.55445
179694 P 0 1 72.37152 0.28800 14.34575 0.89061 1.52793 0.04844 0.52458 1.02226 4.41633 4.56456
179695 P 0 1 72.45404 0.28442 14.31567 0.89023 1.51439 0.04805 0.51193 0.99605 4.41310 4.57210
179696 P 0 1 72.53524 0.28090 14.28564 0.88985 1.50102 0.04766 0.49965 0.97064 4.40984 4.57955
179697 P 0 1 72.60828 0.27774 14.25826 0.88948 1.48897 0.04731 0.48874 0.94811 4.40683 4.58628
179698 P 0 1 72.71590 0.27309 14.21727 0.88892 1.47115 0.04680 0.47290 0.91547 4.40226 4.59624
179699 P 0 1 72.63710 0.27650 14.24736 0.88934 1.48421 0.04718 0.48447 0.93930 4.40562 4.58894
179700 P 0 1 72.70109 0.27373 14.22295 0.88900 1.47361 0.04687 0.47506 0.91992 4.40290 4.59487
179701 P 0 1 72.76301 0.27106 14.19908 0.88867 1.46333 0.04657 0.46607 0.90139 4.40021 4.60061
179702 P 0 1 72.62813 0.27689 14.25076 0.88938 1.48569 0.04722 0.48579 0.94204 4.40600 4.58811
179703 P 0 1 72.72512 0.27270 14.21372 0.88887 1.46962 0.04675 0.47156 0.91270 4.40186 4.59709
179704 P 0 1 72.81990 0.26861 14.17691 0.88836 1.45387 0.04629 0.45788 0.88457 4.39769 4.60591
179705 P 0 1 72.86826 0.26653 14.15790 0.88809 1.44582 0.04606 0.45099 0.87041 4.39552 4.61043
179706 P 0 1 72.91517 0.26451 14.13931 0.88782 1.43800 0.04583 0.44436 0.85681 4.39338 4.61483
179707 P 0 1 72.96082 0.26254 14.12107 0.88755 1.43037 0.04561 0.43797 0.84369 4.39126 4.61911
179708 P 0 1 73.00546 0.26063 14.10310 0.88728 1.42290 0.04539 0.43176 0.83099 4.38917 4.62331
179709 P 0 1 73.04936 0.25874 14.08529 0.88702 1.41555 0.04518 0.42571 0.81861 4.38708 4.62745
179710 P 0 1 73.09284 0.25688 14.06753 0.88675 1.40826 0.04496 0.41977 0.80646 4.38499 4.63156
179711 P 0 1 73.08617 0.25717 14.07026 0.88679 1.40938 0.04500 0.42068 0.80831 4.38531 4.63093
179712 P 0 1 73.09436 0.25682 14.06691 0.88674 1.40801 0.04496 0.41956 0.80604 4.38491 4.63171
179713 P 0 1 73.17586 0.25333 14.03325 0.88622 1.39432 0.04456 0.40855 0.78356 4.38091 4.63944
179714 P 0 1 73.21021 0.25186 14.01892 0.88600 1.38854 0.04439 0.40396 0.77420 4.37920 4.64271
179715 P 0 1 73.26455 0.24954 13.99609 0.88564 1.37939 0.04412 0.39677 0.75954 4.37645 4.64789
179716 P 0 1 73.41161 0.24329 13.93329 0.88463 1.35457 0.04339 0.37768 0.72073 4.36880 4.66200
179717 P 0 1 73.45830 0.24131 13.91303 0.88430 1.34668 0.04316 0.37173 0.70868 4.36630 4.66651
179718 P 0 1 73.43370 0.24235 13.92373 0.88447 1.35084 0.04328 0.37486 0.71502 4.36762 4.66413
179719 P 0 1 73.48519 0.24017 13.90130 0.88410 1.34213 0.04303 0.36834 0.70179 4.36485 4.66911
179720 P 0 1 73.53527 0.23805 13.87931 0.88374 1.33365 0.04278 0.36206 0.68908 4.36211 4.67396
179721 P 0 1 73.59042 0.23572 13.85488 0.88333 1.32430 0.04250 0.35522 0.67525 4.35906 4.67931
179722 P 0 1 73.62548 0.23425 13.83925 0.88306 1.31835 0.04233 0.35092 0.66655 4.35709 4.68273
179723 P 0 1 73.64099 0.23359 13.83230 0.88294 1.31572 0.04225 0.34902 0.66272 4.35622 4.68424
179724 P 0 1 73.58407 0.23599 13.85771 0.88338 1.32537 0.04254 0.35600 0.67683 4.35941 4.67870
179725 P 0 1 73.49959 0.23956 13.89499 0.88400 1.33969 0.04296 0.36652 0.69812 4.36406 4.67050
179726 P 0 1 73.31128 0.24755 13.97630 0.88532 1.37152 0.04389 0.39064 0.74708 4.37405 4.65236
179727 P 0 1 73.00313 0.26073 14.10404 0.88730 1.42330 0.04540 0.43209 0.83165 4.38928 4.62309
179728 P 0 1 72.59789 0.27819 14.26218 0.88953 1.49069 0.04736 0.49028 0.95129 4.40726 4.58532
179729 P 0 1 72.13865 0.29811 14.42825 0.89160 1.56590 0.04954 0.56120 1.09834 4.42495 4.54345
179730 P 0 1 71.69342 0.31747 14.57644 0.89316 1.63746 0.05161 0.63484 1.25235 4.43952 4.50374
179731 P 0 1 71.29785 0.33467 14.69795 0.89420 1.69980 0.05339 0.70417 1.39841 4.45044 4.46913
179732 P 0 1 70.98092 0.34841 14.78870 0.89480 1.74884 0.05480 0.76227 1.52155 4.45789 4.44182
179733 P 0 1 70.76433 0.35777 14.84746 0.89510 1.78188 0.05574 0.80325 1.60876 4.46235 4.42336
179734 P 0 1 70.62627 0.36372 14.88357 0.89525 1.80273 0.05633 0.82989 1.66564 4.46493 4.41168
179735 P 0 1 70.53802 0.36752 14.90611 0.89533 1.81597 0.05671 0.84713 1.70250 4.46647 4.40425
179736 P 0 1 70.48178 0.36994 14.92025 0.89537 1.82437 0.05695 0.85820 1.72620 4.46741 4.39953
179737 P 0 1 70.37241 0.37464 14.94729 0.89544 1.84063 0.05741 0.87991 1.77275 4.46915 4.39037
179738 P 0 1 70.33638 0.37618 14.95605 0.89546 1.84597 0.05756 0.88712 1.78822 4.46970 4.38736
179739 P 0 1 70.34421 0.37584 14.95415 0.89545 1.84481 0.05753 0.88555 1.78485 4.46958 4.38801
179740 P 0 1 70.37660 0.37446 14.94626 0.89544 1.84001 0.05739 0.87907 1.77096 4.46909 4.39072
179741 P 0 1 70.43637 0.37189 14.93155 0.89540 1.83114 0.05714 0.86718 1.74545 4.46815 4.39572
179742 P 0 1 70.52397 0.36813 14.90966 0.89534 1.81807 0.05677 0.84989 1.70841 4.46671 4.40307
179743 P 0 1 70.39303 0.37375 14.94224 0.89543 1.83758 0.05732 0.87580 1.76393 4.46884 4.39209
179744 P 0 1 70.49856 0.36922 14.91605 0.89536 1.82187 0.05688 0.85488 1.71911 4.46714 4.40093
179745 P 0 1 70.58804 0.36537 14.89338 0.89529 1.80847 0.05650 0.83733 1.68156 4.46561 4.40846
179746 P 0 1 70.66948 0.36186 14.87237 0.89521 1.79622 0.05615 0.82150 1.64773 4.46414 4.41533
179747 P 0 1 70.73960 0.35884 14.85400 0.89513 1.78562 0.05584 0.80799 1.61888 4.46283 4.42127
179748 P 0 1 70.79749 0.35634 14.83863 0.89506 1.77684 0.05559 0.79691 1.59525 4.46170 4.42618
179749 P 0 1 70.84368 0.35434 14.82623 0.89500 1.76982 0.05539 0.78812 1.57653 4.46077 4.43011
179750 P 0 1 70.87934 0.35280 14.81658 0.89495 1.76438 0.05524 0.78136 1.56215 4.46005 4.43314
179751 P 0 1 70.90592 0.35165 14.80934 0.89492 1.76033 0.05512 0.77635 1.55147 4.45949 4.43541
179752 P 0 1 70.92486 0.35083 14.80416 0.89489 1.75743 0.05504 0.77278 1.54389 4.45909 4.43703
179753 P 0 1 70.55747 0.36669 14.90117 0.89531 1.81306 0.05663 0.84331 1.69434 4.46614 4.40589
179754 P 0 1 70.60726 0.36454 14.88845 0.89527 1.80558 0.05641 0.83359 1.67354 4.46527 4.41008
179755 P 0 1 70.59584 0.36503 14.89138 0.89528 1.80730 0.05646 0.83581 1.67830 4.46547 4.40912
179756 P 0 1 70.58158 0.36565 14.89503 0.89529 1.80944 0.05652 0.83860 1.68425 4.46572 4.40792
179757 P 0 1 70.56517 0.36635 14.89922 0.89531 1.81190 0.05659 0.84180 1.69112 4.46601 4.40653
179758 P 0 1 70.54715 0.36713 14.90379 0.89532 1.81460 0.05667 0.84533 1.69867 4.46632 4.40502
179759 P 0 1 70.52797 0.36795 14.90865 0.89534 1.81747 0.05675 0.84910 1.70672 4.46664 4.40340
179760 P 0 1 70.50798 0.36881 14.91368 0.89535 1.82046 0.05684 0.85303 1.71514 4.46698 4.40173
179761 P 0 1 71.01631 0.34687 14.77885 0.89474 1.74341 0.05464 0.75568 1.50753 4.45712 4.44485
179762 P 0 1 71.00624 0.34731 14.78166 0.89476 1.74495 0.05469 0.75755 1.51151 4.45734 4.44399
179763 P 0 1 70.99553 0.34777 14.78464 0.89478 1.74660 0.05473 0.75955 1.51576 4.45757 4.44307
179764 P 0 1 70.98438 0.34826 14.78774 0.89479 1.74831 0.05478 0.76163 1.52017 4.45782 4.44212
179765 P 0 1 70.61585 0.36417 14.88625 0.89526 1.80429 0.05638 0.83191 1.66997 4.46511 4.41080
179766 P 0 1 70.59824 0.36493 14.89077 0.89528 1.80694 0.05645 0.83534 1.67730 4.46543 4.40932
179767 P 0 1 70.58104 0.36567 14.89517 0.89529 1.80952 0.05653 0.83870 1.68448 4.46573 4.40787
179768 P 0 1 70.56437 0.36639 14.89942 0.89531 1.81202 0.05660 0.84196 1.69145 4.46602 4.40647
179769 P 0 1 70.24540 0.38008 14.97790 0.89549 1.85939 0.05794 0.90543 1.82756 4.47103 4.37978
179770 P 0 1 70.42956 0.37218 14.93324 0.89541 1.83215 0.05717 0.86853 1.74835 4.46826 4.39515
179771 P 0 1 70.41644 0.37275 14.93648 0.89541 1.83410 0.05722 0.87114 1.75394 4.46847 4.39405
179772 P 0 1 70.64329 0.36299 14.87917 0.89524 1.80016 0.05626 0.82658 1.65857 4.46462 4.41312
179773 P 0 1 70.63442 0.36337 14.88146 0.89525 1.80150 0.05630 0.82830 1.66225 4.46478 4.41237
179774 P 0 1 70.54147 0.36737 14.90523 0.89533 1.81545 0.05669 0.84645 1.70105 4.46641 4.40454
179775 P 0 1 71.07776 0.34421 14.76158 0.89464 1.73394 0.05437 0.74429 1.48335 4.45573 4.45012
179776 P 0 1 71.29335 0.33486 14.69928 0.89421 1.70050 0.05341 0.70498 1.40012 4.45055 4.46873
179777 P 0 1 71.28876 0.33506 14.70063 0.89422 1.70122 0.05343 0.70581 1.40186 4.45067 4.46834
179778 P 0 1 69.87697 0.39578 15.06204 0.89548 1.91298 0.05946 0.98129 1.99107 4.47556 4.34935
179779 P 0 1 69.87825 0.39573 15.06176 0.89548 1.91280 0.05945 0.98102 1.99049 4.47555 4.34946
179780 P 0 1 70.21559 0.38135 14.98496 0.89550 1.86377 0.05807 0.91147 1.84055 4.47144 4.37731
179781 P 0 1 70.21749 0.38127 14.98451 0.89550 1.86349 0.05806 0.91109 1.83972 4.47142 4.37746
179782 P 0 1 70.22071 0.38113 14.98375 0.89550 1.86302 0.05804 0.91043 1.83831 4.47137 4.37773
179783 P 0 1 70.22522 0.38094 14.98268 0.89550 1.86236 0.05802 0.90952 1.83635 4.47131 4.37811
179784 P 0 1 70.23098 0.38069 14.98132 0.89549 1.86151 0.05800 0.90835 1.83384 4.47123 4.37858
179785 P 0 1 70.23794 0.38040 14.97967 0.89549 1.86049 0.05797 0.90694 1.83081 4.47113 4.37916
179786 P 0 1 70.24599 0.38005 14.97776 0.89549 1.85930 0.05794 0.90532 1.82731 4.47102 4.37983
179787 P 0 1 70.25504 0.37966 14.97560 0.89549 1.85797 0.05790 0.90349 1.82337 4.47089 4.38059
179788 P 0 1 70.26497 0.37924 14.97323 0.89548 1.85651 0.05786 0.90148 1.81906 4.47075 4.38141
179789 P 0 1 70.27565 0.37878 14.97068 0.89548 1.85494 0.05781 0.89933 1.81444 4.47059 4.38230
179790 P 0 1 70.28693 0.37830 14.96798 0.89548 1.85327 0.05777 0.89705 1.80955 4.47043 4.38324
179791 P 0 1 70.29867 0.37780 14.96516 0.89547 1.85154 0.05772 0.89469 1.80448 4.47026 4.38422
179792 P 0 1 70.31074 0.37728 14.96225 0.89547 1.84976 0.05767 0.89226 1.79926 4.47008 4.38522
179793 P 0 1 70.32301 0.37675 14.95929 0.89546 1.84795 0.05762 0.88980 1.79397 4.46990 4.38625
180126 P 0 1 72.35403 0.28876 14.35207 0.89069 1.53079 0.04853 0.52729 1.02787 4.41700 4.56297
180127 P 0 1 72.40954 0.28635 14.33195 0.89044 1.52170 0.04826 0.51873 1.01014 4.41485 4.56803
180128 P 0 1 72.18570 0.29607 14.41186 0.89141 1.55826 0.04932 0.55369 1.08272 4.42326 4.54770
180129 P 0 1 72.49923 0.28246 14.29901 0.89002 1.50696 0.04784 0.50507 0.98186 4.41130 4.57625
180130 P 0 1 72.56915 0.27944 14.27298 0.88968 1.49543 0.04750 0.49456 0.96014 4.40845 4.58267
180131 P 0 1 72.29956 0.29112 14.37161 0.89093 1.53970 0.04878 0.53576 1.04544 4.41907 4.55802
180132 P 0 1 72.14317 0.29791 14.42668 0.89158 1.56517 0.04952 0.56047 1.09684 4.42479 4.54386
180133 P 0 1 72.19720 0.29557 14.40783 0.89137 1.55639 0.04927 0.55187 1.07892 4.42285 4.54874
180134 P 0 1 72.16488 0.29697 14.41913 0.89150 1.56164 0.04942 0.55701 1.08962 4.42401 4.54582
180135 P 0 1 72.51142 0.28194 14.29450 0.88996 1.50495 0.04778 0.50323 0.97805 4.41081 4.57737
180136 P 0 1 72.64515 0.27615 14.24430 0.88929 1.48287 0.04714 0.48328 0.93685 4.40528 4.58969
180137 P 0 1 72.75037 0.27161 14.20397 0.88874 1.46543 0.04663 0.46789 0.90516 4.40076 4.59944
180138 P 0 1 72.77083 0.27072 14.19604 0.88863 1.46203 0.04653 0.46494 0.89907 4.39987 4.60134
180139 P 0 1 72.66615 0.27524 14.23631 0.88919 1.47940 0.04704 0.48019 0.93047 4.40439 4.59163
180140 P 0 1 72.64585 0.27612 14.24403 0.88929 1.48276 0.04713 0.48318 0.93664 4.40525 4.58975
180141 P 0 1 72.82958 0.26819 14.17312 0.88830 1.45226 0.04625 0.45650 0.88172 4.39726 4.60682
180142 P 0 1 72.85845 0.26695 14.16177 0.88814 1.44745 0.04611 0.45238 0.87327 4.39596 4.60951
180143 P 0 1 72.83409 0.26800 14.17135 0.88828 1.45151 0.04622 0.45585 0.88040 4.39706 4.60724
180144 P 0 1 72.80980 0.26904 14.18086 0.88841 1.45555 0.04634 0.45933 0.88754 4.39814 4.60497
180145 P 0 1 72.80189 0.26938 14.18395 0.88846 1.45687 0.04638 0.46046 0.88987 4.39849 4.60424
180146 P 0 1 72.61811 0.27732 14.25455 0.88943 1.48735 0.04727 0.48728 0.94510 4.40642 4.58719
180147 P 0 1 72.46587 0.28391 14.31133 0.89018 1.51244 0.04800 0.51013 0.99233 4.41263 4.57319
180148 P 0 1 72.64751 0.27605 14.24340 0.88928 1.48248 0.04713 0.48293 0.93613 4.40518 4.58990
180149 P 0 1 72.64498 0.27616 14.24437 0.88929 1.48290 0.04714 0.48330 0.93690 4.40529 4.58967
180150 P 0 1 72.65830 0.27558 14.23930 0.88923 1.48070 0.04707 0.48134 0.93285 4.40472 4.59090
180151 P 0 1 72.63634 0.27653 14.24764 0.88934 1.48433 0.04718 0.48458 0.93953 4.40565 4.58887
180152 P 0 1 72.67118 0.27503 14.23439 0.88916 1.47856 0.04701 0.47945 0.92895 4.40418 4.59209
180153 P 0 1 72.60756 0.27778 14.25853 0.88949 1.48909 0.04732 0.48884 0.94833 4.40686 4.58621
180154 P 0 1 72.59083 0.27850 14.26483 0.88957 1.49185 0.04740 0.49133 0.95346 4.40755 4.58467
180155 P 0 1 72.59310 0.27840 14.26398 0.88956 1.49148 0.04739 0.49099 0.95276 4.40746 4.58488
180156 P 0 1 72.59998 0.27810 14.26139 0.88952 1.49034 0.04735 0.48997 0.95065 4.40717 4.58552
180157 P 0 1 72.58363 0.27881 14.26754 0.88961 1.49304 0.04743 0.49240 0.95568 4.40785 4.58401
180158 P 0 1 72.56770 0.27950 14.27352 0.88969 1.49567 0.04751 0.49478 0.96059 4.40851 4.58254
180159 P 0 1 72.54488 0.28049 14.28205 0.88980 1.49943 0.04762 0.49820 0.96765 4.40945 4.58044
180160 P 0 1 72.50755 0.28210 14.29593 0.88998 1.50559 0.04780 0.50382 0.97926 4.41096 4.57701
180161 P 0 1 72.49830 0.28250 14.29936 0.89002 1.50711 0.04784 0.50522 0.98215 4.41133 4.57616
180162 P 0 1 72.47961 0.28331 14.30626 0.89011 1.51018 0.04793 0.50805 0.98801 4.41208 4.57445
180163 P 0 1 72.45044 0.28458 14.31700 0.89025 1.51498 0.04807 0.51248 0.99719 4.41324 4.57177
180164 P 0 1 72.44514 0.28481 14.31894 0.89028 1.51585 0.04809 0.51329 0.99886 4.41345 4.57129
180165 P 0 1 72.37448 0.28787 14.34468 0.89060 1.52744 0.04843 0.52413 1.02132 4.41621 4.56483
180166 P 0 1 72.26706 0.29253 14.38319 0.89107 1.54501 0.04894 0.54084 1.05601 4.42028 4.55506
180167 P 0 1 72.11580 0.29910 14.43616 0.89169 1.56961 0.04965 0.56486 1.10597 4.42576 4.54139
180168 P 0 1 71.93187 0.30710 14.49861 0.89238 1.59931 0.05051 0.59481 1.16848 4.43202 4.52490
180169 P 0 1 71.75373 0.31485 14.55708 0.89297 1.62785 0.05133 0.62459 1.23083 4.43769 4.50907
180170 P 0 1 71.64347 0.31965 14.59230 0.89331 1.64540 0.05183 0.64340 1.27032 4.44100 4.49933
180171 P 0 1 71.65637 0.31908 14.58821 0.89327 1.64335 0.05177 0.64118 1.26566 4.44062 4.50047
180172 P 0 1 71.79076 0.31324 14.54509 0.89286 1.62194 0.05116 0.61834 1.21773 4.43654 4.51235
180173 P 0 1 71.99650 0.30429 14.47690 0.89215 1.58890 0.05021 0.58420 1.14630 4.42987 4.53068
180174 P 0 1 72.20483 0.29524 14.40516 0.89133 1.55515 0.04923 0.55066 1.07641 4.42257 4.54943
180175 P 0 1 72.39227 0.28710 14.33823 0.89052 1.52453 0.04835 0.52139 1.01564 4.41553 4.56646
180176 P 0 1 72.53275 0.28101 14.28657 0.88986 1.50144 0.04768 0.50002 0.97141 4.40994 4.57932
180177 P 0 1 72.64224 0.27628 14.24540 0.88931 1.48335 0.04715 0.48371 0.93773 4.40540 4.58942
180178 P 0 1 72.68929 0.27424 14.22747 0.88906 1.47556 0.04692 0.47679 0.92347 4.40340 4.59377
180179 P 0 1 72.70738 0.27346 14.22054 0.88897 1.47257 0.04684 0.47415 0.91803 4.40263 4.59545
180180 P 0 1 72.68338 0.27450 14.22973 0.88910 1.47654 0.04695 0.47766 0.92526 4.40366 4.59322
180181 P 0 1 72.66867 0.27513 14.23535 0.88917 1.47898 0.04702 0.47982 0.92971 4.40428 4.59186
180182 P 0 1 72.63529 0.27658 14.24804 0.88934 1.48450 0.04718 0.48473 0.93985 4.40570 4.58877
180183 P 0 1 72.57224 0.27930 14.27182 0.88966 1.49492 0.04749 0.49410 0.95919 4.40832 4.58296
180184 P 0 1 72.51590 0.28174 14.29283 0.88994 1.50421 0.04776 0.50256 0.97666 4.41062 4.57778
180185 P 0 1 72.48012 0.28329 14.30608 0.89011 1.51010 0.04793 0.50797 0.98785 4.41206 4.57449
180186 P 0 1 72.45718 0.28429 14.31452 0.89022 1.51387 0.04804 0.51145 0.99506 4.41298 4.57239
180187 P 0 1 72.35946 0.28852 14.35011 0.89067 1.52990 0.04850 0.52645 1.02613 4.41679 4.56346
180188 P 0 1 72.48793 0.28295 14.30319 0.89007 1.50882 0.04789 0.50678 0.98540 4.41175 4.57521
180189 P 0 1 72.53219 0.28104 14.28678 0.88986 1.50153 0.04768 0.50010 0.97159 4.40996 4.57927
180190 P 0 1 72.60222 0.27801 14.26055 0.88951 1.48997 0.04734 0.48964 0.94997 4.40708 4.58572
180191 P 0 1 72.66588 0.27525 14.23641 0.88919 1.47944 0.04704 0.48023 0.93055 4.40440 4.59160
180192 P 0 1 72.73049 0.27246 14.21165 0.88885 1.46873 0.04673 0.47078 0.91109 4.40163 4.59759
180193 P 0 1 72.80382 0.26930 14.18320 0.88845 1.45655 0.04637 0.46019 0.88930 4.39841 4.60442
180194 P 0 1 72.86708 0.26658 14.15836 0.88809 1.44602 0.04606 0.45116 0.87075 4.39557 4.61032
180195 P 0 1 72.80305 0.26933 14.18350 0.88845 1.45668 0.04638 0.46030 0.88953 4.39844 4.60434
180196 P 0 1 72.74375 0.27189 14.20653 0.88877 1.46653 0.04666 0.46885 0.90713 4.40105 4.59882
180197 P 0 1 72.76684 0.27090 14.19759 0.88865 1.46270 0.04655 0.46551 0.90025 4.40004 4.60097
180198 P 0 1 72.85841 0.26695 14.16179 0.88814 1.44746 0.04611 0.45239 0.87328 4.39596 4.60951
180199 P 0 1 72.90603 0.26490 14.14294 0.88787 1.43952 0.04588 0.44565 0.85945 4.39380 4.61397
180200 P 0 1 72.95232 0.26291 14.12448 0.88760 1.43179 0.04565 0.43915 0.84613 4.39166 4.61831
180201 P 0 1 72.99743 0.26097 14.10634 0.88733 1.42425 0.04543 0.43288 0.83327 4.38955 4.62255
180202 P 0 1 73.04155 0.25908 14.08847 0.88706 1.41686 0.04521 0.42678 0.82080 4.38746 4.62672
180203 P 0 1 73.08500 0.25722 14.07074 0.88680 1.40958 0.04500 0.42084 0.80864 4.38537 4.63082
180204 P 0 1 73.07927 0.25746 14.07309 0.88683 1.41054 0.04503 0.42162 0.81024 4.38564 4.63028
180205 P 0 1 73.12256 0.25561 14.05531 0.88656 1.40328 0.04482 0.41573 0.79821 4.38354 4.63438
180206 P 0 1 73.16698 0.25371 14.03693 0.88628 1.39581 0.04460 0.40974 0.78599 4.38135 4.63860
180207 P 0 1 73.21242 0.25177 14.01800 0.88598 1.38817 0.04438 0.40367 0.77361 4.37909 4.64292
180208 P 0 1 73.24802 0.25025 14.00306 0.88575 1.38218 0.04420 0.39895 0.76399 4.37729 4.64631
180209 P 0 1 73.30380 0.24787 13.97948 0.88538 1.37278 0.04393 0.39162 0.74906 4.37444 4.65165
180210 P 0 1 73.45058 0.24164 13.91639 0.88435 1.34799 0.04320 0.37271 0.71066 4.36671 4.66576
180211 P 0 1 73.50108 0.23950 13.89434 0.88399 1.33944 0.04295 0.36634 0.69774 4.36398 4.67064
180212 P 0 1 73.48491 0.24018 13.90142 0.88411 1.34218 0.04303 0.36837 0.70186 4.36486 4.66908
180213 P 0 1 73.54423 0.23767 13.87535 0.88367 1.33213 0.04273 0.36094 0.68682 4.36162 4.67483
180214 P 0 1 73.60541 0.23509 13.84821 0.88322 1.32175 0.04243 0.35338 0.67152 4.35822 4.68077
180215 P 0 1 73.67576 0.23213 13.81667 0.88268 1.30981 0.04208 0.34480 0.65419 4.35424 4.68764
180216 P 0 1 73.73331 0.22972 13.79061 0.88223 1.30003 0.04179 0.33787 0.64024 4.35093 4.69328
180217 P 0 1 73.78082 0.22773 13.76891 0.88185 1.29195 0.04155 0.33222 0.62886 4.34816 4.69794
180218 P 0 1 73.77138 0.22812 13.77324 0.88192 1.29356 0.04160 0.33334 0.63111 4.34871 4.69702
180219 P 0 1 73.73144 0.22979 13.79146 0.88224 1.30035 0.04180 0.33810 0.64069 4.35104 4.69309
180220 P 0 1 73.54875 0.23748 13.87336 0.88364 1.33136 0.04271 0.36038 0.68568 4.36137 4.67527
180221 P 0 1 73.17926 0.25318 14.03183 0.88620 1.39375 0.04454 0.40810 0.78263 4.38074 4.63976
180222 P 0 1 72.67570 0.27483 14.23267 0.88914 1.47782 0.04699 0.47878 0.92758 4.40398 4.59251
180223 P 0 1 72.11925 0.29895 14.43497 0.89168 1.56905 0.04963 0.56431 1.10482 4.42564 4.54170
180224 P 0 1 71.55027 0.32370 14.62149 0.89357 1.66016 0.05226 0.65952 1.30421 4.44368 4.49114
180225 P 0 1 71.07350 0.34440 14.76278 0.89464 1.73460 0.05439 0.74507 1.48502 4.45583 4.44976
180226 P 0 1 70.73747 0.35893 14.85456 0.89514 1.78595 0.05585 0.80840 1.61975 4.46287 4.42109
180227 P 0 1 70.55419 0.36683 14.90201 0.89532 1.81355 0.05664 0.84395 1.69572 4.46620 4.40561
180228 P 0 1 70.46342 0.37073 14.92483 0.89539 1.82711 0.05702 0.86182 1.73397 4.46772 4.39799
180229 P 0 1 70.40801 0.37311 14.93856 0.89542 1.83535 0.05726 0.87282 1.75753 4.46860 4.39335
180230 P 0 1 70.36585 0.37492 14.94889 0.89544 1.84161 0.05744 0.88122 1.77556 4.46926 4.38982
180231 P 0 1 70.34965 0.37561 14.95283 0.89545 1.84401 0.05750 0.88446 1.78251 4.46950 4.38847
180232 P 0 1 70.25485 0.37967 14.97565 0.89549 1.85800 0.05790 0.90352 1.82346 4.47089 4.38057
180233 P 0 1 70.26680 0.37916 14.97280 0.89548 1.85624 0.05785 0.90111 1.81827 4.47072 4.38156
180234 P 0 1 70.30022 0.37773 14.96479 0.89547 1.85131 0.05771 0.89438 1.80381 4.47024 4.38435
180235 P 0 1 70.36550 0.37493 14.94897 0.89544 1.84166 0.05744 0.88129 1.77571 4.46926 4.38979
180236 P 0 1 70.47032 0.37043 14.92311 0.89538 1.82608 0.05700 0.86046 1.73105 4.46760 4.39856
180237 P 0 1 70.43330 0.37202 14.93231 0.89540 1.83159 0.05715 0.86779 1.74676 4.46820 4.39546
