 Vistelius (1995)
SiO2 TiO2 Al2O3 Fe2O3 FeO MnO MgO CaO Na2O K2O P2O5
211738 P 0 1 74.72972 0.14619 13.85201 0.64313 1.53493 0.05086 0.35566 0.94967 3.36371 4.33596 0.03814
211739 P 0 1 74.70942 0.14711 13.86207 0.64523 1.54051 0.05106 0.35891 0.95529 3.36293 4.32946 0.03802
211740 P 0 1 74.68876 0.14805 13.87225 0.64736 1.54618 0.05126 0.36223 0.96102 3.36212 4.32288 0.03789
211741 P 0 1 74.66775 0.14900 13.88255 0.64952 1.55194 0.05147 0.36562 0.96686 3.36131 4.31623 0.03777
211742 P 0 1 74.65343 0.14965 13.88954 0.65099 1.55586 0.05160 0.36794 0.97084 3.36075 4.31171 0.03768
211743 P 0 1 74.63171 0.15064 13.90010 0.65322 1.56181 0.05181 0.37148 0.97689 3.35990 4.30489 0.03755
211744 P 0 1 74.60972 0.15164 13.91073 0.65548 1.56783 0.05203 0.37507 0.98302 3.35905 4.29801 0.03742
211745 P 0 1 74.58747 0.15266 13.92143 0.65776 1.57391 0.05224 0.37873 0.98924 3.35818 4.29109 0.03729
211746 P 0 1 74.56499 0.15369 13.93218 0.66006 1.58005 0.05246 0.38245 0.99553 3.35730 4.28414 0.03716
211747 P 0 1 74.54230 0.15473 13.94297 0.66238 1.58624 0.05268 0.38622 1.00189 3.35641 4.27716 0.03703
211748 P 0 1 74.51943 0.15578 13.95378 0.66471 1.59247 0.05290 0.39004 1.00831 3.35552 4.27015 0.03690
211749 P 0 1 74.49640 0.15684 13.96461 0.66706 1.59874 0.05312 0.39391 1.01479 3.35462 4.26314 0.03677
211750 P 0 1 74.47324 0.15791 13.97544 0.66941 1.60505 0.05335 0.39782 1.02132 3.35371 4.25612 0.03663
211751 P 0 1 74.44997 0.15899 13.98626 0.67178 1.61137 0.05357 0.40177 1.02789 3.35280 4.24911 0.03650
211752 P 0 1 74.42661 0.16007 13.99706 0.67415 1.61772 0.05380 0.40576 1.03449 3.35188 4.24210 0.03637
211753 P 0 1 74.40318 0.16116 14.00783 0.67652 1.62407 0.05402 0.40978 1.04112 3.35096 4.23511 0.03624
211754 P 0 1 74.37970 0.16225 14.01856 0.67890 1.63044 0.05425 0.41382 1.04778 3.35004 4.22815 0.03611
211755 P 0 1 74.35620 0.16335 14.02924 0.68127 1.63680 0.05447 0.41789 1.05446 3.34912 4.22121 0.03599
211756 P 0 1 74.33269 0.16444 14.03986 0.68364 1.64316 0.05470 0.42199 1.06115 3.34819 4.21431 0.03586
211757 P 0 1 74.30919 0.16555 14.05042 0.68601 1.64951 0.05492 0.42610 1.06785 3.34727 4.20744 0.03573
211758 P 0 1 74.28571 0.16665 14.06091 0.68837 1.65585 0.05515 0.43024 1.07455 3.34634 4.20062 0.03561
211759 P 0 1 74.25677 0.16801 14.07376 0.69128 1.66366 0.05543 0.43536 1.08283 3.34520 4.19226 0.03545
211760 P 0 1 74.23344 0.16911 14.08405 0.69362 1.66994 0.05565 0.43951 1.08951 3.34428 4.18555 0.03533
211761 P 0 1 74.21018 0.17021 14.09425 0.69595 1.67620 0.05587 0.44367 1.09619 3.34337 4.17890 0.03521
211762 P 0 1 74.18700 0.17130 14.10437 0.69827 1.68244 0.05609 0.44784 1.10285 3.34245 4.17231 0.03509
211763 P 0 1 74.16549 0.17232 14.11370 0.70041 1.68821 0.05630 0.45172 1.10904 3.34160 4.16622 0.03498
211764 P 0 1 74.14246 0.17342 14.12364 0.70271 1.69440 0.05652 0.45590 1.11568 3.34069 4.15973 0.03486
211765 P 0 1 74.11951 0.17451 14.13349 0.70500 1.70055 0.05674 0.46008 1.12230 3.33978 4.15329 0.03475
211766 P 0 1 74.09667 0.17560 14.14324 0.70727 1.70667 0.05696 0.46426 1.12891 3.33888 4.14692 0.03463
211767 P 0 1 74.07392 0.17668 14.15290 0.70953 1.71276 0.05717 0.46845 1.13549 3.33797 4.14060 0.03452
211768 P 0 1 74.05128 0.17777 14.16246 0.71177 1.71881 0.05739 0.47264 1.14206 3.33708 4.13434 0.03441
211769 P 0 1 74.02873 0.17885 14.17193 0.71401 1.72484 0.05760 0.47683 1.14861 3.33618 4.12813 0.03430
211770 P 0 1 74.00627 0.17993 14.18132 0.71623 1.73083 0.05782 0.48102 1.15514 3.33529 4.12198 0.03419
211771 P 0 1 73.98256 0.18107 14.19117 0.71857 1.73715 0.05804 0.48546 1.16204 3.33435 4.11552 0.03407
211772 P 0 1 73.96028 0.18214 14.20037 0.72077 1.74308 0.05825 0.48966 1.16854 3.33346 4.10947 0.03397
211773 P 0 1 73.93808 0.18321 14.20950 0.72296 1.74899 0.05847 0.49386 1.17502 3.33258 4.10348 0.03386
211774 P 0 1 73.91593 0.18428 14.21855 0.72514 1.75488 0.05868 0.49807 1.18150 3.33170 4.09752 0.03375
211775 P 0 1 73.89383 0.18535 14.22754 0.72731 1.76075 0.05888 0.50229 1.18797 3.33082 4.09161 0.03365
211776 P 0 1 73.87176 0.18642 14.23647 0.72947 1.76661 0.05909 0.50652 1.19444 3.32994 4.08573 0.03355
211777 P 0 1 73.81742 0.18907 14.25826 0.73479 1.78101 0.05961 0.51702 1.21041 3.32777 4.07136 0.03329
211778 P 0 1 73.79589 0.19012 14.26681 0.73690 1.78670 0.05981 0.52121 1.21675 3.32691 4.06571 0.03320
211779 P 0 1 73.77396 0.19119 14.27548 0.73904 1.79250 0.06002 0.52550 1.22322 3.32603 4.05998 0.03310
211780 P 0 1 73.75235 0.19225 14.28398 0.74114 1.79820 0.06022 0.52974 1.22960 3.32517 4.05436 0.03300
211781 P 0 1 73.75125 0.19230 14.28441 0.74125 1.79849 0.06023 0.52995 1.22993 3.32512 4.05407 0.03299
211782 P 0 1 73.72902 0.19339 14.29310 0.74341 1.80436 0.06044 0.53433 1.23650 3.32424 4.04831 0.03289
211783 P 0 1 73.70663 0.19449 14.30182 0.74559 1.81026 0.06065 0.53877 1.24312 3.32334 4.04254 0.03279
211784 P 0 1 73.68416 0.19560 14.31051 0.74777 1.81617 0.06087 0.54323 1.24979 3.32244 4.03677 0.03269
211785 P 0 1 73.65845 0.19686 14.32041 0.75026 1.82294 0.06111 0.54837 1.25742 3.32141 4.03020 0.03258
211786 P 0 1 73.63532 0.19800 14.32926 0.75250 1.82901 0.06132 0.55301 1.26429 3.32048 4.02432 0.03248
211787 P 0 1 73.61181 0.19917 14.33821 0.75477 1.83518 0.06155 0.55775 1.27129 3.31954 4.01836 0.03238
211788 P 0 1 73.58785 0.20035 14.34728 0.75708 1.84147 0.06177 0.56260 1.27843 3.31858 4.01232 0.03227
211789 P 0 1 73.55651 0.20191 14.35906 0.76010 1.84967 0.06206 0.56898 1.28778 3.31732 4.00447 0.03214
211790 P 0 1 73.54162 0.20265 14.36463 0.76153 1.85357 0.06220 0.57202 1.29224 3.31672 4.00075 0.03207
211791 P 0 1 73.51570 0.20394 14.37427 0.76402 1.86035 0.06245 0.57734 1.29999 3.31568 3.99431 0.03196
211792 P 0 1 73.49338 0.20505 14.38253 0.76616 1.86617 0.06266 0.58194 1.30668 3.31478 3.98878 0.03187
211793 P 0 1 73.46555 0.20644 14.39277 0.76883 1.87343 0.06292 0.58770 1.31502 3.31366 3.98192 0.03175
211794 P 0 1 73.43663 0.20789 14.40334 0.77159 1.88097 0.06319 0.59371 1.32371 3.31250 3.97484 0.03163
211795 P 0 1 73.40646 0.20940 14.41429 0.77447 1.88882 0.06347 0.60002 1.33279 3.31128 3.96748 0.03151
211796 P 0 1 73.37487 0.21099 14.42567 0.77748 1.89703 0.06376 0.60667 1.34231 3.31000 3.95983 0.03138
211797 P 0 1 73.34165 0.21266 14.43755 0.78064 1.90565 0.06407 0.61369 1.35234 3.30866 3.95183 0.03125
211798 P 0 1 73.30660 0.21443 14.44999 0.78397 1.91473 0.06440 0.62115 1.36294 3.30725 3.94344 0.03111
211799 P 0 1 73.26949 0.21630 14.46304 0.78748 1.92434 0.06474 0.62910 1.37418 3.30575 3.93461 0.03096
211800 P 0 1 73.23004 0.21830 14.47680 0.79121 1.93452 0.06511 0.63761 1.38616 3.30415 3.92529 0.03081
211801 P 0 1 73.18798 0.22044 14.49132 0.79518 1.94537 0.06550 0.64674 1.39895 3.30245 3.91543 0.03064
211802 P 0 1 73.14303 0.22273 14.50669 0.79940 1.95694 0.06592 0.65658 1.41265 3.30063 3.90497 0.03047
211803 P 0 1 73.09487 0.22519 14.52298 0.80392 1.96931 0.06636 0.66720 1.42736 3.29867 3.89386 0.03029
211804 P 0 1 73.04918 0.22753 14.53826 0.80819 1.98102 0.06678 0.67735 1.44135 3.29682 3.88341 0.03012
211805 P 0 1 72.99346 0.23040 14.55668 0.81338 1.99527 0.06730 0.68984 1.45845 3.29455 3.87077 0.02991
211806 P 0 1 72.93366 0.23348 14.57618 0.81894 2.01052 0.06785 0.70338 1.47685 3.29212 3.85734 0.02969
211807 P 0 1 72.86960 0.23680 14.59677 0.82487 2.02682 0.06843 0.71802 1.49661 3.28951 3.84310 0.02946
211808 P 0 1 72.80114 0.24036 14.61844 0.83118 2.04418 0.06906 0.73384 1.51780 3.28672 3.82806 0.02922
211809 P 0 1 72.72832 0.24416 14.64112 0.83786 2.06260 0.06972 0.75086 1.54040 3.28374 3.81225 0.02897
211810 P 0 1 72.65130 0.24819 14.66468 0.84490 2.08201 0.07043 0.76908 1.56439 3.28059 3.79573 0.02871
211811 P 0 1 72.57050 0.25245 14.68895 0.85225 2.10230 0.07116 0.78842 1.58963 3.27728 3.77862 0.02844
211812 P 0 1 72.48661 0.25688 14.71367 0.85984 2.12329 0.07192 0.80875 1.61592 3.27384 3.76110 0.02817
211813 P 0 1 72.40120 0.26141 14.73835 0.86754 2.14459 0.07269 0.82973 1.64278 3.27033 3.74349 0.02789
211814 P 0 1 72.31450 0.26604 14.76290 0.87530 2.16611 0.07347 0.85129 1.67014 3.26677 3.72586 0.02762
211815 P 0 1 72.22889 0.27062 14.78665 0.88294 2.18729 0.07424 0.87285 1.69724 3.26324 3.70869 0.02736
211816 P 0 1 72.14700 0.27502 14.80894 0.89020 2.20747 0.07497 0.89372 1.72324 3.25986 3.69247 0.02711
211817 P 0 1 72.07246 0.27904 14.82885 0.89678 2.22578 0.07564 0.91293 1.74697 3.25678 3.67788 0.02689
211818 P 0 1 72.00487 0.28270 14.84661 0.90272 2.24232 0.07624 0.93053 1.76854 3.25399 3.66479 0.02669
211819 P 0 1 71.94945 0.28571 14.86095 0.90758 2.25585 0.07673 0.94508 1.78627 3.25169 3.65415 0.02653
211820 P 0 1 71.90954 0.28788 14.87117 0.91106 2.26557 0.07708 0.95562 1.79905 3.25004 3.64655 0.02642
211821 P 0 1 71.88629 0.28915 14.87708 0.91309 2.27123 0.07729 0.96179 1.80651 3.24908 3.64214 0.02635
211822 P 0 1 71.88644 0.28914 14.87704 0.91308 2.27119 0.07729 0.96176 1.80646 3.24908 3.64217 0.02635
211823 P 0 1 71.90941 0.28789 14.87121 0.91108 2.26560 0.07709 0.95566 1.79910 3.25004 3.64652 0.02642
211824 P 0 1 71.95498 0.28541 14.85953 0.90709 2.25450 0.07668 0.94362 1.78450 3.25192 3.65521 0.02655
211825 P 0 1 72.02044 0.28186 14.84254 0.90136 2.23852 0.07610 0.92646 1.76357 3.25463 3.66779 0.02674
211826 P 0 1 72.10555 0.27726 14.82005 0.89386 2.21766 0.07534 0.90438 1.73643 3.25815 3.68433 0.02699
211827 P 0 1 72.20242 0.27204 14.79390 0.88529 2.19382 0.07448 0.87957 1.70563 3.26215 3.70342 0.02728
211828 P 0 1 72.30346 0.26663 14.76599 0.87629 2.16885 0.07357 0.85405 1.67363 3.26631 3.72363 0.02759
211829 P 0 1 72.40001 0.26148 14.73869 0.86764 2.14488 0.07270 0.83002 1.64316 3.27028 3.74325 0.02789
211830 P 0 1 72.48356 0.25704 14.71456 0.86012 2.12406 0.07195 0.80950 1.61688 3.27372 3.76046 0.02816
211831 P 0 1 72.54724 0.25367 14.69586 0.85436 2.10813 0.07137 0.79403 1.59691 3.27633 3.77374 0.02836
211832 P 0 1 72.58732 0.25156 14.68394 0.85072 2.09808 0.07101 0.78437 1.58437 3.27797 3.78216 0.02849
211833 P 0 1 72.60368 0.25070 14.67904 0.84924 2.09398 0.07086 0.78045 1.57925 3.27864 3.78562 0.02855
211834 P 0 1 72.59915 0.25094 14.68040 0.84965 2.09512 0.07090 0.78153 1.58067 3.27846 3.78466 0.02853
211835 P 0 1 72.57804 0.25205 14.68671 0.85157 2.10041 0.07109 0.78660 1.58727 3.27759 3.78021 0.02846
211836 P 0 1 72.54483 0.25380 14.69657 0.85458 2.10873 0.07139 0.79461 1.59766 3.27623 3.77323 0.02835
211837 P 0 1 72.50326 0.25600 14.70881 0.85834 2.11913 0.07177 0.80470 1.61070 3.27452 3.76455 0.02822
211838 P 0 1 72.45605 0.25850 14.72256 0.86260 2.13092 0.07220 0.81623 1.62552 3.27259 3.75477 0.02807
211839 P 0 1 72.40499 0.26121 14.73726 0.86720 2.14364 0.07266 0.82879 1.64159 3.27049 3.74427 0.02790
211840 P 0 1 72.35107 0.26408 14.75260 0.87203 2.15704 0.07314 0.84216 1.65859 3.26827 3.73327 0.02773
211841 P 0 1 72.29494 0.26708 14.76837 0.87705 2.17096 0.07365 0.85619 1.67632 3.26596 3.72192 0.02756
211842 P 0 1 72.23639 0.27022 14.78459 0.88227 2.18544 0.07417 0.87095 1.69486 3.26355 3.71018 0.02738
211843 P 0 1 72.17544 0.27349 14.80125 0.88768 2.20047 0.07472 0.88644 1.71420 3.26103 3.69808 0.02719
211844 P 0 1 72.11225 0.27690 14.81826 0.89327 2.21601 0.07528 0.90265 1.73429 3.25843 3.68564 0.02701
211845 P 0 1 72.04667 0.28044 14.83566 0.89905 2.23210 0.07587 0.91963 1.75520 3.25572 3.67287 0.02681
211846 P 0 1 71.97876 0.28412 14.85339 0.90501 2.24870 0.07647 0.93737 1.77689 3.25291 3.65977 0.02662
211847 P 0 1 71.90870 0.28793 14.87138 0.91114 2.26577 0.07709 0.95585 1.79932 3.25001 3.64639 0.02642
211848 P 0 1 71.83682 0.29185 14.88954 0.91739 2.28324 0.07773 0.97499 1.82239 3.24703 3.63281 0.02622
211849 P 0 1 71.76405 0.29583 14.90761 0.92370 2.30086 0.07837 0.99456 1.84580 3.24401 3.61920 0.02601
211850 P 0 1 71.69010 0.29989 14.92566 0.93009 2.31870 0.07902 1.01464 1.86964 3.24094 3.60551 0.02581
211851 P 0 1 71.61603 0.30397 14.94342 0.93645 2.33652 0.07967 1.03495 1.89358 3.23786 3.59195 0.02561
211852 P 0 1 71.54260 0.30803 14.96071 0.94273 2.35412 0.08031 1.05527 1.91736 3.23480 3.57864 0.02542
211853 P 0 1 71.47057 0.31202 14.97739 0.94887 2.37133 0.08094 1.07540 1.94074 3.23180 3.56572 0.02523
211854 P 0 1 71.40075 0.31589 14.99328 0.95479 2.38795 0.08155 1.09508 1.96345 3.22889 3.55332 0.02506
211855 P 0 1 71.33392 0.31962 15.00824 0.96043 2.40382 0.08213 1.11409 1.98522 3.22610 3.54155 0.02489
211856 P 0 1 71.27079 0.32314 15.02215 0.96575 2.41876 0.08268 1.13218 2.00583 3.22346 3.53054 0.02473
211857 P 0 1 71.21202 0.32643 15.03491 0.97067 2.43263 0.08318 1.14915 2.02504 3.22101 3.52037 0.02459
211858 P 0 1 71.15818 0.32945 15.04644 0.97517 2.44530 0.08365 1.16481 2.04267 3.21875 3.51112 0.02446
211859 P 0 1 71.10972 0.33217 15.05669 0.97921 2.45668 0.08406 1.17898 2.05856 3.21673 3.50285 0.02434
211860 P 0 1 71.06699 0.33458 15.06563 0.98276 2.46669 0.08443 1.19155 2.07259 3.21494 3.49561 0.02424
211861 P 0 1 71.03019 0.33665 15.07325 0.98581 2.47530 0.08475 1.20243 2.08468 3.21339 3.48940 0.02415
211862 P 0 1 71.00028 0.33834 15.07940 0.98829 2.48228 0.08500 1.21130 2.09452 3.21214 3.48437 0.02408
211863 P 0 1 70.97567 0.33973 15.08442 0.99032 2.48802 0.08521 1.21863 2.10262 3.21111 3.48025 0.02402
211864 P 0 1 70.95588 0.34085 15.08844 0.99195 2.49263 0.08538 1.22454 2.10913 3.21028 3.47695 0.02398
211865 P 0 1 70.94287 0.34158 15.09106 0.99302 2.49566 0.08549 1.22842 2.11342 3.20973 3.47478 0.02395
211866 P 0 1 70.93537 0.34201 15.09258 0.99364 2.49741 0.08556 1.23067 2.11589 3.20942 3.47354 0.02393
211867 P 0 1 70.93306 0.34214 15.09304 0.99383 2.49794 0.08558 1.23136 2.11665 3.20932 3.47315 0.02392
211868 P 0 1 70.93559 0.34199 15.09253 0.99362 2.49736 0.08556 1.23060 2.11582 3.20943 3.47357 0.02393
211869 P 0 1 70.94256 0.34160 15.09113 0.99305 2.49573 0.08550 1.22852 2.11352 3.20972 3.47473 0.02395
211870 P 0 1 70.95359 0.34098 15.08890 0.99214 2.49317 0.08540 1.22522 2.10989 3.21018 3.47657 0.02397
211871 P 0 1 70.96826 0.34015 15.08592 0.99093 2.48975 0.08528 1.22084 2.10506 3.21080 3.47902 0.02401
211872 P 0 1 70.98619 0.33913 15.08228 0.98945 2.48557 0.08512 1.21550 2.09916 3.21155 3.48201 0.02405
211873 P 0 1 71.00023 0.33834 15.07941 0.98829 2.48230 0.08500 1.21132 2.09454 3.21214 3.48436 0.02408
211874 P 0 1 71.02307 0.33705 15.07472 0.98640 2.47696 0.08481 1.20454 2.08702 3.21310 3.48820 0.02413
211875 P 0 1 71.04804 0.33564 15.06956 0.98433 2.47112 0.08459 1.19715 2.07881 3.21414 3.49241 0.02419
211876 P 0 1 71.06721 0.33456 15.06558 0.98274 2.46664 0.08443 1.19149 2.07252 3.21495 3.49564 0.02424
211877 P 0 1 71.09505 0.33300 15.05977 0.98043 2.46012 0.08419 1.18329 2.06338 3.21611 3.50036 0.02430
211878 P 0 1 71.13130 0.33096 15.05214 0.97741 2.45161 0.08388 1.17266 2.05149 3.21763 3.50653 0.02439
211879 P 0 1 71.16171 0.32925 15.04569 0.97488 2.44447 0.08362 1.16378 2.04152 3.21890 3.51172 0.02446
211880 P 0 1 71.19286 0.32750 15.03903 0.97228 2.43714 0.08335 1.15471 2.03132 3.22020 3.51707 0.02454
211881 P 0 1 71.22455 0.32573 15.03220 0.96962 2.42967 0.08307 1.14552 2.02094 3.22153 3.52253 0.02462
211882 P 0 1 71.25662 0.32393 15.02524 0.96694 2.42211 0.08280 1.13626 2.01046 3.22287 3.52808 0.02470
211883 P 0 1 71.28889 0.32213 15.01818 0.96423 2.41448 0.08252 1.12698 1.99992 3.22422 3.53369 0.02477
211884 P 0 1 71.32123 0.32032 15.01105 0.96150 2.40682 0.08224 1.11771 1.98936 3.22557 3.53933 0.02486
211885 P 0 1 71.35352 0.31852 15.00388 0.95878 2.39917 0.08196 1.10850 1.97883 3.22692 3.54499 0.02494
211886 P 0 1 71.38565 0.31673 14.99668 0.95607 2.39154 0.08168 1.09936 1.96836 3.22826 3.55065 0.02502
211887 P 0 1 71.41754 0.31496 14.98948 0.95337 2.38396 0.08140 1.09033 1.95798 3.22959 3.55629 0.02510
211888 P 0 1 71.44910 0.31321 14.98230 0.95069 2.37645 0.08113 1.08143 1.94772 3.23090 3.56189 0.02518
211889 P 0 1 71.48028 0.31148 14.97516 0.94804 2.36901 0.08086 1.07267 1.93758 3.23220 3.56745 0.02526
211890 P 0 1 71.46355 0.31240 14.97900 0.94946 2.37300 0.08100 1.07737 1.94302 3.23151 3.56447 0.02522
211891 P 0 1 71.49217 0.31082 14.97242 0.94703 2.36617 0.08075 1.06935 1.93372 3.23270 3.56958 0.02529
211892 P 0 1 71.52026 0.30926 14.96592 0.94464 2.35946 0.08051 1.06150 1.92461 3.23387 3.57462 0.02536
211893 P 0 1 71.54779 0.30774 14.95950 0.94229 2.35288 0.08027 1.05383 1.91568 3.23502 3.57958 0.02543
211894 P 0 1 71.55552 0.30731 14.95769 0.94163 2.35103 0.08020 1.05168 1.91317 3.23534 3.58097 0.02545
211895 P 0 1 71.58130 0.30589 14.95164 0.93942 2.34485 0.07997 1.04454 1.90482 3.23641 3.58564 0.02552
211896 P 0 1 71.60647 0.30450 14.94568 0.93727 2.33881 0.07975 1.03758 1.89667 3.23746 3.59021 0.02559
211897 P 0 1 71.63104 0.30314 14.93984 0.93516 2.33291 0.07954 1.03081 1.88872 3.23848 3.59469 0.02565
211898 P 0 1 71.65500 0.30182 14.93411 0.93310 2.32715 0.07933 1.02424 1.88098 3.23948 3.59907 0.02572
211899 P 0 1 71.67835 0.30054 14.92850 0.93110 2.32153 0.07912 1.01785 1.87344 3.24045 3.60335 0.02578
211900 P 0 1 71.70109 0.29929 14.92299 0.92914 2.31606 0.07892 1.01164 1.86609 3.24139 3.60754 0.02584
211901 P 0 1 71.72324 0.29807 14.91761 0.92723 2.31072 0.07873 1.00562 1.85895 3.24231 3.61163 0.02590
211902 P 0 1 71.74479 0.29689 14.91234 0.92537 2.30551 0.07854 0.99977 1.85201 3.24321 3.61562 0.02596
211903 P 0 1 71.76575 0.29574 14.90719 0.92356 2.30045 0.07835 0.99410 1.84525 3.24408 3.61951 0.02602
211904 P 0 1 71.78615 0.29462 14.90216 0.92179 2.29551 0.07818 0.98860 1.83869 3.24492 3.62331 0.02607
211905 P 0 1 71.80598 0.29354 14.89724 0.92007 2.29071 0.07800 0.98326 1.83231 3.24575 3.62702 0.02613
211906 P 0 1 71.82526 0.29248 14.89243 0.91840 2.28604 0.07783 0.97808 1.82611 3.24655 3.63063 0.02618
211907 P 0 1 71.84401 0.29146 14.88774 0.91677 2.28149 0.07766 0.97307 1.82008 3.24732 3.63416 0.02624
211908 P 0 1 71.86223 0.29046 14.88316 0.91519 2.27707 0.07750 0.96820 1.81423 3.24808 3.63759 0.02629
211909 P 0 1 71.87995 0.28950 14.87869 0.91364 2.27277 0.07735 0.96348 1.80854 3.24881 3.64094 0.02634
211910 P 0 1 71.89717 0.28856 14.87432 0.91214 2.26858 0.07719 0.95891 1.80302 3.24953 3.64420 0.02638
211911 P 0 1 71.91391 0.28765 14.87006 0.91068 2.26451 0.07705 0.95447 1.79765 3.25022 3.64738 0.02643
211912 P 0 1 71.93018 0.28676 14.86590 0.90926 2.26054 0.07690 0.95016 1.79244 3.25090 3.65048 0.02648
212174 P 0 1 74.96981 0.13548 13.72912 0.61816 1.46863 0.04853 0.31846 0.88389 3.37299 4.41524 0.03969
212175 P 0 1 74.95654 0.13607 13.73611 0.61955 1.47231 0.04866 0.32046 0.88749 3.37248 4.41073 0.03960
212176 P 0 1 74.94282 0.13668 13.74331 0.62099 1.47611 0.04879 0.32253 0.89122 3.37195 4.40609 0.03951
212177 P 0 1 74.92863 0.13730 13.75073 0.62247 1.48005 0.04893 0.32469 0.89508 3.37141 4.40130 0.03941
212178 P 0 1 74.91397 0.13795 13.75837 0.62400 1.48411 0.04907 0.32692 0.89908 3.37084 4.39638 0.03932
212179 P 0 1 74.89884 0.13862 13.76622 0.62558 1.48829 0.04922 0.32923 0.90320 3.37026 4.39131 0.03922
212180 P 0 1 74.88325 0.13932 13.77429 0.62721 1.49261 0.04937 0.33162 0.90746 3.36966 4.38611 0.03912
212181 P 0 1 74.86719 0.14003 13.78256 0.62888 1.49705 0.04953 0.33409 0.91185 3.36904 4.38078 0.03901
212182 P 0 1 74.85067 0.14077 13.79103 0.63060 1.50161 0.04969 0.33665 0.91637 3.36840 4.37532 0.03890
212183 P 0 1 74.83370 0.14152 13.79970 0.63236 1.50629 0.04985 0.33928 0.92103 3.36774 4.36972 0.03880
212184 P 0 1 74.81628 0.14230 13.80855 0.63417 1.51110 0.05002 0.34199 0.92581 3.36707 4.36401 0.03869
212185 P 0 1 74.79843 0.14310 13.81760 0.63602 1.51602 0.05020 0.34479 0.93072 3.36638 4.35817 0.03857
212186 P 0 1 74.78014 0.14392 13.82681 0.63792 1.52106 0.05037 0.34767 0.93575 3.36567 4.35222 0.03846
212187 P 0 1 74.76917 0.14442 13.83232 0.63906 1.52408 0.05048 0.34940 0.93878 3.36524 4.34867 0.03839
212188 P 0 1 74.74998 0.14528 13.84193 0.64104 1.52936 0.05067 0.35244 0.94407 3.36450 4.34247 0.03827
212189 P 0 1 74.73040 0.14616 13.85167 0.64306 1.53474 0.05086 0.35555 0.94949 3.36374 4.33617 0.03815
212190 P 0 1 74.71045 0.14706 13.86156 0.64512 1.54022 0.05105 0.35874 0.95501 3.36297 4.32979 0.03803
212191 P 0 1 74.69015 0.14798 13.87156 0.64721 1.54579 0.05125 0.36200 0.96063 3.36218 4.32333 0.03790
212192 P 0 1 74.66952 0.14892 13.88168 0.64934 1.55145 0.05145 0.36533 0.96636 3.36137 4.31679 0.03778
212193 P 0 1 74.64858 0.14987 13.89190 0.65149 1.55719 0.05165 0.36873 0.97219 3.36056 4.31018 0.03765
212194 P 0 1 74.62735 0.15084 13.90221 0.65367 1.56300 0.05186 0.37219 0.97810 3.35973 4.30352 0.03753
212195 P 0 1 74.60585 0.15182 13.91260 0.65588 1.56889 0.05207 0.37571 0.98410 3.35889 4.29680 0.03740
212196 P 0 1 74.57751 0.15311 13.92620 0.65878 1.57663 0.05234 0.38038 0.99203 3.35779 4.28801 0.03723
212197 P 0 1 74.55560 0.15412 13.93665 0.66102 1.58261 0.05255 0.38401 0.99816 3.35693 4.28124 0.03710
212198 P 0 1 74.53349 0.15513 13.94714 0.66328 1.58864 0.05276 0.38769 1.00436 3.35607 4.27445 0.03698
212199 P 0 1 74.51120 0.15616 13.95766 0.66555 1.59472 0.05298 0.39142 1.01063 3.35520 4.26764 0.03685
212200 P 0 1 74.48875 0.15719 13.96819 0.66784 1.60083 0.05320 0.39520 1.01695 3.35432 4.26082 0.03672
212201 P 0 1 74.46616 0.15824 13.97873 0.67013 1.60697 0.05341 0.39902 1.02331 3.35343 4.25398 0.03659
212202 P 0 1 74.44347 0.15929 13.98927 0.67244 1.61314 0.05363 0.40288 1.02972 3.35255 4.24715 0.03647
212203 P 0 1 74.42067 0.16034 13.99979 0.67475 1.61933 0.05385 0.40677 1.03617 3.35165 4.24033 0.03634
212204 P 0 1 74.39781 0.16141 14.01029 0.67707 1.62553 0.05407 0.41070 1.04265 3.35075 4.23352 0.03621
212205 P 0 1 74.37489 0.16247 14.02075 0.67938 1.63174 0.05429 0.41465 1.04915 3.34985 4.22673 0.03609
212206 P 0 1 74.35195 0.16354 14.03116 0.68170 1.63795 0.05451 0.41863 1.05567 3.34895 4.21996 0.03596
212207 P 0 1 74.32898 0.16462 14.04153 0.68402 1.64416 0.05473 0.42264 1.06221 3.34805 4.21322 0.03584
212208 P 0 1 74.30602 0.16569 14.05184 0.68633 1.65037 0.05495 0.42666 1.06875 3.34714 4.20652 0.03572
212209 P 0 1 74.28307 0.16677 14.06209 0.68864 1.65656 0.05517 0.43070 1.07531 3.34624 4.19985 0.03559
212210 P 0 1 74.26187 0.16777 14.07150 0.69077 1.66228 0.05538 0.43445 1.08137 3.34540 4.19373 0.03548
212211 P 0 1 74.23897 0.16885 14.08162 0.69306 1.66845 0.05560 0.43852 1.08793 3.34450 4.18714 0.03536
212212 P 0 1 74.21613 0.16993 14.09165 0.69535 1.67460 0.05582 0.44260 1.09448 3.34360 4.18060 0.03524
212213 P 0 1 74.19335 0.17100 14.10160 0.69763 1.68073 0.05603 0.44669 1.10103 3.34270 4.17411 0.03512
212214 P 0 1 74.17064 0.17208 14.11147 0.69990 1.68683 0.05625 0.45079 1.10756 3.34180 4.16767 0.03501
212215 P 0 1 74.14800 0.17315 14.12125 0.70216 1.69291 0.05647 0.45489 1.11408 3.34091 4.16129 0.03489
212216 P 0 1 74.12545 0.17423 14.13095 0.70441 1.69896 0.05668 0.45900 1.12059 3.34002 4.15495 0.03478
212217 P 0 1 74.10299 0.17530 14.14055 0.70664 1.70498 0.05690 0.46311 1.12708 3.33913 4.14868 0.03467
212218 P 0 1 74.07342 0.17671 14.15311 0.70958 1.71289 0.05718 0.46854 1.13564 3.33795 4.14046 0.03452
212219 P 0 1 74.05688 0.17750 14.16010 0.71122 1.71731 0.05734 0.47160 1.14043 3.33730 4.13588 0.03444
212220 P 0 1 74.03470 0.17856 14.16943 0.71342 1.72324 0.05755 0.47572 1.14687 3.33642 4.12977 0.03433
212221 P 0 1 74.01259 0.17962 14.17868 0.71560 1.72914 0.05776 0.47984 1.15330 3.33554 4.12371 0.03422
212222 P 0 1 73.99056 0.18068 14.18785 0.71778 1.73502 0.05797 0.48396 1.15971 3.33466 4.11770 0.03411
212223 P 0 1 73.96861 0.18174 14.19694 0.71995 1.74087 0.05818 0.48809 1.16611 3.33379 4.11173 0.03401
212224 P 0 1 73.94671 0.18279 14.20596 0.72211 1.74670 0.05838 0.49223 1.17250 3.33292 4.10581 0.03390
212225 P 0 1 73.92486 0.18385 14.21491 0.72426 1.75251 0.05859 0.49637 1.17889 3.33205 4.09992 0.03380
212226 P 0 1 73.86825 0.18659 14.23789 0.72982 1.76754 0.05913 0.50720 1.19547 3.32980 4.08479 0.03353
212227 P 0 1 73.84701 0.18763 14.24643 0.73190 1.77317 0.05933 0.51129 1.20171 3.32895 4.07916 0.03343
212228 P 0 1 73.82578 0.18866 14.25492 0.73398 1.77879 0.05953 0.51540 1.20795 3.32810 4.07356 0.03333
212229 P 0 1 73.80460 0.18969 14.26336 0.73605 1.78440 0.05973 0.51951 1.21419 3.32726 4.06799 0.03324
212230 P 0 1 73.80545 0.18965 14.26302 0.73596 1.78417 0.05972 0.51935 1.21393 3.32729 4.06822 0.03324
212231 P 0 1 73.78371 0.19071 14.27163 0.73809 1.78992 0.05993 0.52359 1.22034 3.32642 4.06252 0.03314
212232 P 0 1 73.76186 0.19178 14.28024 0.74021 1.79569 0.06013 0.52787 1.22679 3.32555 4.05683 0.03304
212233 P 0 1 73.73988 0.19286 14.28886 0.74235 1.80149 0.06034 0.53219 1.23329 3.32467 4.05112 0.03294
212234 P 0 1 73.71466 0.19410 14.29870 0.74481 1.80814 0.06058 0.53718 1.24075 3.32366 4.04461 0.03283
212235 P 0 1 73.69235 0.19519 14.30735 0.74697 1.81402 0.06079 0.54160 1.24736 3.32277 4.03887 0.03273
212236 P 0 1 73.66978 0.19630 14.31606 0.74916 1.81996 0.06100 0.54610 1.25405 3.32186 4.03309 0.03263
212237 P 0 1 73.63930 0.19781 14.32774 0.75211 1.82797 0.06129 0.55221 1.26311 3.32064 4.02533 0.03250
212238 P 0 1 73.61620 0.19895 14.33654 0.75434 1.83403 0.06150 0.55686 1.26998 3.31971 4.01947 0.03239
212239 P 0 1 73.60358 0.19957 14.34133 0.75556 1.83734 0.06162 0.55941 1.27374 3.31921 4.01629 0.03234
212240 P 0 1 73.57925 0.20078 14.35052 0.75791 1.84372 0.06185 0.56435 1.28100 3.31823 4.01016 0.03224
212241 P 0 1 73.55432 0.20202 14.35988 0.76031 1.85025 0.06209 0.56942 1.28844 3.31723 4.00392 0.03213
212242 P 0 1 73.52869 0.20329 14.36945 0.76277 1.85695 0.06233 0.57467 1.29610 3.31620 3.99753 0.03202
212243 P 0 1 73.50226 0.20461 14.37925 0.76531 1.86386 0.06257 0.58010 1.30402 3.31514 3.99098 0.03191
212244 P 0 1 73.47491 0.20597 14.38934 0.76793 1.87099 0.06283 0.58576 1.31222 3.31404 3.98423 0.03179
212245 P 0 1 73.44651 0.20739 14.39974 0.77065 1.87840 0.06309 0.59165 1.32074 3.31289 3.97725 0.03168
212246 P 0 1 73.41692 0.20887 14.41050 0.77348 1.88610 0.06337 0.59783 1.32964 3.31170 3.97003 0.03155
212247 P 0 1 73.38598 0.21043 14.42168 0.77642 1.89414 0.06366 0.60433 1.33896 3.31045 3.96252 0.03143
212248 P 0 1 73.35353 0.21206 14.43332 0.77951 1.90257 0.06396 0.61118 1.34875 3.30914 3.95468 0.03130
212249 P 0 1 73.31937 0.21378 14.44547 0.78276 1.91143 0.06428 0.61843 1.35908 3.30776 3.94648 0.03116
212250 P 0 1 73.28329 0.21560 14.45820 0.78618 1.92077 0.06462 0.62614 1.37000 3.30631 3.93789 0.03101
212251 P 0 1 73.25596 0.21699 14.46777 0.78876 1.92783 0.06487 0.63201 1.37828 3.30520 3.93141 0.03091
212252 P 0 1 73.21503 0.21907 14.48200 0.79263 1.93840 0.06525 0.64086 1.39072 3.30354 3.92176 0.03075
212253 P 0 1 73.17151 0.22128 14.49697 0.79673 1.94961 0.06565 0.65034 1.40397 3.30178 3.91159 0.03058
212254 P 0 1 73.12517 0.22364 14.51275 0.80108 1.96153 0.06608 0.66051 1.41810 3.29990 3.90084 0.03040
212255 P 0 1 73.07578 0.22617 14.52938 0.80570 1.97420 0.06654 0.67143 1.43320 3.29790 3.88948 0.03022
212256 P 0 1 73.02316 0.22887 14.54689 0.81062 1.98768 0.06702 0.68317 1.44933 3.29576 3.87749 0.03002
212257 P 0 1 72.96714 0.23176 14.56529 0.81583 2.00199 0.06754 0.69578 1.46654 3.29348 3.86484 0.02981
212258 P 0 1 72.90763 0.23483 14.58458 0.82135 2.01715 0.06808 0.70931 1.48487 3.29106 3.85153 0.02960
212259 P 0 1 72.84464 0.23810 14.60471 0.82717 2.03316 0.06866 0.72377 1.50433 3.28849 3.83760 0.02937
212260 P 0 1 72.77901 0.24151 14.62537 0.83321 2.04978 0.06926 0.73899 1.52466 3.28581 3.82323 0.02914
212261 P 0 1 72.70957 0.24514 14.64689 0.83958 2.06733 0.06990 0.75527 1.54623 3.28298 3.80821 0.02891
212262 P 0 1 72.63756 0.24892 14.66884 0.84615 2.08547 0.07055 0.77235 1.56867 3.28003 3.79280 0.02866
212263 P 0 1 72.56369 0.25281 14.69098 0.85287 2.10401 0.07122 0.79006 1.59176 3.27700 3.77719 0.02842
212264 P 0 1 72.49146 0.25662 14.71226 0.85941 2.12208 0.07188 0.80757 1.61440 3.27404 3.76210 0.02818
212265 P 0 1 72.41760 0.26054 14.73365 0.86606 2.14050 0.07254 0.82568 1.63762 3.27101 3.74685 0.02794
212266 P 0 1 72.34527 0.26439 14.75424 0.87255 2.15848 0.07319 0.84360 1.66042 3.26803 3.73209 0.02772
212267 P 0 1 72.27696 0.26804 14.77337 0.87866 2.17541 0.07381 0.86071 1.68201 3.26522 3.71830 0.02750
212268 P 0 1 72.21202 0.27153 14.79128 0.88444 2.19146 0.07439 0.87713 1.70259 3.26254 3.70533 0.02731
212269 P 0 1 72.15879 0.27439 14.80576 0.88916 2.20457 0.07487 0.89070 1.71949 3.26035 3.69479 0.02714
212270 P 0 1 72.11678 0.27665 14.81705 0.89287 2.21490 0.07524 0.90149 1.73285 3.25861 3.68653 0.02702
212271 P 0 1 72.08849 0.27818 14.82459 0.89537 2.22185 0.07549 0.90878 1.74186 3.25744 3.68100 0.02694
212272 P 0 1 72.07560 0.27888 14.82802 0.89651 2.22501 0.07561 0.91212 1.74597 3.25691 3.67849 0.02690
212273 P 0 1 72.08089 0.27859 14.82661 0.89604 2.22371 0.07556 0.91075 1.74428 3.25713 3.67952 0.02691
212274 P 0 1 72.10457 0.27731 14.82031 0.89395 2.21790 0.07535 0.90463 1.73674 3.25811 3.68414 0.02698
212275 P 0 1 72.14400 0.27518 14.80974 0.89047 2.20821 0.07500 0.89449 1.72419 3.25974 3.69188 0.02710
212276 P 0 1 72.20218 0.27205 14.79397 0.88531 2.19388 0.07448 0.87963 1.70571 3.26214 3.70337 0.02728
212277 P 0 1 72.27333 0.26824 14.77438 0.87898 2.17631 0.07384 0.86162 1.68316 3.26507 3.71757 0.02749
212278 P 0 1 72.35276 0.26399 14.75213 0.87188 2.15662 0.07313 0.84174 1.65806 3.26834 3.73361 0.02774
212279 P 0 1 72.43465 0.25964 14.72874 0.86453 2.13626 0.07239 0.82148 1.63225 3.27171 3.75036 0.02800
212280 P 0 1 72.51264 0.25550 14.70606 0.85749 2.11679 0.07168 0.80242 1.60776 3.27491 3.76651 0.02825
212281 P 0 1 72.58065 0.25191 14.68593 0.85133 2.09976 0.07107 0.78597 1.58645 3.27770 3.78076 0.02847
212282 P 0 1 72.63383 0.24911 14.66997 0.84649 2.08640 0.07059 0.77324 1.56984 3.27988 3.79201 0.02865
212283 P 0 1 72.66929 0.24725 14.65921 0.84326 2.07748 0.07026 0.76480 1.55878 3.28133 3.79957 0.02877
212284 P 0 1 72.68641 0.24635 14.65399 0.84170 2.07317 0.07011 0.76074 1.55344 3.28203 3.80323 0.02883
212285 P 0 1 72.68650 0.24635 14.65396 0.84169 2.07315 0.07011 0.76072 1.55342 3.28203 3.80325 0.02883
212286 P 0 1 72.67203 0.24711 14.65838 0.84301 2.07679 0.07024 0.76415 1.55792 3.28144 3.80015 0.02878
212287 P 0 1 72.64588 0.24848 14.66632 0.84540 2.08337 0.07048 0.77036 1.56607 3.28037 3.79457 0.02869
212288 P 0 1 72.61073 0.25033 14.67692 0.84860 2.09221 0.07079 0.77876 1.57705 3.27893 3.78711 0.02857
212289 P 0 1 72.56872 0.25254 14.68948 0.85241 2.10275 0.07118 0.78885 1.59018 3.27721 3.77825 0.02843
212290 P 0 1 72.52161 0.25503 14.70342 0.85668 2.11454 0.07160 0.80024 1.60494 3.27528 3.76838 0.02828
212291 P 0 1 72.46985 0.25777 14.71855 0.86136 2.12748 0.07207 0.81285 1.62119 3.27315 3.75762 0.02811
212292 P 0 1 72.41451 0.26071 14.73454 0.86634 2.14127 0.07257 0.82644 1.63859 3.27088 3.74622 0.02793
212293 P 0 1 72.35576 0.26383 14.75128 0.87161 2.15588 0.07310 0.84099 1.65711 3.26846 3.73422 0.02775
212294 P 0 1 72.29376 0.26714 14.76870 0.87716 2.17125 0.07366 0.85649 1.67670 3.26591 3.72168 0.02756
212295 P 0 1 72.22858 0.27064 14.78674 0.88296 2.18737 0.07424 0.87293 1.69733 3.26323 3.70863 0.02736
212296 P 0 1 72.16035 0.27430 14.80533 0.88902 2.20419 0.07485 0.89030 1.71899 3.26041 3.69510 0.02715
212297 P 0 1 72.08924 0.27814 14.82440 0.89530 2.22166 0.07549 0.90859 1.74162 3.25748 3.68115 0.02694
212298 P 0 1 72.01588 0.28211 14.84373 0.90176 2.23963 0.07614 0.92765 1.76502 3.25444 3.66691 0.02672
212299 P 0 1 71.94008 0.28622 14.86336 0.90840 2.25813 0.07681 0.94755 1.78927 3.25131 3.65236 0.02651
212300 P 0 1 71.86266 0.29044 14.88305 0.91515 2.27697 0.07750 0.96809 1.81409 3.24810 3.63767 0.02629
212301 P 0 1 71.78430 0.29472 14.90262 0.92195 2.29596 0.07819 0.98909 1.83928 3.24485 3.62297 0.02607
212302 P 0 1 71.70573 0.29903 14.92187 0.92874 2.31494 0.07888 1.01038 1.86460 3.24159 3.60839 0.02586
212303 P 0 1 71.62780 0.30332 14.94061 0.93544 2.33369 0.07957 1.03171 1.88977 3.23835 3.59410 0.02565
212304 P 0 1 71.55137 0.30754 14.95866 0.94198 2.35202 0.08024 1.05284 1.91452 3.23517 3.58022 0.02544
212305 P 0 1 71.47729 0.31164 14.97584 0.94829 2.36972 0.08088 1.07351 1.93855 3.23208 3.56692 0.02525
212306 P 0 1 71.40641 0.31558 14.99200 0.95431 2.38661 0.08150 1.09348 1.96160 3.22912 3.55432 0.02507
212307 P 0 1 71.33950 0.31930 15.00700 0.95996 2.40249 0.08208 1.11249 1.98340 3.22633 3.54253 0.02490
212308 P 0 1 71.27725 0.32278 15.02074 0.96520 2.41723 0.08262 1.13032 2.00372 3.22373 3.53166 0.02475
212309 P 0 1 71.22076 0.32594 15.03302 0.96994 2.43057 0.08311 1.14662 2.02219 3.22137 3.52188 0.02461
212310 P 0 1 71.16951 0.32881 15.04403 0.97423 2.44263 0.08355 1.16150 2.03896 3.21923 3.51306 0.02448
212311 P 0 1 71.12430 0.33135 15.05362 0.97800 2.45326 0.08394 1.17471 2.05378 3.21734 3.50534 0.02437
212312 P 0 1 71.08451 0.33359 15.06198 0.98131 2.46259 0.08428 1.18639 2.06684 3.21567 3.49857 0.02428
212313 P 0 1 71.05178 0.33543 15.06879 0.98402 2.47025 0.08456 1.19604 2.07759 3.21430 3.49304 0.02420
212314 P 0 1 71.02534 0.33692 15.07425 0.98621 2.47643 0.08479 1.20387 2.08628 3.21319 3.48858 0.02414
212315 P 0 1 71.00506 0.33807 15.07842 0.98789 2.48117 0.08496 1.20988 2.09294 3.21234 3.48518 0.02409
212316 P 0 1 70.99074 0.33888 15.08135 0.98907 2.48451 0.08508 1.21414 2.09766 3.21174 3.48277 0.02406
212317 P 0 1 70.98207 0.33937 15.08312 0.98979 2.48653 0.08516 1.21672 2.10051 3.21138 3.48132 0.02404
212318 P 0 1 70.97872 0.33955 15.08380 0.99007 2.48731 0.08519 1.21772 2.10161 3.21124 3.48076 0.02403
212319 P 0 1 70.98032 0.33946 15.08347 0.98993 2.48694 0.08517 1.21724 2.10109 3.21130 3.48103 0.02403
212320 P 0 1 70.98646 0.33912 15.08222 0.98943 2.48551 0.08512 1.21541 2.09907 3.21156 3.48206 0.02405
212321 P 0 1 70.99672 0.33854 15.08013 0.98858 2.48311 0.08503 1.21236 2.09569 3.21199 3.48378 0.02407
212322 P 0 1 71.00477 0.33808 15.07848 0.98791 2.48124 0.08496 1.20997 2.09304 3.21233 3.48513 0.02409
212323 P 0 1 71.02161 0.33713 15.07502 0.98652 2.47730 0.08482 1.20497 2.08750 3.21303 3.48795 0.02413
212324 P 0 1 71.04134 0.33602 15.07095 0.98489 2.47269 0.08465 1.19913 2.08102 3.21386 3.49127 0.02418
212325 P 0 1 71.06356 0.33477 15.06634 0.98304 2.46749 0.08446 1.19256 2.07372 3.21479 3.49503 0.02423
212326 P 0 1 71.08794 0.33340 15.06126 0.98102 2.46179 0.08425 1.18538 2.06571 3.21581 3.49915 0.02429
212327 P 0 1 71.10653 0.33235 15.05736 0.97948 2.45743 0.08409 1.17992 2.05961 3.21659 3.50231 0.02433
212328 P 0 1 71.14060 0.33044 15.05017 0.97664 2.44943 0.08380 1.16994 2.04844 3.21802 3.50812 0.02441
212329 P 0 1 71.16946 0.32882 15.04404 0.97423 2.44265 0.08355 1.16152 2.03898 3.21923 3.51305 0.02448
212330 P 0 1 71.19929 0.32714 15.03765 0.97174 2.43563 0.08329 1.15285 2.02921 3.22047 3.51818 0.02455
212331 P 0 1 71.22987 0.32543 15.03105 0.96918 2.42842 0.08303 1.14399 2.01921 3.22175 3.52345 0.02463
212332 P 0 1 71.26099 0.32369 15.02429 0.96657 2.42107 0.08276 1.13500 2.00903 3.22305 3.52884 0.02471
212333 P 0 1 71.29248 0.32193 15.01739 0.96392 2.41363 0.08249 1.12595 1.99875 3.22437 3.53431 0.02478
212334 P 0 1 71.32417 0.32016 15.01040 0.96126 2.40613 0.08221 1.11687 1.98840 3.22569 3.53985 0.02486
212335 P 0 1 71.35593 0.31839 15.00334 0.95858 2.39860 0.08194 1.10781 1.97805 3.22702 3.54541 0.02494
212336 P 0 1 71.38764 0.31662 14.99623 0.95590 2.39107 0.08166 1.09880 1.96772 3.22834 3.55100 0.02502
212337 P 0 1 71.40799 0.31549 14.99164 0.95418 2.38623 0.08149 1.09303 1.96109 3.22919 3.55460 0.02507
212338 P 0 1 71.43886 0.31378 14.98464 0.95156 2.37889 0.08122 1.08432 1.95105 3.23048 3.56007 0.02515
212339 P 0 1 71.46941 0.31208 14.97766 0.94897 2.37161 0.08095 1.07573 1.94112 3.23175 3.56551 0.02523
212340 P 0 1 71.45005 0.31315 14.98208 0.95061 2.37622 0.08112 1.08117 1.94741 3.23094 3.56206 0.02518
212341 P 0 1 71.47800 0.31160 14.97568 0.94823 2.36956 0.08088 1.07331 1.93833 3.23211 3.56705 0.02525
212342 P 0 1 71.50545 0.31008 14.96935 0.94590 2.36300 0.08064 1.06563 1.92941 3.23325 3.57196 0.02532
212343 P 0 1 71.53238 0.30859 14.96310 0.94360 2.35656 0.08040 1.05812 1.92067 3.23438 3.57680 0.02539
212344 P 0 1 71.55876 0.30713 14.95693 0.94135 2.35025 0.08017 1.05078 1.91212 3.23547 3.58156 0.02546
212345 P 0 1 71.58457 0.30571 14.95086 0.93914 2.34407 0.07995 1.04363 1.90376 3.23655 3.58623 0.02553
212346 P 0 1 71.60979 0.30431 14.94490 0.93698 2.33802 0.07972 1.03667 1.89560 3.23760 3.59081 0.02560
212347 P 0 1 71.63442 0.30296 14.93904 0.93487 2.33210 0.07951 1.02989 1.88763 3.23862 3.59530 0.02566
212348 P 0 1 71.65845 0.30163 14.93328 0.93281 2.32632 0.07930 1.02329 1.87987 3.23962 3.59970 0.02573
212349 P 0 1 71.68187 0.30034 14.92765 0.93079 2.32069 0.07909 1.01688 1.87230 3.24059 3.60400 0.02579
212350 P 0 1 71.70469 0.29909 14.92212 0.92883 2.31519 0.07889 1.01066 1.86493 3.24154 3.60820 0.02585
212351 P 0 1 71.72692 0.29787 14.91671 0.92691 2.30983 0.07870 1.00462 1.85776 3.24247 3.61231 0.02591
212352 P 0 1 71.74855 0.29668 14.91142 0.92504 2.30460 0.07851 0.99875 1.85079 3.24336 3.61632 0.02597
212353 P 0 1 71.76961 0.29553 14.90624 0.92322 2.29951 0.07832 0.99306 1.84401 3.24424 3.62023 0.02603
212354 P 0 1 71.79008 0.29441 14.90118 0.92145 2.29456 0.07814 0.98753 1.83742 3.24509 3.62405 0.02609
212355 P 0 1 71.81000 0.29332 14.89624 0.91972 2.28974 0.07796 0.98218 1.83101 3.24591 3.62777 0.02614
212356 P 0 1 71.82936 0.29226 14.89141 0.91804 2.28505 0.07779 0.97699 1.82479 3.24672 3.63140 0.02619
212357 P 0 1 71.84818 0.29123 14.88669 0.91641 2.28048 0.07763 0.97195 1.81874 3.24750 3.63494 0.02625
212358 P 0 1 71.86648 0.29023 14.88209 0.91482 2.27604 0.07747 0.96707 1.81286 3.24826 3.63839 0.02630
212359 P 0 1 71.88427 0.28926 14.87759 0.91327 2.27172 0.07731 0.96233 1.80716 3.24899 3.64176 0.02635
212360 P 0 1 71.90155 0.28832 14.87320 0.91176 2.26751 0.07716 0.95774 1.80161 3.24971 3.64503 0.02640
212361 P 0 1 71.91836 0.28740 14.86892 0.91030 2.26342 0.07701 0.95329 1.79623 3.25041 3.64822 0.02644
212362 P 0 1 71.93469 0.28652 14.86474 0.90887 2.25945 0.07686 0.94897 1.79099 3.25108 3.65134 0.02649
212363 P 0 1 71.95057 0.28565 14.86067 0.90748 2.25558 0.07672 0.94478 1.78591 3.25174 3.65437 0.02654
212364 P 0 1 71.96600 0.28481 14.85669 0.90613 2.25181 0.07658 0.94072 1.78097 3.25238 3.65732 0.02658
212627 P 0 1 74.92342 0.13753 13.75345 0.62301 1.48149 0.04898 0.32548 0.89650 3.37121 4.39955 0.03938
212628 P 0 1 74.90953 0.13815 13.76068 0.62446 1.48534 0.04911 0.32759 0.90029 3.37067 4.39489 0.03929
212629 P 0 1 74.89519 0.13879 13.76812 0.62596 1.48930 0.04925 0.32979 0.90420 3.37012 4.39009 0.03919
212630 P 0 1 74.88039 0.13944 13.77576 0.62750 1.49340 0.04940 0.33206 0.90824 3.36955 4.38516 0.03910
212631 P 0 1 74.86515 0.14012 13.78361 0.62909 1.49761 0.04955 0.33441 0.91241 3.36896 4.38010 0.03900
212632 P 0 1 74.85805 0.14044 13.78725 0.62983 1.49957 0.04962 0.33550 0.91435 3.36868 4.37775 0.03895
212633 P 0 1 74.84181 0.14116 13.79556 0.63152 1.50406 0.04977 0.33802 0.91880 3.36806 4.37239 0.03885
212634 P 0 1 74.82513 0.14191 13.80406 0.63325 1.50866 0.04994 0.34061 0.92338 3.36741 4.36691 0.03874
212635 P 0 1 74.80803 0.14267 13.81274 0.63503 1.51337 0.05010 0.34329 0.92808 3.36675 4.36131 0.03863
212636 P 0 1 74.79051 0.14346 13.82159 0.63685 1.51820 0.05027 0.34603 0.93290 3.36607 4.35559 0.03852
212637 P 0 1 74.77257 0.14426 13.83062 0.63870 1.52314 0.05045 0.34886 0.93784 3.36538 4.34977 0.03841
212638 P 0 1 74.75424 0.14509 13.83980 0.64060 1.52819 0.05063 0.35176 0.94290 3.36467 4.34384 0.03830
212639 P 0 1 74.73552 0.14593 13.84913 0.64254 1.53334 0.05081 0.35474 0.94807 3.36394 4.33782 0.03818
212640 P 0 1 74.71643 0.14679 13.85860 0.64451 1.53858 0.05099 0.35778 0.95335 3.36320 4.33170 0.03806
212641 P 0 1 74.69698 0.14767 13.86820 0.64651 1.54392 0.05118 0.36090 0.95874 3.36244 4.32550 0.03794
212642 P 0 1 74.67720 0.14857 13.87793 0.64855 1.54935 0.05137 0.36409 0.96423 3.36167 4.31922 0.03782
212643 P 0 1 74.65709 0.14948 13.88776 0.65062 1.55486 0.05157 0.36735 0.96982 3.36089 4.31286 0.03770
