 Vistelius (1995)
SiO2 TiO2 Al2O3 Fe2O3 FeO MnO MgO CaO Na2O K2O
211738 P 0 1 74.43775 0.16164 14.01449 0.71402 1.61523 0.05624 0.42572 1.04523 3.32845 4.20123
211739 P 0 1 74.43649 0.16169 14.01502 0.71379 1.61567 0.05625 0.42582 1.04552 3.32846 4.20129
211740 P 0 1 73.84298 0.19148 14.25939 0.84153 1.74512 0.06106 0.55452 1.22508 3.31329 3.96556
211741 P 0 1 73.84131 0.19155 14.26005 0.84132 1.74567 0.06106 0.55472 1.22553 3.31329 3.96550
211742 P 0 1 73.83958 0.19163 14.26074 0.84110 1.74624 0.06108 0.55494 1.22598 3.31329 3.96544
211743 P 0 1 72.92117 0.23653 14.58704 0.86021 2.00130 0.06708 0.72166 1.49384 3.30012 3.81106
211744 P 0 1 72.91827 0.23667 14.58802 0.85994 2.00224 0.06710 0.72210 1.49467 3.30009 3.81088
211745 P 0 1 72.79479 0.24291 14.62823 0.85835 2.03826 0.06787 0.74472 1.53163 3.29834 3.79492
211746 P 0 1 72.79153 0.24307 14.62931 0.85806 2.03931 0.06789 0.74522 1.53258 3.29831 3.79472
211747 P 0 1 72.78814 0.24323 14.63043 0.85776 2.04041 0.06791 0.74575 1.53357 3.29829 3.79451
211748 P 0 1 72.78464 0.24341 14.63159 0.85746 2.04155 0.06793 0.74629 1.53460 3.29825 3.79429
211749 P 0 1 72.87616 0.23838 14.60428 0.83857 2.02341 0.06725 0.72173 1.50490 3.30113 3.82420
211750 P 0 1 72.87256 0.23855 14.60549 0.83823 2.02459 0.06727 0.72227 1.50594 3.30111 3.82400
211751 P 0 1 72.86886 0.23873 14.60673 0.83789 2.02580 0.06729 0.72282 1.50701 3.30108 3.82379
211752 P 0 1 72.53112 0.25640 14.71139 0.85299 2.11621 0.06948 0.79332 1.61134 3.29454 3.76320
211753 P 0 1 72.52683 0.25661 14.71275 0.85264 2.11761 0.06950 0.79401 1.61262 3.29450 3.76293
211754 P 0 1 72.52245 0.25683 14.71413 0.85227 2.11903 0.06953 0.79472 1.61393 3.29446 3.76266
211755 P 0 1 72.51798 0.25706 14.71554 0.85190 2.12049 0.06955 0.79544 1.61526 3.29441 3.76238
211756 P 0 1 72.51341 0.25729 14.71698 0.85152 2.12197 0.06958 0.79617 1.61662 3.29436 3.76209
211757 P 0 1 72.50876 0.25752 14.71845 0.85113 2.12348 0.06960 0.79692 1.61801 3.29432 3.76180
211758 P 0 1 72.50403 0.25776 14.71994 0.85073 2.12502 0.06963 0.79769 1.61942 3.29427 3.76150
211759 P 0 1 72.30926 0.26863 14.77290 0.88570 2.16453 0.07101 0.85120 1.68327 3.28822 3.70527
211760 P 0 1 72.30418 0.26890 14.77444 0.88529 2.16617 0.07104 0.85206 1.68481 3.28816 3.70494
211761 P 0 1 72.29902 0.26916 14.77601 0.88487 2.16783 0.07107 0.85294 1.68638 3.28811 3.70461
211762 P 0 1 72.29378 0.26943 14.77760 0.88444 2.16952 0.07110 0.85383 1.68797 3.28805 3.70427
211763 P 0 1 72.28847 0.26971 14.77921 0.88400 2.17124 0.07113 0.85473 1.68959 3.28799 3.70393
211764 P 0 1 72.28308 0.26999 14.78085 0.88355 2.17298 0.07116 0.85564 1.69123 3.28793 3.70359
211765 P 0 1 71.35157 0.32092 15.02986 0.87790 2.44069 0.07669 1.05340 1.98886 3.27041 3.58970
211766 P 0 1 71.11640 0.33440 15.08430 0.88555 2.50307 0.07809 1.11122 2.06710 3.26481 3.55506
211767 P 0 1 71.11222 0.33464 15.08534 0.88516 2.50447 0.07811 1.11198 2.06846 3.26475 3.55488
211768 P 0 1 71.10801 0.33487 15.08640 0.88475 2.50589 0.07813 1.11274 2.06982 3.26469 3.55470
211769 P 0 1 70.86160 0.34750 15.15739 0.80354 2.62443 0.07908 1.12374 2.14335 3.26587 3.59350
211770 P 0 1 70.85729 0.34774 15.15842 0.80317 2.62591 0.07910 1.12450 2.14475 3.26581 3.59331
211771 P 0 1 71.25606 0.32611 15.05515 0.86562 2.47464 0.07718 1.06869 2.01910 3.26937 3.58808
211772 P 0 1 71.25175 0.32635 15.05626 0.86516 2.47612 0.07720 1.06943 2.02048 3.26932 3.58792
211773 P 0 1 71.24740 0.32659 15.05739 0.86469 2.47762 0.07722 1.07017 2.02187 3.26926 3.58778
211774 P 0 1 71.24303 0.32683 15.05852 0.86421 2.47914 0.07725 1.07091 2.02326 3.26921 3.58765
211775 P 0 1 71.23863 0.32707 15.05966 0.86371 2.48067 0.07727 1.07165 2.02466 3.26916 3.58753
211776 P 0 1 71.14572 0.33062 15.09527 0.78375 2.55395 0.07732 1.04778 2.04567 3.27377 3.64615
211777 P 0 1 71.14147 0.33085 15.09633 0.78342 2.55539 0.07735 1.04853 2.04703 3.27370 3.64593
211778 P 0 1 71.13720 0.33109 15.09739 0.78309 2.55683 0.07737 1.04928 2.04840 3.27364 3.64572
211779 P 0 1 71.13291 0.33132 15.09846 0.78274 2.55830 0.07739 1.05002 2.04977 3.27358 3.64551
211780 P 0 1 71.02892 0.33748 15.12168 0.78970 2.58439 0.07804 1.07736 2.08540 3.27074 3.62630
211781 P 0 1 71.02468 0.33771 15.12272 0.78931 2.58586 0.07806 1.07809 2.08676 3.27068 3.62614
211782 P 0 1 70.92080 0.34339 15.14847 0.77718 2.62366 0.07857 1.09406 2.11974 3.26943 3.62469
211783 P 0 1 70.91687 0.34361 15.14942 0.77686 2.62501 0.07859 1.09474 2.12101 3.26937 3.62451
211784 P 0 1 70.91291 0.34384 15.15037 0.77653 2.62638 0.07861 1.09543 2.12229 3.26932 3.62434
211785 P 0 1 70.90892 0.34406 15.15133 0.77618 2.62776 0.07863 1.09612 2.12358 3.26926 3.62417
211786 P 0 1 70.90489 0.34428 15.15229 0.77584 2.62915 0.07865 1.09681 2.12488 3.26920 3.62401
211787 P 0 1 70.90081 0.34451 15.15327 0.77548 2.63057 0.07867 1.09751 2.12620 3.26914 3.62385
211788 P 0 1 70.89668 0.34474 15.15427 0.77511 2.63201 0.07869 1.09821 2.12753 3.26908 3.62369
211789 P 0 1 71.18166 0.32711 15.09373 0.73422 2.57365 0.07676 1.00976 2.02556 3.27886 3.69870
211790 P 0 1 71.17679 0.32738 15.09492 0.73402 2.57521 0.07679 1.01068 2.02714 3.27877 3.69829
211791 P 0 1 71.17182 0.32765 15.09614 0.73383 2.57681 0.07682 1.01163 2.02875 3.27868 3.69786
211792 P 0 1 71.16673 0.32794 15.09739 0.73363 2.57844 0.07685 1.01260 2.03041 3.27859 3.69742
211793 P 0 1 71.16151 0.32823 15.09867 0.73344 2.58012 0.07687 1.01360 2.03210 3.27850 3.69696
211794 P 0 1 71.15613 0.32853 15.09998 0.73325 2.58183 0.07690 1.01464 2.03385 3.27840 3.69648
211795 P 0 1 71.05413 0.33417 15.12502 0.72684 2.61619 0.07744 1.03260 2.06660 3.27678 3.69022
211796 P 0 1 71.20386 0.32664 15.08490 0.76001 2.55126 0.07683 1.02083 2.02270 3.27705 3.67594
211797 P 0 1 71.19757 0.32698 15.08647 0.75961 2.55335 0.07686 1.02196 2.02471 3.27695 3.67553
211798 P 0 1 71.19105 0.32734 15.08809 0.75922 2.55550 0.07689 1.02314 2.02681 3.27685 3.67509
211799 P 0 1 71.18427 0.32772 15.08977 0.75884 2.55773 0.07693 1.02438 2.02899 3.27674 3.67462
211800 P 0 1 71.17721 0.32811 15.09151 0.75847 2.56004 0.07697 1.02569 2.03127 3.27662 3.67410
211801 P 0 1 71.23489 0.32519 15.07579 0.77140 2.53527 0.07673 1.02089 2.01426 3.27672 3.66886
211802 P 0 1 71.27289 0.32348 15.06412 0.78800 2.51430 0.07662 1.02229 2.00421 3.27611 3.65799
211803 P 0 1 71.35914 0.31882 15.04168 0.79684 2.48402 0.07617 1.00848 1.97708 3.27716 3.66060
211804 P 0 1 71.34867 0.31939 15.04440 0.79590 2.48761 0.07623 1.01023 1.98039 3.27702 3.66015
211805 P 0 1 71.33776 0.31998 15.04722 0.79499 2.49131 0.07629 1.01210 1.98385 3.27687 3.65963
211806 P 0 1 71.50938 0.31028 15.00464 0.79316 2.44234 0.07527 0.97401 1.92742 3.28055 3.68295
211807 P 0 1 71.51801 0.30960 15.00355 0.78547 2.44416 0.07517 0.96794 1.92349 3.28137 3.69124
211808 P 0 1 71.50460 0.31033 15.00706 0.78473 2.44850 0.07524 0.97039 1.92775 3.28117 3.69023
211809 P 0 1 71.20492 0.32699 15.08251 0.77476 2.54204 0.07692 1.02943 2.02469 3.27580 3.66194
211810 P 0 1 71.19391 0.32761 15.08520 0.77446 2.54545 0.07698 1.03166 2.02829 3.27559 3.66085
211811 P 0 1 71.18242 0.32826 15.08798 0.77422 2.54896 0.07705 1.03403 2.03206 3.27537 3.65965
211812 P 0 1 71.14815 0.33056 15.09420 0.78694 2.55132 0.07733 1.04913 2.04533 3.27355 3.64349
211813 P 0 1 71.13582 0.33126 15.09716 0.78664 2.55510 0.07740 1.05169 2.04937 3.27331 3.64225
211814 P 0 1 71.12319 0.33198 15.10018 0.78641 2.55892 0.07747 1.05435 2.05354 3.27306 3.64091
211815 P 0 1 71.11034 0.33271 15.10324 0.78624 2.56277 0.07754 1.05710 2.05778 3.27280 3.63948
211816 P 0 1 71.09742 0.33345 15.10629 0.78613 2.56660 0.07762 1.05992 2.06206 3.27253 3.63799
211817 P 0 1 71.08455 0.33418 15.10931 0.78608 2.57038 0.07769 1.06275 2.06634 3.27225 3.63645
211818 P 0 1 71.07192 0.33491 15.11226 0.78609 2.57406 0.07777 1.06558 2.07055 3.27198 3.63489
211819 P 0 1 71.05969 0.33561 15.11510 0.78616 2.57758 0.07784 1.06835 2.07463 3.27171 3.63332
211820 P 0 1 70.97879 0.34058 15.13180 0.79826 2.59373 0.07838 1.09380 2.10334 3.26891 3.61240
211821 P 0 1 70.96836 0.34118 15.13419 0.79826 2.59675 0.07844 1.09617 2.10683 3.26868 3.61113
211822 P 0 1 70.93763 0.34306 15.14049 0.80232 2.60317 0.07864 1.10560 2.11767 3.26766 3.60376
211823 P 0 1 70.92948 0.34353 15.14233 0.80236 2.60551 0.07869 1.10748 2.12040 3.26748 3.60274
211824 P 0 1 70.92254 0.34394 15.14389 0.80245 2.60747 0.07873 1.10911 2.12274 3.26732 3.60182
211825 P 0 1 70.91684 0.34427 15.14515 0.80258 2.60903 0.07876 1.11050 2.12467 3.26718 3.60101
211826 P 0 1 70.91235 0.34454 15.14613 0.80277 2.61022 0.07879 1.11164 2.12620 3.26707 3.60030
211827 P 0 1 70.90892 0.34474 15.14687 0.80302 2.61106 0.07881 1.11257 2.12738 3.26697 3.59967
211828 P 0 1 70.90632 0.34490 15.14740 0.80331 2.61163 0.07882 1.11334 2.12829 3.26689 3.59909
211829 P 0 1 70.90429 0.34502 15.14780 0.80367 2.61199 0.07884 1.11402 2.12902 3.26681 3.59852
211830 P 0 1 70.90253 0.34514 15.14812 0.80410 2.61224 0.07885 1.11468 2.12967 3.26674 3.59793
211831 P 0 1 70.90077 0.34525 15.14843 0.80458 2.61245 0.07886 1.11538 2.13033 3.26666 3.59729
211832 P 0 1 70.89886 0.34537 15.14877 0.80512 2.61267 0.07888 1.11614 2.13104 3.26657 3.59658
211833 P 0 1 70.89678 0.34551 15.14913 0.80571 2.61291 0.07889 1.11697 2.13181 3.26647 3.59580
211834 P 0 1 70.89460 0.34565 15.14952 0.80632 2.61317 0.07891 1.11784 2.13262 3.26637 3.59500
211835 P 0 1 70.89247 0.34579 15.14989 0.80694 2.61340 0.07893 1.11870 2.13342 3.26627 3.59419
211836 P 0 1 70.89054 0.34591 15.15022 0.80754 2.61359 0.07894 1.11951 2.13415 3.26618 3.59343
211837 P 0 1 70.88895 0.34602 15.15048 0.80811 2.61370 0.07895 1.12021 2.13475 3.26610 3.59273
211838 P 0 1 70.88782 0.34610 15.15064 0.80863 2.61370 0.07896 1.12079 2.13520 3.26603 3.59213
211839 P 0 1 70.88723 0.34614 15.15069 0.80910 2.61358 0.07897 1.12121 2.13546 3.26597 3.59164
211840 P 0 1 70.88721 0.34615 15.15062 0.80951 2.61334 0.07897 1.12146 2.13552 3.26594 3.59128
211841 P 0 1 70.88782 0.34613 15.15042 0.80986 2.61295 0.07897 1.12153 2.13536 3.26592 3.59104
211842 P 0 1 70.88907 0.34606 15.15009 0.81015 2.61241 0.07897 1.12141 2.13498 3.26593 3.59094
211843 P 0 1 70.89096 0.34596 15.14963 0.81038 2.61172 0.07896 1.12112 2.13437 3.26595 3.59096
211844 P 0 1 70.89350 0.34581 15.14903 0.81056 2.61087 0.07894 1.12064 2.13354 3.26599 3.59111
211845 P 0 1 70.89669 0.34563 15.14829 0.81070 2.60987 0.07892 1.11999 2.13249 3.26605 3.59137
211846 P 0 1 70.90052 0.34541 15.14741 0.81080 2.60870 0.07890 1.11917 2.13121 3.26613 3.59174
211847 P 0 1 70.90497 0.34515 15.14639 0.81087 2.60737 0.07888 1.11819 2.12973 3.26622 3.59221
211848 P 0 1 70.91002 0.34486 15.14525 0.81093 2.60588 0.07885 1.11706 2.12804 3.26633 3.59277
211849 P 0 1 70.91565 0.34454 15.14397 0.81097 2.60423 0.07882 1.11580 2.12616 3.26645 3.59341
211850 P 0 1 70.92183 0.34418 15.14257 0.81102 2.60241 0.07878 1.11441 2.12410 3.26658 3.59412
211851 P 0 1 70.92853 0.34379 15.14105 0.81106 2.60045 0.07875 1.11290 2.12186 3.26673 3.59488
211852 P 0 1 70.93570 0.34338 15.13942 0.81112 2.59834 0.07871 1.11129 2.11946 3.26688 3.59570
211853 P 0 1 70.94332 0.34294 15.13768 0.81120 2.59610 0.07866 1.10959 2.11692 3.26704 3.59655
211854 P 0 1 70.95134 0.34248 15.13584 0.81129 2.59373 0.07862 1.10782 2.11424 3.26721 3.59744
211855 P 0 1 70.95972 0.34200 15.13392 0.81140 2.59124 0.07857 1.10597 2.11145 3.26739 3.59835
211856 P 0 1 70.96841 0.34150 15.13191 0.81154 2.58864 0.07852 1.10407 2.10856 3.26757 3.59927
211857 P 0 1 70.97738 0.34098 15.12984 0.81171 2.58595 0.07847 1.10212 2.10558 3.26775 3.60021
211858 P 0 1 71.06005 0.33591 15.11298 0.79879 2.56982 0.07792 1.07579 2.07629 3.27064 3.62182
211859 P 0 1 71.06981 0.33535 15.11070 0.79885 2.56695 0.07786 1.07363 2.07305 3.27085 3.62296
211860 P 0 1 71.07972 0.33478 15.10837 0.79893 2.56403 0.07780 1.07145 2.06976 3.27106 3.62410
211861 P 0 1 71.08975 0.33421 15.10602 0.79903 2.56106 0.07775 1.06926 2.06643 3.27127 3.62524
211862 P 0 1 71.09985 0.33363 15.10363 0.79915 2.55805 0.07769 1.06706 2.06309 3.27148 3.62637
211863 P 0 1 71.18272 0.32821 15.08810 0.77297 2.54962 0.07704 1.03322 2.03177 3.27548 3.66087
211864 P 0 1 71.19297 0.32762 15.08567 0.77281 2.54672 0.07698 1.03088 2.02835 3.27571 3.66230
211865 P 0 1 71.20319 0.32703 15.08324 0.77266 2.54381 0.07692 1.02856 2.02494 3.27594 3.66371
211866 P 0 1 71.21335 0.32645 15.08082 0.77253 2.54091 0.07686 1.02626 2.02156 3.27617 3.66510
211867 P 0 1 71.22341 0.32588 15.07841 0.77241 2.53803 0.07680 1.02399 2.01821 3.27639 3.66647
211868 P 0 1 71.23336 0.32531 15.07602 0.77230 2.53518 0.07674 1.02176 2.01490 3.27661 3.66781
211869 P 0 1 71.24317 0.32475 15.07367 0.77221 2.53236 0.07668 1.01956 2.01165 3.27683 3.66913
211870 P 0 1 71.25281 0.32420 15.07135 0.77212 2.52958 0.07663 1.01742 2.00845 3.27704 3.67041
211871 P 0 1 71.26226 0.32366 15.06906 0.77205 2.52685 0.07657 1.01532 2.00532 3.27724 3.67166
211872 P 0 1 71.27150 0.32313 15.06682 0.77200 2.52418 0.07652 1.01328 2.00226 3.27744 3.67287
211873 P 0 1 71.28053 0.32262 15.06463 0.77195 2.52156 0.07646 1.01129 1.99928 3.27764 3.67405
211874 P 0 1 71.28932 0.32212 15.06249 0.77192 2.51900 0.07641 1.00936 1.99637 3.27782 3.67518
211875 P 0 1 71.29787 0.32163 15.06041 0.77189 2.51650 0.07636 1.00750 1.99355 3.27801 3.67628
211876 P 0 1 71.30616 0.32116 15.05838 0.77188 2.51408 0.07631 1.00570 1.99082 3.27818 3.67733
211877 P 0 1 71.31420 0.32070 15.05641 0.77188 2.51172 0.07627 1.00396 1.98817 3.27835 3.67835
211878 P 0 1 71.32198 0.32026 15.05450 0.77188 2.50943 0.07622 1.00228 1.98561 3.27851 3.67932
211879 P 0 1 71.32949 0.31984 15.05265 0.77190 2.50722 0.07618 1.00067 1.98314 3.27866 3.68025
211880 P 0 1 71.33673 0.31943 15.05086 0.77192 2.50508 0.07614 0.99912 1.98077 3.27881 3.68114
211881 P 0 1 71.34370 0.31904 15.04914 0.77196 2.50302 0.07610 0.99763 1.97848 3.27896 3.68198
211882 P 0 1 71.35041 0.31866 15.04748 0.77199 2.50103 0.07606 0.99621 1.97628 3.27909 3.68279
211883 P 0 1 71.35685 0.31830 15.04588 0.77204 2.49911 0.07602 0.99485 1.97417 3.27922 3.68356
211884 P 0 1 71.36303 0.31795 15.04434 0.77209 2.49727 0.07599 0.99355 1.97215 3.27934 3.68429
211885 P 0 1 71.36896 0.31762 15.04287 0.77215 2.49549 0.07595 0.99231 1.97021 3.27946 3.68499
211886 P 0 1 71.37463 0.31730 15.04145 0.77221 2.49379 0.07592 0.99112 1.96836 3.27957 3.68565
211887 P 0 1 71.38006 0.31699 15.04009 0.77227 2.49216 0.07589 0.99000 1.96659 3.27968 3.68627
211888 P 0 1 71.38524 0.31670 15.03879 0.77234 2.49060 0.07586 0.98892 1.96490 3.27978 3.68686
211889 P 0 1 71.39019 0.31643 15.03755 0.77241 2.48911 0.07583 0.98790 1.96328 3.27988 3.68742
211890 P 0 1 71.39491 0.31616 15.03637 0.77249 2.48768 0.07580 0.98693 1.96175 3.27997 3.68794
211891 P 0 1 71.38214 0.31677 15.04008 0.76862 2.49369 0.07585 0.98744 1.96533 3.28004 3.69004
211892 P 0 1 71.38634 0.31654 15.03903 0.76867 2.49242 0.07583 0.98657 1.96396 3.28012 3.69052
211893 P 0 1 71.39033 0.31631 15.03803 0.76872 2.49122 0.07580 0.98575 1.96266 3.28020 3.69098
211894 P 0 1 71.24109 0.32520 15.07234 0.78455 2.52563 0.07678 1.02725 2.01420 3.27573 3.65724
211895 P 0 1 71.24433 0.32502 15.07154 0.78467 2.52461 0.07676 1.02661 2.01315 3.27579 3.65753
211896 P 0 1 71.37384 0.31805 15.03771 0.79913 2.47842 0.07610 1.00656 1.97257 3.27727 3.66035
211897 P 0 1 71.37719 0.31786 15.03684 0.79935 2.47732 0.07608 1.00595 1.97151 3.27732 3.66057
211898 P 0 1 71.38036 0.31769 15.03603 0.79956 2.47628 0.07607 1.00538 1.97050 3.27737 3.66077
211899 P 0 1 71.42240 0.31461 15.02951 0.77245 2.47963 0.07564 0.98103 1.95274 3.28054 3.69146
211900 P 0 1 71.42523 0.31446 15.02879 0.77252 2.47876 0.07562 0.98046 1.95182 3.28059 3.69175
211901 P 0 1 71.42790 0.31431 15.02811 0.77260 2.47793 0.07561 0.97993 1.95096 3.28064 3.69202
211902 P 0 1 71.43042 0.31417 15.02746 0.77267 2.47715 0.07560 0.97944 1.95014 3.28068 3.69227
211903 P 0 1 71.43280 0.31404 15.02686 0.77274 2.47641 0.07558 0.97897 1.94938 3.28073 3.69250
211904 P 0 1 71.43503 0.31391 15.02629 0.77281 2.47572 0.07557 0.97853 1.94866 3.28076 3.69272
211905 P 0 1 71.43714 0.31380 15.02575 0.77288 2.47506 0.07556 0.97812 1.94798 3.28080 3.69292
211906 P 0 1 71.43912 0.31369 15.02524 0.77294 2.47444 0.07555 0.97774 1.94734 3.28084 3.69311
211907 P 0 1 71.75899 0.29567 14.94333 0.76493 2.38488 0.07360 0.90632 1.84230 3.28789 3.74210
211908 P 0 1 71.76115 0.29555 14.94274 0.76500 2.38420 0.07359 0.90592 1.84161 3.28792 3.74231
211909 P 0 1 71.76319 0.29544 14.94219 0.76507 2.38356 0.07358 0.90553 1.84097 3.28796 3.74251
211910 P 0 1 71.76513 0.29534 14.94166 0.76514 2.38295 0.07357 0.90517 1.84035 3.28799 3.74270
211911 P 0 1 71.68596 0.29878 14.96620 0.73470 2.42342 0.07382 0.90445 1.86059 3.28910 3.76300
211912 P 0 1 71.68752 0.29869 14.96578 0.73469 2.42296 0.07381 0.90412 1.86008 3.28913 3.76322
212174 P 0 1 74.69677 0.15224 13.90120 0.77544 1.52243 0.05494 0.40827 0.98786 3.32511 4.17574
212175 P 0 1 74.69636 0.15226 13.90138 0.77543 1.52255 0.05495 0.40832 0.98796 3.32511 4.17567
212176 P 0 1 74.69592 0.15228 13.90159 0.77542 1.52268 0.05495 0.40838 0.98808 3.32511 4.17561
212177 P 0 1 74.69544 0.15230 13.90180 0.77540 1.52282 0.05495 0.40844 0.98819 3.32511 4.17554
212178 P 0 1 74.69493 0.15232 13.90204 0.77537 1.52298 0.05496 0.40850 0.98832 3.32511 4.17549
212179 P 0 1 74.69439 0.15234 13.90228 0.77533 1.52314 0.05496 0.40857 0.98846 3.32511 4.17543
212180 P 0 1 74.69381 0.15236 13.90254 0.77529 1.52332 0.05496 0.40863 0.98860 3.32511 4.17538
212181 P 0 1 74.69320 0.15239 13.90282 0.77523 1.52351 0.05497 0.40870 0.98875 3.32511 4.17533
212182 P 0 1 74.44414 0.16139 14.01173 0.71483 1.61312 0.05621 0.42509 1.04370 3.32842 4.20137
212183 P 0 1 74.44329 0.16142 14.01209 0.71471 1.61341 0.05621 0.42517 1.04390 3.32843 4.20136
212184 P 0 1 74.44238 0.16146 14.01249 0.71458 1.61371 0.05622 0.42526 1.04411 3.32843 4.20137
212185 P 0 1 74.44142 0.16149 14.01290 0.71443 1.61404 0.05622 0.42534 1.04434 3.32844 4.20138
212186 P 0 1 74.44041 0.16153 14.01333 0.71427 1.61438 0.05623 0.42543 1.04458 3.32844 4.20140
212187 P 0 1 74.43934 0.16157 14.01379 0.71409 1.61475 0.05623 0.42552 1.04482 3.32845 4.20143
212188 P 0 1 74.43823 0.16162 14.01427 0.71389 1.61514 0.05624 0.42561 1.04508 3.32846 4.20147
212189 P 0 1 74.43707 0.16166 14.01476 0.71369 1.61554 0.05624 0.42570 1.04535 3.32847 4.20152
212190 P 0 1 74.43586 0.16171 14.01528 0.71346 1.61596 0.05625 0.42580 1.04563 3.32848 4.20158
212191 P 0 1 74.43461 0.16175 14.01581 0.71323 1.61640 0.05626 0.42590 1.04591 3.32849 4.20165
212192 P 0 1 73.84006 0.19161 14.26055 0.84124 1.74605 0.06107 0.55490 1.22587 3.31328 3.96538
212193 P 0 1 73.83840 0.19168 14.26121 0.84102 1.74660 0.06108 0.55510 1.22630 3.31328 3.96533
212194 P 0 1 72.91788 0.23669 14.58814 0.86007 2.00230 0.06710 0.72223 1.49481 3.30008 3.81071
212195 P 0 1 72.91508 0.23683 14.58908 0.85982 2.00320 0.06712 0.72265 1.49562 3.30006 3.81054
212196 P 0 1 72.91217 0.23697 14.59007 0.85955 2.00415 0.06714 0.72309 1.49646 3.30003 3.81037
212197 P 0 1 72.78830 0.24323 14.63036 0.85793 2.04029 0.06791 0.74578 1.53354 3.29827 3.79438
212198 P 0 1 72.78503 0.24339 14.63144 0.85764 2.04136 0.06792 0.74629 1.53450 3.29825 3.79418
212199 P 0 1 72.78166 0.24356 14.63256 0.85735 2.04245 0.06794 0.74682 1.53549 3.29822 3.79397
212200 P 0 1 72.87350 0.23851 14.60516 0.83841 2.02424 0.06726 0.72216 1.50568 3.30111 3.82397
212201 P 0 1 72.87002 0.23868 14.60633 0.83808 2.02538 0.06728 0.72268 1.50668 3.30108 3.82378
212202 P 0 1 72.86645 0.23885 14.60753 0.83775 2.02656 0.06730 0.72321 1.50772 3.30105 3.82358
212203 P 0 1 72.52806 0.25655 14.71234 0.85286 2.11715 0.06949 0.79387 1.61227 3.29450 3.76290
212204 P 0 1 72.52391 0.25676 14.71365 0.85251 2.11850 0.06952 0.79453 1.61350 3.29446 3.76264
212205 P 0 1 72.51967 0.25698 14.71499 0.85215 2.11988 0.06954 0.79521 1.61477 3.29442 3.76238
212206 P 0 1 72.51534 0.25719 14.71636 0.85179 2.12129 0.06957 0.79591 1.61606 3.29438 3.76211
212207 P 0 1 72.51091 0.25742 14.71776 0.85141 2.12273 0.06959 0.79662 1.61738 3.29433 3.76184
212208 P 0 1 72.50640 0.25765 14.71918 0.85103 2.12420 0.06962 0.79734 1.61872 3.29429 3.76156
212209 P 0 1 72.50181 0.25788 14.72063 0.85064 2.12570 0.06964 0.79808 1.62009 3.29424 3.76128
212210 P 0 1 72.30683 0.26876 14.77360 0.88571 2.16522 0.07103 0.85170 1.68403 3.28818 3.70494
212211 P 0 1 72.30189 0.26902 14.77511 0.88530 2.16681 0.07106 0.85253 1.68553 3.28812 3.70463
212212 P 0 1 72.29688 0.26928 14.77663 0.88489 2.16843 0.07109 0.85338 1.68705 3.28807 3.70431
212213 P 0 1 72.29178 0.26954 14.77818 0.88446 2.17008 0.07111 0.85424 1.68860 3.28801 3.70399
212214 P 0 1 71.35673 0.32064 15.02848 0.87859 2.43885 0.07666 1.05259 1.98723 3.27046 3.58978
212215 P 0 1 71.35281 0.32085 15.02950 0.87822 2.44016 0.07668 1.05328 1.98848 3.27041 3.58959
212216 P 0 1 71.34887 0.32107 15.03053 0.87785 2.44149 0.07670 1.05399 1.98974 3.27036 3.58941
212217 P 0 1 71.11332 0.33458 15.08502 0.88550 2.50397 0.07811 1.11191 2.06812 3.26474 3.55473
212218 P 0 1 71.10925 0.33481 15.08604 0.88511 2.50534 0.07813 1.11264 2.06943 3.26469 3.55456
212219 P 0 1 71.10517 0.33503 15.08707 0.88470 2.50672 0.07815 1.11338 2.07076 3.26463 3.55439
212220 P 0 1 70.85775 0.34771 15.15833 0.80310 2.62582 0.07910 1.12435 2.14458 3.26582 3.59344
212221 P 0 1 71.25824 0.32599 15.05457 0.86596 2.47383 0.07717 1.06838 2.01842 3.26939 3.58806
212222 P 0 1 71.25406 0.32622 15.05564 0.86552 2.47526 0.07719 1.06909 2.01975 3.26934 3.58791
212223 P 0 1 71.24986 0.32645 15.05673 0.86507 2.47671 0.07721 1.06981 2.02109 3.26929 3.58777
212224 P 0 1 71.24562 0.32669 15.05783 0.86460 2.47818 0.07723 1.07053 2.02244 3.26923 3.58764
212225 P 0 1 71.24136 0.32692 15.05893 0.86412 2.47967 0.07725 1.07124 2.02380 3.26918 3.58752
212226 P 0 1 71.27015 0.32414 15.06158 0.80855 2.50310 0.07676 1.03457 2.00795 3.27432 3.63888
212227 P 0 1 71.26584 0.32438 15.06268 0.80814 2.50458 0.07679 1.03529 2.00932 3.27426 3.63871
212228 P 0 1 71.13974 0.33094 15.09680 0.78299 2.55615 0.07735 1.04866 2.04754 3.27370 3.64612
212229 P 0 1 71.13557 0.33117 15.09784 0.78265 2.55757 0.07738 1.04938 2.04887 3.27364 3.64592
212230 P 0 1 71.13137 0.33140 15.09889 0.78231 2.55901 0.07740 1.05010 2.05022 3.27358 3.64572
212231 P 0 1 71.02730 0.33756 15.12212 0.78927 2.58512 0.07804 1.07747 2.08588 3.27074 3.62649
212232 P 0 1 71.02315 0.33779 15.12314 0.78889 2.58657 0.07806 1.07818 2.08721 3.27068 3.62634
212233 P 0 1 71.01896 0.33802 15.12418 0.78849 2.58803 0.07808 1.07888 2.08855 3.27062 3.62619
212234 P 0 1 71.01473 0.33825 15.12522 0.78809 2.58951 0.07811 1.07958 2.08991 3.27056 3.62604
212235 P 0 1 71.01045 0.33849 15.12627 0.78767 2.59101 0.07813 1.08029 2.09128 3.27051 3.62590
212236 P 0 1 71.00612 0.33873 15.12734 0.78724 2.59253 0.07815 1.08101 2.09266 3.27045 3.62577
212237 P 0 1 71.00173 0.33897 15.12842 0.78681 2.59408 0.07817 1.08173 2.09406 3.27039 3.62564
212238 P 0 1 70.99727 0.33921 15.12952 0.78636 2.59566 0.07819 1.08246 2.09549 3.27033 3.62551
212239 P 0 1 71.29348 0.32098 15.06561 0.74145 2.53604 0.07617 0.99028 1.98991 3.28057 3.70553
212240 P 0 1 71.28828 0.32126 15.06692 0.74118 2.53774 0.07620 0.99122 1.99157 3.28048 3.70514
212241 P 0 1 71.28296 0.32155 15.06826 0.74091 2.53948 0.07623 0.99219 1.99328 3.28040 3.70475
212242 P 0 1 71.27752 0.32185 15.06963 0.74063 2.54127 0.07626 0.99318 1.99502 3.28031 3.70434
212243 P 0 1 71.27194 0.32216 15.07103 0.74035 2.54309 0.07629 0.99420 1.99681 3.28021 3.70391
212244 P 0 1 71.26620 0.32248 15.07247 0.74007 2.54496 0.07632 0.99526 1.99866 3.28012 3.70347
212245 P 0 1 71.26030 0.32281 15.07395 0.73978 2.54689 0.07635 0.99634 2.00055 3.28002 3.70301
212246 P 0 1 71.41530 0.31514 15.03063 0.77715 2.47899 0.07571 0.98523 1.95579 3.27999 3.68607
212247 P 0 1 71.40816 0.31553 15.03249 0.77655 2.48143 0.07575 0.98642 1.95803 3.27989 3.68574
212248 P 0 1 71.29163 0.32184 15.06264 0.76692 2.52128 0.07637 1.00593 1.99482 3.27830 3.68026
212249 P 0 1 71.28460 0.32223 15.06442 0.76643 2.52364 0.07640 1.00716 1.99706 3.27820 3.67984
212250 P 0 1 71.27731 0.32263 15.06627 0.76595 2.52607 0.07644 1.00845 1.99939 3.27809 3.67939
212251 P 0 1 71.26974 0.32305 15.06818 0.76548 2.52858 0.07648 1.00981 2.00181 3.27797 3.67890
212252 P 0 1 71.31655 0.32090 15.05406 0.78411 2.50384 0.07634 1.01053 1.98926 3.27735 3.66707
212253 P 0 1 71.37273 0.31808 15.03819 0.79774 2.47954 0.07610 1.00603 1.97275 3.27737 3.66148
212254 P 0 1 71.36296 0.31860 15.04075 0.79681 2.48293 0.07615 1.00763 1.97582 3.27724 3.66111
212255 P 0 1 71.35281 0.31915 15.04338 0.79589 2.48641 0.07620 1.00932 1.97903 3.27711 3.66068
212256 P 0 1 71.52750 0.30930 14.99990 0.79413 2.43650 0.07517 0.97067 1.92165 3.28083 3.68435
212257 P 0 1 71.51554 0.30994 15.00307 0.79324 2.44050 0.07523 0.97274 1.92542 3.28067 3.68366
212258 P 0 1 71.50316 0.31061 15.00633 0.79238 2.44459 0.07530 0.97491 1.92933 3.28049 3.68288
212259 P 0 1 71.22162 0.32605 15.07845 0.77506 2.53697 0.07683 1.02595 2.01921 3.27613 3.66373
212260 P 0 1 71.21168 0.32661 15.08090 0.77470 2.54009 0.07688 1.02791 2.02245 3.27595 3.66283
212261 P 0 1 71.20131 0.32719 15.08343 0.77440 2.54332 0.07694 1.03000 2.02583 3.27575 3.66183
212262 P 0 1 71.19054 0.32780 15.08605 0.77414 2.54662 0.07700 1.03221 2.02936 3.27555 3.66073
212263 P 0 1 71.17941 0.32843 15.08874 0.77394 2.55000 0.07706 1.03453 2.03301 3.27533 3.65953
212264 P 0 1 71.16798 0.32908 15.09149 0.77380 2.55344 0.07713 1.03696 2.03678 3.27510 3.65825
212265 P 0 1 71.13401 0.33135 15.09764 0.78636 2.55580 0.07741 1.05192 2.04994 3.27329 3.64228
212266 P 0 1 71.12219 0.33203 15.10046 0.78615 2.55937 0.07748 1.05442 2.05383 3.27306 3.64102
212267 P 0 1 71.11036 0.33270 15.10327 0.78600 2.56291 0.07754 1.05696 2.05774 3.27282 3.63970
212268 P 0 1 71.09862 0.33337 15.10604 0.78590 2.56639 0.07761 1.05951 2.06163 3.27257 3.63835
212269 P 0 1 71.08713 0.33403 15.10874 0.78585 2.56977 0.07768 1.06204 2.06545 3.27233 3.63698
212270 P 0 1 71.07604 0.33467 15.11134 0.78586 2.57300 0.07774 1.06452 2.06914 3.27209 3.63561
212271 P 0 1 71.06550 0.33527 15.11379 0.78591 2.57604 0.07780 1.06691 2.07266 3.27185 3.63427
212272 P 0 1 71.03779 0.33695 15.11969 0.78931 2.58204 0.07798 1.07514 2.08238 3.27096 3.62774
212273 P 0 1 71.02896 0.33747 15.12172 0.78940 2.58456 0.07803 1.07718 2.08534 3.27076 3.62658
212274 P 0 1 71.02108 0.33792 15.12352 0.78953 2.58678 0.07808 1.07902 2.08799 3.27058 3.62550
212275 P 0 1 70.94285 0.34275 15.13937 0.80194 2.60190 0.07861 1.10418 2.11587 3.26781 3.60473
212276 P 0 1 70.93743 0.34306 15.14059 0.80199 2.60343 0.07864 1.10545 2.11769 3.26769 3.60403
212277 P 0 1 70.93300 0.34332 15.14158 0.80210 2.60465 0.07866 1.10652 2.11919 3.26758 3.60340
212278 P 0 1 70.92945 0.34353 15.14236 0.80226 2.60558 0.07869 1.10742 2.12040 3.26749 3.60283
212279 P 0 1 70.92660 0.34370 15.14297 0.80246 2.60628 0.07870 1.10820 2.12138 3.26741 3.60230
212280 P 0 1 70.92426 0.34384 15.14345 0.80272 2.60680 0.07872 1.10889 2.12220 3.26733 3.60178
212281 P 0 1 70.92223 0.34397 15.14386 0.80303 2.60719 0.07873 1.10954 2.12292 3.26726 3.60126
212282 P 0 1 70.92032 0.34409 15.14423 0.80340 2.60752 0.07874 1.11019 2.12361 3.26719 3.60070
212283 P 0 1 70.91842 0.34421 15.14459 0.80381 2.60782 0.07876 1.11087 2.12430 3.26711 3.60011
212284 P 0 1 70.91649 0.34433 15.14495 0.80425 2.60811 0.07877 1.11158 2.12501 3.26703 3.59948
212285 P 0 1 70.91457 0.34445 15.14530 0.80472 2.60838 0.07879 1.11230 2.12571 3.26695 3.59883
212286 P 0 1 70.91276 0.34457 15.14563 0.80519 2.60861 0.07880 1.11300 2.12638 3.26687 3.59819
212287 P 0 1 70.91114 0.34467 15.14591 0.80565 2.60880 0.07881 1.11365 2.12699 3.26680 3.59759
212288 P 0 1 70.90983 0.34476 15.14613 0.80609 2.60890 0.07882 1.11421 2.12748 3.26673 3.59704
212289 P 0 1 70.90893 0.34482 15.14627 0.80650 2.60892 0.07883 1.11466 2.12784 3.26668 3.59657
212290 P 0 1 70.90849 0.34486 15.14630 0.80686 2.60882 0.07883 1.11498 2.12803 3.26664 3.59619
212291 P 0 1 70.90858 0.34486 15.14622 0.80719 2.60859 0.07884 1.11516 2.12805 3.26661 3.59591
212292 P 0 1 70.90923 0.34483 15.14603 0.80746 2.60823 0.07883 1.11517 2.12786 3.26660 3.59574
212293 P 0 1 70.91047 0.34476 15.14571 0.80770 2.60773 0.07883 1.11503 2.12748 3.26661 3.59569
212294 P 0 1 70.91232 0.34466 15.14526 0.80789 2.60708 0.07882 1.11472 2.12688 3.26663 3.59574
212295 P 0 1 70.91478 0.34452 15.14468 0.80804 2.60627 0.07881 1.11425 2.12608 3.26668 3.59590
212296 P 0 1 70.91786 0.34434 15.14396 0.80817 2.60530 0.07879 1.11362 2.12506 3.26673 3.59616
212297 P 0 1 70.92155 0.34413 15.14311 0.80827 2.60417 0.07877 1.11284 2.12384 3.26681 3.59651
212298 P 0 1 70.92585 0.34389 15.14212 0.80836 2.60288 0.07874 1.11191 2.12241 3.26689 3.59695
212299 P 0 1 70.93072 0.34360 15.14101 0.80844 2.60142 0.07872 1.11084 2.12078 3.26700 3.59747
212300 P 0 1 70.93617 0.34329 15.13976 0.80852 2.59980 0.07869 1.10964 2.11897 3.26711 3.59805
212301 P 0 1 70.94215 0.34295 15.13839 0.80861 2.59802 0.07865 1.10833 2.11698 3.26723 3.59870
212302 P 0 1 70.94863 0.34257 15.13690 0.80871 2.59608 0.07862 1.10690 2.11482 3.26737 3.59939
212303 P 0 1 70.95560 0.34217 15.13530 0.80882 2.59400 0.07858 1.10538 2.11250 3.26751 3.60013
212304 P 0 1 70.96299 0.34175 15.13359 0.80896 2.59178 0.07854 1.10377 2.11004 3.26767 3.60091
212305 P 0 1 71.04261 0.33686 15.11738 0.79664 2.57619 0.07800 1.07843 2.08181 3.27045 3.62164
212306 P 0 1 71.05108 0.33638 15.11541 0.79668 2.57370 0.07795 1.07655 2.07899 3.27063 3.62264
212307 P 0 1 71.05987 0.33587 15.11336 0.79674 2.57111 0.07790 1.07461 2.07607 3.27081 3.62365
212308 P 0 1 71.06893 0.33535 15.11123 0.79683 2.56842 0.07785 1.07263 2.07306 3.27100 3.62469
212309 P 0 1 71.07823 0.33482 15.10905 0.79693 2.56566 0.07780 1.07061 2.06998 3.27119 3.62573
212310 P 0 1 71.08772 0.33428 15.10681 0.79706 2.56283 0.07775 1.06856 2.06684 3.27139 3.62678
212311 P 0 1 71.09735 0.33373 15.10453 0.79721 2.55994 0.07769 1.06649 2.06365 3.27158 3.62782
212312 P 0 1 71.10708 0.33318 15.10222 0.79738 2.55701 0.07764 1.06441 2.06044 3.27178 3.62886
212313 P 0 1 71.11688 0.33262 15.09989 0.79757 2.55405 0.07758 1.06233 2.05721 3.27198 3.62989
212314 P 0 1 71.19915 0.32723 15.08438 0.77150 2.54569 0.07693 1.02875 2.02610 3.27596 3.66431
212315 P 0 1 71.20907 0.32666 15.08201 0.77141 2.54284 0.07687 1.02653 2.02280 3.27618 3.66563
212316 P 0 1 71.21896 0.32610 15.07964 0.77132 2.53999 0.07682 1.02432 2.01951 3.27639 3.66695
212317 P 0 1 71.22877 0.32554 15.07729 0.77125 2.53716 0.07676 1.02213 2.01626 3.27661 3.66824
212318 P 0 1 71.23849 0.32498 15.07495 0.77119 2.53434 0.07670 1.01998 2.01303 3.27682 3.66951
212319 P 0 1 71.24808 0.32444 15.07263 0.77114 2.53156 0.07665 1.01786 2.00986 3.27703 3.67076
212320 P 0 1 71.25753 0.32390 15.07035 0.77109 2.52881 0.07659 1.01578 2.00673 3.27723 3.67198
212321 P 0 1 71.26680 0.32337 15.06810 0.77106 2.52611 0.07654 1.01375 2.00367 3.27743 3.67317
212322 P 0 1 71.27589 0.32285 15.06589 0.77104 2.52346 0.07649 1.01177 2.00067 3.27762 3.67433
212323 P 0 1 71.28476 0.32235 15.06373 0.77103 2.52086 0.07643 1.00983 1.99774 3.27780 3.67546
212324 P 0 1 71.29342 0.32186 15.06162 0.77103 2.51832 0.07638 1.00796 1.99488 3.27799 3.67654
212325 P 0 1 71.30185 0.32138 15.05955 0.77104 2.51584 0.07633 1.00614 1.99211 3.27816 3.67759
212326 P 0 1 71.31004 0.32092 15.05755 0.77106 2.51342 0.07629 1.00438 1.98941 3.27833 3.67860
212327 P 0 1 71.31798 0.32047 15.05559 0.77109 2.51108 0.07624 1.00268 1.98680 3.27849 3.67958
212328 P 0 1 71.32566 0.32003 15.05370 0.77112 2.50880 0.07620 1.00104 1.98428 3.27865 3.68051
212329 P 0 1 71.33309 0.31962 15.05187 0.77117 2.50660 0.07615 0.99946 1.98184 3.27880 3.68140
212330 P 0 1 71.34025 0.31921 15.05009 0.77122 2.50446 0.07611 0.99795 1.97950 3.27895 3.68226
212331 P 0 1 71.34716 0.31882 15.04838 0.77127 2.50240 0.07607 0.99649 1.97723 3.27909 3.68307
212332 P 0 1 71.35380 0.31845 15.04673 0.77134 2.50042 0.07603 0.99510 1.97506 3.27922 3.68385
212333 P 0 1 71.36018 0.31809 15.04514 0.77141 2.49850 0.07600 0.99377 1.97298 3.27934 3.68459
212334 P 0 1 71.36631 0.31775 15.04362 0.77148 2.49666 0.07596 0.99249 1.97097 3.27946 3.68529
212335 P 0 1 71.37218 0.31742 15.04215 0.77156 2.49489 0.07593 0.99128 1.96906 3.27958 3.68596
212336 P 0 1 71.37781 0.31710 15.04074 0.77164 2.49319 0.07590 0.99012 1.96723 3.27969 3.68659
212337 P 0 1 71.38319 0.31680 15.03939 0.77173 2.49156 0.07587 0.98901 1.96547 3.27979 3.68719
212338 P 0 1 71.38833 0.31651 15.03810 0.77182 2.49000 0.07584 0.98796 1.96380 3.27989 3.68775
212339 P 0 1 71.39323 0.31624 15.03687 0.77191 2.48851 0.07581 0.98696 1.96221 3.27998 3.68828
212340 P 0 1 71.39791 0.31598 15.03569 0.77200 2.48708 0.07578 0.98601 1.96069 3.28007 3.68879
212341 P 0 1 71.40236 0.31573 15.03456 0.77210 2.48572 0.07576 0.98511 1.95924 3.28016 3.68926
212342 P 0 1 71.38936 0.31636 15.03833 0.76826 2.49178 0.07581 0.98568 1.96290 3.28022 3.69130
212343 P 0 1 71.39331 0.31614 15.03734 0.76832 2.49058 0.07578 0.98488 1.96162 3.28029 3.69174
212344 P 0 1 71.39706 0.31593 15.03640 0.76839 2.48944 0.07576 0.98412 1.96040 3.28036 3.69215
212345 P 0 1 71.24776 0.32481 15.07078 0.78422 2.52387 0.07674 1.02560 2.01195 3.27590 3.65838
212346 P 0 1 71.37642 0.31789 15.03716 0.79855 2.47801 0.07608 1.00567 1.97165 3.27738 3.66120
212347 P 0 1 71.37973 0.31771 15.03630 0.79879 2.47691 0.07607 1.00509 1.97060 3.27742 3.66140
212348 P 0 1 71.42182 0.31464 15.02970 0.77208 2.48002 0.07564 0.98094 1.95287 3.28056 3.69174
212349 P 0 1 71.42479 0.31447 15.02895 0.77216 2.47910 0.07563 0.98035 1.95191 3.28061 3.69204
212350 P 0 1 71.42759 0.31432 15.02823 0.77224 2.47823 0.07561 0.97980 1.95100 3.28066 3.69232
212351 P 0 1 71.43023 0.31417 15.02756 0.77233 2.47740 0.07559 0.97928 1.95015 3.28071 3.69257
212352 P 0 1 71.43272 0.31403 15.02692 0.77241 2.47663 0.07558 0.97880 1.94935 3.28075 3.69281
212353 P 0 1 71.43506 0.31390 15.02632 0.77249 2.47589 0.07557 0.97835 1.94860 3.28079 3.69303
212354 P 0 1 71.43726 0.31378 15.02576 0.77257 2.47520 0.07555 0.97792 1.94789 3.28083 3.69323
212355 P 0 1 71.43933 0.31367 15.02523 0.77265 2.47455 0.07554 0.97752 1.94722 3.28087 3.69342
212356 P 0 1 71.44128 0.31356 15.02473 0.77273 2.47393 0.07553 0.97715 1.94660 3.28090 3.69359
212357 P 0 1 71.44310 0.31346 15.02426 0.77280 2.47335 0.07552 0.97681 1.94602 3.28093 3.69375
212358 P 0 1 71.76256 0.29547 14.94239 0.76480 2.38390 0.07358 0.90552 1.84113 3.28797 3.74269
212359 P 0 1 71.76458 0.29536 14.94184 0.76488 2.38326 0.07357 0.90515 1.84049 3.28800 3.74288
212360 P 0 1 71.68609 0.29877 14.96616 0.73471 2.42337 0.07381 0.90443 1.86055 3.28910 3.76301
212361 P 0 1 71.68771 0.29868 14.96573 0.73470 2.42290 0.07381 0.90409 1.86002 3.28913 3.76323
212362 P 0 1 71.68923 0.29860 14.96533 0.73468 2.42245 0.07380 0.90377 1.85953 3.28916 3.76345
212363 P 0 1 71.69068 0.29852 14.96495 0.73467 2.42203 0.07379 0.90347 1.85906 3.28919 3.76365
212364 P 0 1 71.64669 0.30125 14.97552 0.74418 2.42969 0.07412 0.91789 1.87500 3.28749 3.74816
212627 P 0 1 74.69550 0.15229 13.90177 0.77525 1.52285 0.05495 0.40839 0.98816 3.32512 4.17572
212628 P 0 1 74.69504 0.15231 13.90198 0.77522 1.52299 0.05495 0.40845 0.98827 3.32512 4.17567
212629 P 0 1 74.69455 0.15233 13.90220 0.77520 1.52313 0.05496 0.40851 0.98839 3.32512 4.17561
212630 P 0 1 74.69403 0.15235 13.90244 0.77516 1.52329 0.05496 0.40857 0.98852 3.32512 4.17556
212631 P 0 1 74.69348 0.15237 13.90269 0.77511 1.52346 0.05496 0.40863 0.98866 3.32512 4.17551
212632 P 0 1 74.69289 0.15239 13.90296 0.77506 1.52364 0.05497 0.40870 0.98880 3.32512 4.17546
212633 P 0 1 74.44322 0.16142 14.01211 0.71447 1.61350 0.05621 0.42511 1.04387 3.32845 4.20164
212634 P 0 1 74.44240 0.16145 14.01246 0.71436 1.61377 0.05621 0.42518 1.04407 3.32845 4.20164
212635 P 0 1 74.44152 0.16148 14.01284 0.71423 1.61407 0.05622 0.42526 1.04428 3.32845 4.20164
212636 P 0 1 74.44060 0.16152 14.01324 0.71408 1.61439 0.05622 0.42534 1.04449 3.32846 4.20166
212637 P 0 1 74.43962 0.16156 14.01366 0.71392 1.61472 0.05623 0.42543 1.04472 3.32847 4.20168
212638 P 0 1 74.43860 0.16160 14.01409 0.71375 1.61507 0.05623 0.42551 1.04496 3.32847 4.20171
212639 P 0 1 74.43753 0.16164 14.01455 0.71356 1.61544 0.05624 0.42560 1.04521 3.32848 4.20175
212640 P 0 1 74.43642 0.16168 14.01503 0.71336 1.61583 0.05625 0.42569 1.04546 3.32849 4.20180
212641 P 0 1 74.43526 0.16172 14.01552 0.71315 1.61623 0.05625 0.42578 1.04573 3.32850 4.20186
212642 P 0 1 74.43406 0.16177 14.01603 0.71292 1.61665 0.05626 0.42587 1.04600 3.32851 4.20193
212643 P 0 1 74.43283 0.16181 14.01656 0.71268 1.61709 0.05626 0.42597 1.04628 3.32852 4.20200
212644 P 0 1 73.83727 0.19173 14.26165 0.84095 1.74695 0.06109 0.55526 1.22661 3.31327 3.96522
212645 P 0 1 72.91471 0.23685 14.58919 0.85994 2.00326 0.06712 0.72277 1.49574 3.30004 3.81038
212646 P 0 1 72.91201 0.23698 14.59010 0.85969 2.00413 0.06714 0.72318 1.49652 3.30002 3.81022
212647 P 0 1 72.90920 0.23712 14.59105 0.85943 2.00505 0.06716 0.72360 1.49734 3.30000 3.81005
212648 P 0 1 72.78519 0.24338 14.63137 0.85781 2.04124 0.06792 0.74632 1.53447 3.29824 3.79406
212649 P 0 1 72.78204 0.24354 14.63241 0.85752 2.04226 0.06794 0.74681 1.53539 3.29821 3.79387
212650 P 0 1 72.77878 0.24370 14.63349 0.85723 2.04332 0.06796 0.74732 1.53634 3.29818 3.79367
212651 P 0 1 72.87094 0.23864 14.60602 0.83825 2.02505 0.06728 0.72258 1.50643 3.30108 3.82375
212652 P 0 1 72.86758 0.23880 14.60715 0.83793 2.02615 0.06730 0.72308 1.50740 3.30105 3.82357
212653 P 0 1 72.86413 0.23897 14.60831 0.83761 2.02729 0.06732 0.72359 1.50840 3.30103 3.82338
212654 P 0 1 72.52510 0.25670 14.71326 0.85274 2.11806 0.06951 0.79439 1.61316 3.29446 3.76261
212655 P 0 1 72.52109 0.25691 14.71453 0.85239 2.11937 0.06954 0.79503 1.61436 3.29442 3.76236
212656 P 0 1 72.51699 0.25711 14.71583 0.85204 2.12070 0.06956 0.79569 1.61558 3.29438 3.76212
212657 P 0 1 72.51279 0.25733 14.71715 0.85168 2.12207 0.06958 0.79636 1.61683 3.29434 3.76186
212658 P 0 1 72.50850 0.25754 14.71851 0.85131 2.12347 0.06961 0.79705 1.61811 3.29430 3.76160
212659 P 0 1 72.50413 0.25776 14.71988 0.85094 2.12490 0.06963 0.79775 1.61941 3.29426 3.76134
212660 P 0 1 72.49967 0.25799 14.72129 0.85055 2.12636 0.06966 0.79846 1.62074 3.29421 3.76107
212661 P 0 1 72.30447 0.26889 14.77429 0.88572 2.16588 0.07104 0.85218 1.68476 3.28814 3.70462
212662 P 0 1 72.29968 0.26913 14.77575 0.88532 2.16744 0.07107 0.85299 1.68622 3.28808 3.70432
212663 P 0 1 71.36131 0.32039 15.02724 0.87923 2.43720 0.07664 1.05188 1.98579 3.27051 3.58982
212664 P 0 1 71.35759 0.32059 15.02821 0.87889 2.43844 0.07666 1.05254 1.98698 3.27046 3.58964
212665 P 0 1 71.35384 0.32080 15.02919 0.87853 2.43970 0.07668 1.05321 1.98817 3.27041 3.58947
212666 P 0 1 71.35004 0.32101 15.03018 0.87817 2.44098 0.07670 1.05388 1.98939 3.27036 3.58930
212667 P 0 1 71.34622 0.32122 15.03118 0.87780 2.44226 0.07672 1.05456 1.99061 3.27031 3.58913
212668 P 0 1 71.11029 0.33475 15.08573 0.88546 2.50485 0.07812 1.11259 2.06912 3.26468 3.55441
212669 P 0 1 71.10634 0.33497 15.08672 0.88507 2.50618 0.07814 1.11330 2.07040 3.26463 3.55424
212670 P 0 1 70.85806 0.34769 15.15827 0.80303 2.62577 0.07910 1.12424 2.14447 3.26584 3.59353
212671 P 0 1 70.85397 0.34792 15.15925 0.80266 2.62718 0.07912 1.12495 2.14580 3.26577 3.59337
212672 P 0 1 71.25617 0.32611 15.05508 0.86587 2.47447 0.07718 1.06880 2.01909 3.26936 3.58788
212673 P 0 1 71.25211 0.32633 15.05613 0.86543 2.47587 0.07720 1.06949 2.02039 3.26930 3.58774
212674 P 0 1 71.24801 0.32656 15.05719 0.86498 2.47729 0.07722 1.07019 2.02169 3.26925 3.58762
212675 P 0 1 71.24389 0.32678 15.05826 0.86452 2.47872 0.07724 1.07088 2.02301 3.26920 3.58750
