 Vistelius (1995)
SiO2 TiO2 Al2O3 Fe2O3 FeO MnO MgO CaO Na2O K2O
220904 P 0 1 72.34261 0.22688 14.40401 0.78278 1.92320 0.04883 0.57407 1.34413 4.34014 4.01335
220905 P 0 1 72.34522 0.22667 14.40303 0.78419 1.92183 0.04887 0.57332 1.34272 4.34030 4.01385
220906 P 0 1 72.34791 0.22644 14.40199 0.78571 1.92042 0.04893 0.57252 1.34124 4.34047 4.01437
220907 P 0 1 72.35065 0.22620 14.40091 0.78734 1.91897 0.04899 0.57170 1.33970 4.34066 4.01490
220908 P 0 1 72.35342 0.22596 14.39979 0.78905 1.91749 0.04905 0.57085 1.33811 4.34085 4.01543
220909 P 0 1 72.35619 0.22570 14.39864 0.79084 1.91600 0.04912 0.56999 1.33649 4.34106 4.01597
220910 P 0 1 72.35895 0.22544 14.39748 0.79269 1.91452 0.04919 0.56911 1.33484 4.34127 4.01650
220911 P 0 1 72.36169 0.22518 14.39631 0.79459 1.91304 0.04926 0.56823 1.33319 4.34149 4.01703
220912 P 0 1 71.61621 0.25326 14.73786 0.85074 1.97492 0.04941 0.70567 1.58650 4.34650 3.87892
220913 P 0 1 71.61765 0.25308 14.73732 0.85212 1.97406 0.04947 0.70506 1.58541 4.34667 3.87917
220914 P 0 1 71.61900 0.25291 14.73680 0.85353 1.97322 0.04952 0.70446 1.58433 4.34683 3.87940
220915 P 0 1 71.62026 0.25274 14.73629 0.85494 1.97242 0.04958 0.70388 1.58329 4.34700 3.87961
220916 P 0 1 71.62142 0.25257 14.73581 0.85636 1.97164 0.04963 0.70331 1.58227 4.34717 3.87981
220917 P 0 1 71.62249 0.25240 14.73535 0.85779 1.97090 0.04969 0.70276 1.58129 4.34734 3.87999
220918 P 0 1 71.62346 0.25224 14.73492 0.85921 1.97019 0.04975 0.70223 1.58034 4.34751 3.88015
220919 P 0 1 71.48556 0.27344 14.67101 0.62853 2.24028 0.04519 0.77159 1.70377 4.31848 3.86214
220920 P 0 1 71.48216 0.27368 14.67033 0.62662 2.24417 0.04517 0.77255 1.70546 4.31819 3.86167
220921 P 0 1 71.47863 0.27393 14.66967 0.62470 2.24812 0.04516 0.77353 1.70720 4.31790 3.86117
220922 P 0 1 71.47498 0.27419 14.66903 0.62276 2.25212 0.04515 0.77454 1.70898 4.31760 3.86066
220923 P 0 1 71.47122 0.27445 14.66841 0.62082 2.25616 0.04513 0.77557 1.71081 4.31729 3.86014
220924 P 0 1 71.46737 0.27472 14.66782 0.61887 2.26023 0.04512 0.77662 1.71267 4.31698 3.85960
220925 P 0 1 71.46342 0.27499 14.66725 0.61692 2.26433 0.04510 0.77770 1.71457 4.31668 3.85904
220926 P 0 1 71.29075 0.27949 14.79578 0.68009 2.18035 0.04512 0.80863 1.76901 4.32389 3.82689
220927 P 0 1 71.28729 0.27974 14.79576 0.67845 2.18320 0.04510 0.80965 1.77079 4.32364 3.82638
220928 P 0 1 71.28379 0.27999 14.79575 0.67681 2.18605 0.04508 0.81068 1.77259 4.32340 3.82586
220929 P 0 1 71.28026 0.28025 14.79576 0.67518 2.18889 0.04505 0.81171 1.77440 4.32315 3.82535
220930 P 0 1 70.80501 0.30831 14.93737 0.60503 2.30944 0.04184 0.93952 1.99426 4.30662 3.75260
220931 P 0 1 70.80106 0.30858 14.93728 0.60362 2.31233 0.04182 0.94068 1.99623 4.30635 3.75207
220932 P 0 1 70.65309 0.31285 14.94410 0.59776 2.39774 0.04338 0.96996 2.04632 4.30526 3.72955
220933 P 0 1 70.64757 0.31316 14.94393 0.59626 2.40172 0.04337 0.97143 2.04880 4.30496 3.72882
220934 P 0 1 70.64202 0.31347 14.94377 0.59477 2.40568 0.04337 0.97290 2.05128 4.30467 3.72807
220935 P 0 1 70.63648 0.31378 14.94361 0.59329 2.40963 0.04337 0.97437 2.05377 4.30437 3.72733
220936 P 0 1 70.71324 0.31184 14.91934 0.58335 2.39875 0.04276 0.95940 2.02828 4.30318 3.73988
220937 P 0 1 70.70794 0.31214 14.91919 0.58191 2.40254 0.04275 0.96080 2.03066 4.30289 3.73917
220938 P 0 1 70.70269 0.31244 14.91905 0.58050 2.40629 0.04275 0.96220 2.03302 4.30261 3.73847
220939 P 0 1 70.69748 0.31274 14.91892 0.57912 2.40998 0.04274 0.96358 2.03535 4.30232 3.73777
220940 P 0 1 70.83630 0.31293 14.87262 0.53643 2.39479 0.04004 0.94561 2.00413 4.29438 3.76277
220941 P 0 1 70.83108 0.31324 14.87261 0.53510 2.39827 0.04003 0.94701 2.00650 4.29407 3.76208
220942 P 0 1 70.82594 0.31355 14.87261 0.53381 2.40169 0.04001 0.94838 2.00883 4.29378 3.76140
220943 P 0 1 70.82089 0.31385 14.87261 0.53256 2.40503 0.04000 0.94973 2.01110 4.29350 3.76072
220944 P 0 1 70.82399 0.31348 14.80525 0.50270 2.50833 0.04092 0.94639 2.00569 4.28894 3.76431
220945 P 0 1 70.81871 0.31377 14.80523 0.50158 2.51185 0.04091 0.94772 2.00795 4.28866 3.76361
220946 P 0 1 70.98569 0.30553 14.73654 0.49984 2.50747 0.04157 0.90585 1.93672 4.29066 3.79014
220947 P 0 1 70.98058 0.30581 14.73662 0.49880 2.51081 0.04156 0.90710 1.93887 4.29040 3.78945
220948 P 0 1 70.97562 0.30607 14.73671 0.49780 2.51404 0.04155 0.90832 1.94095 4.29015 3.78877
220949 P 0 1 70.97082 0.30633 14.73680 0.49686 2.51717 0.04155 0.90949 1.94296 4.28991 3.78812
220950 P 0 1 70.96616 0.30658 14.73689 0.49596 2.52019 0.04154 0.91062 1.94489 4.28969 3.78748
220951 P 0 1 70.96167 0.30681 14.73697 0.49512 2.52310 0.04154 0.91170 1.94674 4.28948 3.78687
220952 P 0 1 70.95735 0.30703 14.73706 0.49432 2.52590 0.04154 0.91274 1.94851 4.28928 3.78628
220953 P 0 1 70.95319 0.30724 14.73714 0.49358 2.52858 0.04153 0.91373 1.95021 4.28909 3.78571
220954 P 0 1 70.94920 0.30744 14.73723 0.49289 2.53114 0.04153 0.91468 1.95182 4.28891 3.78516
220955 P 0 1 70.94539 0.30763 14.73731 0.49224 2.53359 0.04154 0.91557 1.95335 4.28875 3.78463
220956 P 0 1 70.94174 0.30781 14.73739 0.49165 2.53592 0.04154 0.91642 1.95481 4.28859 3.78413
220957 P 0 1 70.93828 0.30798 14.73747 0.49110 2.53813 0.04154 0.91723 1.95618 4.28845 3.78364
220958 P 0 1 70.54900 0.32004 14.81581 0.50095 2.67174 0.04416 0.99636 2.09098 4.28794 3.72303
220959 P 0 1 70.54530 0.32020 14.81582 0.50046 2.67413 0.04417 0.99720 2.09239 4.28780 3.72253
220960 P 0 1 70.54177 0.32035 14.81583 0.50002 2.67640 0.04418 0.99799 2.09373 4.28768 3.72205
220961 P 0 1 70.53840 0.32048 14.81584 0.49961 2.67858 0.04420 0.99874 2.09499 4.28757 3.72160
220962 P 0 1 70.53519 0.32061 14.81584 0.49925 2.68065 0.04421 0.99944 2.09617 4.28747 3.72116
220963 P 0 1 71.12008 0.28886 14.60500 0.52750 2.61537 0.04814 0.84661 1.83609 4.30194 3.81042
220964 P 0 1 71.11871 0.28883 14.60467 0.52772 2.61680 0.04820 0.84668 1.83621 4.30200 3.81019
220965 P 0 1 71.11755 0.28878 14.60431 0.52799 2.61811 0.04826 0.84668 1.83623 4.30208 3.80999
220966 P 0 1 70.45309 0.31564 14.71753 0.49192 2.89399 0.04971 0.99236 2.08558 4.28856 3.71163
220967 P 0 1 70.45558 0.31541 14.71728 0.49284 2.89276 0.04977 0.99149 2.08414 4.28882 3.71190
220968 P 0 1 70.45823 0.31517 14.71701 0.49382 2.89147 0.04984 0.99058 2.08261 4.28910 3.71219
220969 P 0 1 70.46103 0.31492 14.71670 0.49484 2.89011 0.04991 0.98961 2.08100 4.28938 3.71250
220970 P 0 1 70.46399 0.31465 14.71636 0.49590 2.88870 0.04998 0.98859 2.07931 4.28969 3.71282
220971 P 0 1 70.46713 0.31437 14.71600 0.49701 2.88722 0.05006 0.98752 2.07752 4.29000 3.71317
220972 P 0 1 70.47044 0.31408 14.71560 0.49817 2.88567 0.05014 0.98639 2.07564 4.29033 3.71354
220973 P 0 1 70.47393 0.31378 14.71516 0.49938 2.88405 0.05022 0.98520 2.07366 4.29067 3.71394
220974 P 0 1 70.47762 0.31346 14.71470 0.50064 2.88235 0.05031 0.98396 2.07158 4.29102 3.71436
220975 P 0 1 70.48150 0.31312 14.71420 0.50196 2.88058 0.05040 0.98265 2.06941 4.29139 3.71480
220976 P 0 1 70.48559 0.31277 14.71366 0.50332 2.87871 0.05050 0.98129 2.06712 4.29178 3.71527
220977 P 0 1 70.48988 0.31241 14.71309 0.50474 2.87676 0.05059 0.97985 2.06473 4.29218 3.71576
220978 P 0 1 70.59511 0.30194 14.68628 0.54527 2.84692 0.05409 0.94043 1.99871 4.30321 3.72803
220979 P 0 1 70.59950 0.30158 14.68562 0.54681 2.84486 0.05419 0.93899 1.99629 4.30360 3.72857
220980 P 0 1 70.60411 0.30120 14.68491 0.54841 2.84269 0.05430 0.93749 1.99376 4.30401 3.72913
220981 P 0 1 70.60896 0.30080 14.68416 0.55007 2.84042 0.05441 0.93592 1.99111 4.30442 3.72972
220982 P 0 1 71.77904 0.27285 14.59310 0.54974 2.16535 0.03906 0.73805 1.64268 4.30281 3.91733
220983 P 0 1 71.78312 0.27245 14.59159 0.55138 2.16423 0.03916 0.73669 1.64027 4.30318 3.91794
220984 P 0 1 71.78738 0.27203 14.59000 0.55309 2.16307 0.03926 0.73527 1.63776 4.30357 3.91857
220985 P 0 1 71.79179 0.27160 14.58833 0.55485 2.16190 0.03937 0.73380 1.63516 4.30397 3.91922
220986 P 0 1 71.79636 0.27116 14.58657 0.55667 2.16072 0.03948 0.73228 1.63247 4.30438 3.91991
220987 P 0 1 71.67395 0.27065 14.63090 0.60113 2.17300 0.04214 0.74449 1.65489 4.31298 3.89587
220988 P 0 1 71.67868 0.27020 14.62903 0.60308 2.17179 0.04226 0.74290 1.65209 4.31338 3.89659
220989 P 0 1 71.68353 0.26973 14.62706 0.60509 2.17061 0.04239 0.74126 1.64920 4.31380 3.89732
220990 P 0 1 71.68850 0.26925 14.62498 0.60716 2.16947 0.04252 0.73958 1.64623 4.31423 3.89808
220991 P 0 1 71.69357 0.26876 14.62280 0.60928 2.16839 0.04265 0.73786 1.64317 4.31467 3.89885
220992 P 0 1 71.69873 0.26825 14.62050 0.61146 2.16738 0.04280 0.73609 1.64004 4.31513 3.89963
220993 P 0 1 71.70396 0.26772 14.61807 0.61369 2.16647 0.04295 0.73427 1.63683 4.31559 3.90043
220994 P 0 1 71.70926 0.26719 14.61552 0.61598 2.16567 0.04311 0.73242 1.63355 4.31607 3.90124
220995 P 0 1 71.71460 0.26663 14.61283 0.61833 2.16499 0.04328 0.73052 1.63019 4.31657 3.90206
220996 P 0 1 71.75103 0.26128 14.65488 0.68473 2.05892 0.04389 0.71375 1.60014 4.32563 3.90575
220997 P 0 1 71.54180 0.26474 14.66148 0.69115 2.19502 0.04814 0.74407 1.65541 4.32917 3.86902
220998 P 0 1 71.54080 0.26848 14.67330 0.66417 2.18778 0.04603 0.75354 1.67187 4.32415 3.86987
220999 P 0 1 71.71395 0.26049 14.57461 0.65011 2.20944 0.04713 0.71554 1.60411 4.32399 3.90064
221000 P 0 1 71.71916 0.25996 14.57165 0.65226 2.20917 0.04731 0.71373 1.60088 4.32442 3.90147
221001 P 0 1 71.72432 0.25943 14.56850 0.65447 2.20915 0.04750 0.71188 1.59759 4.32487 3.90230
221002 P 0 1 71.72941 0.25887 14.56517 0.65674 2.20941 0.04771 0.71000 1.59424 4.32534 3.90311
221003 P 0 1 71.73441 0.25830 14.56164 0.65908 2.20998 0.04793 0.70808 1.59084 4.32583 3.90391
221004 P 0 1 71.73928 0.25772 14.55790 0.66147 2.21090 0.04818 0.70615 1.58739 4.32634 3.90468
221005 P 0 1 71.74399 0.25712 14.55394 0.66393 2.21222 0.04844 0.70418 1.58390 4.32686 3.90543
221006 P 0 1 71.74851 0.25650 14.54975 0.66644 2.21395 0.04872 0.70220 1.58037 4.32740 3.90615
221007 P 0 1 71.75280 0.25587 14.54533 0.66901 2.21615 0.04903 0.70020 1.57681 4.32796 3.90684
221008 P 0 1 71.75684 0.25522 14.54065 0.67163 2.21885 0.04935 0.69819 1.57324 4.32854 3.90748
221009 P 0 1 71.76058 0.25456 14.53572 0.67430 2.22209 0.04971 0.69617 1.56965 4.32914 3.90807
221010 P 0 1 71.76399 0.25389 14.53053 0.67703 2.22591 0.05009 0.69415 1.56605 4.32976 3.90861
221011 P 0 1 72.04521 0.24404 14.44218 0.67282 2.14376 0.04863 0.64296 1.47237 4.32873 3.95931
221012 P 0 1 72.04458 0.24347 14.43643 0.67502 2.15124 0.04909 0.64164 1.47003 4.32933 3.95917
221013 P 0 1 72.04344 0.24290 14.43041 0.67723 2.15946 0.04959 0.64034 1.46773 4.32996 3.95894
221014 P 0 1 72.04179 0.24232 14.42414 0.67945 2.16839 0.05011 0.63908 1.46549 4.33060 3.95864
221015 P 0 1 72.09027 0.23882 14.38670 0.68362 2.18175 0.05139 0.62607 1.44172 4.33201 3.96764
221016 P 0 1 72.08744 0.23830 14.38036 0.68546 2.19179 0.05194 0.62505 1.43991 4.33259 3.96715
221017 P 0 1 72.08420 0.23779 14.37389 0.68726 2.20233 0.05250 0.62406 1.43818 4.33318 3.96659
221018 P 0 1 72.08065 0.23728 14.36738 0.68903 2.21319 0.05308 0.62312 1.43653 4.33376 3.96599
221019 P 0 1 72.07696 0.23678 14.36093 0.69074 2.22408 0.05366 0.62221 1.43494 4.33433 3.96537
221020 P 0 1 72.07338 0.23631 14.35474 0.69237 2.23459 0.05422 0.62134 1.43341 4.33487 3.96477
221021 P 0 1 72.07026 0.23586 14.34901 0.69392 2.24414 0.05474 0.62050 1.43194 4.33537 3.96426
221022 P 0 1 72.06809 0.23546 14.34405 0.69534 2.25199 0.05518 0.61968 1.43049 4.33581 3.96391
221023 P 0 1 72.53356 0.21776 14.18829 0.71028 2.09570 0.05354 0.53750 1.27571 4.33566 4.05200
221024 P 0 1 72.52852 0.21783 14.18595 0.70882 2.10348 0.05374 0.53808 1.27685 4.33565 4.05109
221025 P 0 1 72.52760 0.21789 14.18542 0.70790 2.10535 0.05375 0.53830 1.27728 4.33556 4.05094
221026 P 0 1 72.53122 0.21795 14.18689 0.70759 2.10072 0.05354 0.53814 1.27694 4.33538 4.05161
221027 P 0 1 72.37714 0.22310 14.23313 0.70592 2.16038 0.05472 0.56302 1.32434 4.33642 4.02184
221028 P 0 1 72.38802 0.22318 14.23816 0.70633 2.14501 0.05414 0.56233 1.32296 4.33608 4.02379
221029 P 0 1 72.40125 0.22328 14.24446 0.70699 2.12601 0.05344 0.56147 1.32123 4.33568 4.02618
221030 P 0 1 72.41596 0.22339 14.25165 0.70784 2.10462 0.05266 0.56051 1.31929 4.33523 4.02885
221031 P 0 1 72.43135 0.22351 14.25939 0.70881 2.08196 0.05184 0.55949 1.31723 4.33474 4.03167
221032 P 0 1 72.44682 0.22364 14.26737 0.70985 2.05893 0.05101 0.55846 1.31516 4.33424 4.03453
221033 P 0 1 72.46190 0.22376 14.27538 0.71092 2.03618 0.05019 0.55746 1.31313 4.33373 4.03734
221034 P 0 1 72.47626 0.22389 14.28326 0.71199 2.01421 0.04941 0.55651 1.31120 4.33322 4.04005
221035 P 0 1 72.48968 0.22402 14.29090 0.71304 1.99332 0.04867 0.55563 1.30940 4.33272 4.04260
221036 P 0 1 72.50205 0.22416 14.29822 0.71406 1.97372 0.04798 0.55483 1.30776 4.33225 4.04497
221037 P 0 1 72.51327 0.22429 14.30517 0.71504 1.95554 0.04735 0.55412 1.30630 4.33180 4.04714
221038 P 0 1 72.52333 0.22441 14.31171 0.71597 1.93883 0.04676 0.55350 1.30501 4.33138 4.04910
221039 P 0 1 72.53222 0.22454 14.31784 0.71685 1.92360 0.04623 0.55297 1.30391 4.33099 4.05084
221040 P 0 1 72.53996 0.22467 14.32355 0.71768 1.90986 0.04575 0.55253 1.30300 4.33063 4.05238
221041 P 0 1 72.54660 0.22479 14.32883 0.71846 1.89754 0.04533 0.55218 1.30226 4.33031 4.05370
221042 P 0 1 72.55219 0.22491 14.33371 0.71919 1.88661 0.04495 0.55192 1.30169 4.33002 4.05482
221043 P 0 1 72.55678 0.22503 14.33818 0.71987 1.87698 0.04461 0.55174 1.30129 4.32977 4.05575
221044 P 0 1 72.56043 0.22515 14.34227 0.72050 1.86860 0.04433 0.55164 1.30104 4.32955 4.05650
221045 P 0 1 72.56323 0.22526 14.34599 0.72108 1.86137 0.04408 0.55161 1.30093 4.32937 4.05708
221046 P 0 1 72.56523 0.22537 14.34937 0.72163 1.85523 0.04386 0.55165 1.30096 4.32922 4.05749
221047 P 0 1 72.56650 0.22548 14.35242 0.72213 1.85008 0.04369 0.55174 1.30111 4.32909 4.05777
221048 P 0 1 72.56712 0.22558 14.35517 0.72259 1.84584 0.04354 0.55189 1.30136 4.32900 4.05791
221049 P 0 1 72.56715 0.22568 14.35763 0.72302 1.84243 0.04342 0.55209 1.30171 4.32893 4.05793
221050 P 0 1 72.56667 0.22578 14.35983 0.72342 1.83978 0.04333 0.55233 1.30215 4.32888 4.05784
221051 P 0 1 72.56572 0.22587 14.36178 0.72378 1.83780 0.04326 0.55261 1.30266 4.32885 4.05766
221052 P 0 1 72.56438 0.22596 14.36352 0.72412 1.83642 0.04321 0.55291 1.30323 4.32885 4.05740
221053 P 0 1 72.56269 0.22605 14.36505 0.72443 1.83558 0.04318 0.55324 1.30385 4.32886 4.05707
221054 P 0 1 72.56072 0.22613 14.36639 0.72472 1.83520 0.04317 0.55359 1.30451 4.32888 4.05668
221055 P 0 1 72.55852 0.22621 14.36757 0.72499 1.83522 0.04317 0.55396 1.30520 4.32892 4.05624
221056 P 0 1 72.55613 0.22629 14.36859 0.72523 1.83560 0.04318 0.55433 1.30592 4.32896 4.05577
221057 P 0 1 72.55359 0.22636 14.36948 0.72547 1.83626 0.04321 0.55472 1.30664 4.32902 4.05526
221058 P 0 1 72.55094 0.22643 14.37025 0.72568 1.83717 0.04324 0.55510 1.30738 4.32908 4.05473
221059 P 0 1 72.54823 0.22649 14.37091 0.72588 1.83828 0.04327 0.55549 1.30811 4.32915 4.05419
221060 P 0 1 72.54547 0.22655 14.37148 0.72608 1.83954 0.04332 0.55587 1.30884 4.32922 4.05364
221061 P 0 1 72.54270 0.22661 14.37196 0.72626 1.84093 0.04337 0.55624 1.30956 4.32929 4.05308
221062 P 0 1 72.53995 0.22666 14.37237 0.72643 1.84240 0.04342 0.55661 1.31026 4.32937 4.05253
221063 P 0 1 72.53724 0.22671 14.37271 0.72660 1.84393 0.04347 0.55696 1.31094 4.32945 4.05198
221064 P 0 1 72.53458 0.22676 14.37300 0.72676 1.84550 0.04353 0.55730 1.31159 4.32953 4.05145
221065 P 0 1 72.53199 0.22680 14.37324 0.72692 1.84707 0.04358 0.55763 1.31222 4.32961 4.05093
221066 P 0 1 72.52949 0.22684 14.37343 0.72708 1.84863 0.04364 0.55794 1.31282 4.32969 4.05043
221067 P 0 1 72.52709 0.22687 14.37360 0.72724 1.85016 0.04370 0.55823 1.31339 4.32977 4.04995
221068 P 0 1 72.52480 0.22691 14.37373 0.72740 1.85165 0.04375 0.55851 1.31393 4.32984 4.04949
221069 P 0 1 72.52262 0.22693 14.37384 0.72755 1.85308 0.04380 0.55877 1.31443 4.32992 4.04905
221070 P 0 1 72.52056 0.22696 14.37393 0.72771 1.85445 0.04385 0.55901 1.31489 4.32999 4.04864
221071 P 0 1 72.51863 0.22698 14.37400 0.72787 1.85574 0.04390 0.55923 1.31532 4.33006 4.04825
221072 P 0 1 72.51682 0.22700 14.37406 0.72804 1.85696 0.04395 0.55944 1.31572 4.33013 4.04789
221073 P 0 1 72.51514 0.22701 14.37411 0.72821 1.85809 0.04400 0.55962 1.31608 4.33019 4.04755
221074 P 0 1 72.51359 0.22703 14.37415 0.72838 1.85913 0.04404 0.55979 1.31640 4.33026 4.04724
221075 P 0 1 72.51217 0.22704 14.37419 0.72856 1.86007 0.04408 0.55994 1.31669 4.33032 4.04695
221076 P 0 1 72.51087 0.22704 14.37422 0.72874 1.86093 0.04412 0.56007 1.31695 4.33037 4.04669
221077 P 0 1 72.50969 0.22705 14.37425 0.72892 1.86169 0.04415 0.56019 1.31717 4.33043 4.04645
221078 P 0 1 72.50864 0.22705 14.37427 0.72911 1.86237 0.04418 0.56029 1.31736 4.33048 4.04624
221079 P 0 1 72.50770 0.22705 14.37430 0.72931 1.86295 0.04421 0.56037 1.31753 4.33053 4.04605
221080 P 0 1 72.50688 0.22705 14.37433 0.72951 1.86344 0.04424 0.56044 1.31766 4.33058 4.04589
221081 P 0 1 72.50616 0.22704 14.37436 0.72971 1.86385 0.04426 0.56049 1.31776 4.33062 4.04574
221082 P 0 1 72.50555 0.22704 14.37439 0.72992 1.86417 0.04428 0.56053 1.31784 4.33067 4.04562
221083 P 0 1 72.50504 0.22703 14.37442 0.73013 1.86442 0.04430 0.56055 1.31789 4.33071 4.04552
221084 P 0 1 72.50462 0.22702 14.37446 0.73034 1.86459 0.04432 0.56056 1.31791 4.33075 4.04543
221085 P 0 1 72.50429 0.22701 14.37450 0.73056 1.86468 0.04434 0.56056 1.31792 4.33078 4.04536
221086 P 0 1 72.20219 0.23740 14.67268 0.87175 1.63771 0.03997 0.60665 1.40308 4.33866 3.98991
221087 P 0 1 72.20217 0.23739 14.67372 0.87271 1.63595 0.03994 0.60657 1.40291 4.33869 3.98995
221088 P 0 1 72.20223 0.23737 14.67474 0.87367 1.63417 0.03991 0.60647 1.40272 4.33872 3.99000
221092 P 0 1 69.89910 0.30159 15.49052 1.28704 1.84918 0.05253 1.02037 2.13191 4.36262 3.60513
221093 P 0 1 69.90044 0.30155 15.49137 1.28807 1.84685 0.05246 1.01999 2.13126 4.36263 3.60538
221107 P 0 1 67.62841 0.39445 16.60411 1.90066 1.22690 0.03047 1.57270 2.99808 4.30893 3.33529
221108 P 0 1 67.62840 0.39447 16.60402 1.90027 1.22710 0.03048 1.57281 2.99825 4.30892 3.33527
221109 P 0 1 67.62840 0.39449 16.60394 1.89986 1.22731 0.03048 1.57292 2.99843 4.30892 3.33525
221110 P 0 1 67.62839 0.39451 16.60386 1.89943 1.22752 0.03048 1.57304 2.99862 4.30891 3.33524
221111 P 0 1 67.62839 0.39453 16.60378 1.89897 1.22774 0.03048 1.57317 2.99881 4.30891 3.33522
221112 P 0 1 67.62839 0.39455 16.60369 1.89850 1.22795 0.03048 1.57330 2.99902 4.30890 3.33520
221113 P 0 1 67.62839 0.39458 16.60362 1.89802 1.22817 0.03048 1.57344 2.99922 4.30889 3.33519
221114 P 0 1 67.62840 0.39460 16.60354 1.89752 1.22839 0.03048 1.57357 2.99944 4.30889 3.33517
221115 P 0 1 67.62840 0.39463 16.60346 1.89701 1.22861 0.03048 1.57372 2.99966 4.30888 3.33516
221116 P 0 1 67.62841 0.39466 16.60339 1.89648 1.22883 0.03048 1.57386 2.99988 4.30887 3.33514
221117 P 0 1 67.62842 0.39468 16.60332 1.89595 1.22905 0.03048 1.57401 3.00011 4.30886 3.33512
221118 P 0 1 67.62843 0.39471 16.60325 1.89541 1.22926 0.03048 1.57416 3.00034 4.30885 3.33511
221119 P 0 1 67.62844 0.39474 16.60319 1.89486 1.22947 0.03048 1.57431 3.00057 4.30883 3.33509
221120 P 0 1 67.62846 0.39477 16.60312 1.89431 1.22968 0.03048 1.57446 3.00081 4.30882 3.33508
221121 P 0 1 67.62847 0.39480 16.60306 1.89376 1.22989 0.03048 1.57461 3.00104 4.30881 3.33506
221145 P 0 1 64.78766 0.43933 16.83599 2.79341 1.56633 0.05366 2.24310 3.98656 4.28227 3.01170
221146 P 0 1 64.78579 0.43924 16.83588 2.79610 1.56627 0.05370 2.24290 3.98628 4.28230 3.01153
221147 P 0 1 64.78394 0.43915 16.83578 2.79894 1.56617 0.05374 2.24266 3.98593 4.28232 3.01137
221148 P 0 1 64.78210 0.43905 16.83569 2.80193 1.56600 0.05379 2.24236 3.98552 4.28235 3.01121
221149 P 0 1 64.78029 0.43894 16.83560 2.80507 1.56578 0.05383 2.24202 3.98503 4.28238 3.01106
221150 P 0 1 64.77851 0.43882 16.83553 2.80835 1.56549 0.05387 2.24162 3.98446 4.28241 3.01092
221151 P 0 1 64.37734 0.45829 16.83010 2.62169 1.72223 0.05722 2.43702 4.26116 4.27041 2.96454
221152 P 0 1 64.37541 0.45819 16.83003 2.62452 1.72215 0.05727 2.43679 4.26084 4.27045 2.96436
221153 P 0 1 64.37350 0.45808 16.82997 2.62744 1.72202 0.05732 2.43653 4.26048 4.27049 2.96419
221154 P 0 1 62.03752 0.49433 16.91589 3.38830 1.90458 0.07602 3.08484 5.13696 4.21328 2.74828
221155 P 0 1 62.03849 0.49423 16.91616 3.39058 1.90345 0.07600 3.08379 5.13556 4.21333 2.74841
221156 P 0 1 62.03949 0.49412 16.91645 3.39297 1.90227 0.07598 3.08270 5.13409 4.21338 2.74854
221157 P 0 1 62.04051 0.49401 16.91675 3.39547 1.90105 0.07596 3.08158 5.13257 4.21344 2.74867
221158 P 0 1 62.04154 0.49390 16.91705 3.39806 1.89979 0.07594 3.08041 5.13101 4.21349 2.74880
221159 P 0 1 62.04259 0.49379 16.91736 3.40075 1.89850 0.07592 3.07921 5.12939 4.21354 2.74894
221160 P 0 1 62.04366 0.49367 16.91768 3.40353 1.89717 0.07590 3.07798 5.12773 4.21360 2.74908
221161 P 0 1 62.04473 0.49354 16.91800 3.40640 1.89581 0.07588 3.07672 5.12604 4.21366 2.74923
221162 P 0 1 62.04581 0.49342 16.91833 3.40933 1.89443 0.07586 3.07543 5.12431 4.21372 2.74937
221163 P 0 1 62.04688 0.49329 16.91866 3.41233 1.89303 0.07584 3.07413 5.12255 4.21378 2.74952
221164 P 0 1 62.04795 0.49316 16.91899 3.41538 1.89161 0.07582 3.07281 5.12078 4.21384 2.74966
221165 P 0 1 62.04902 0.49303 16.91932 3.41847 1.89019 0.07580 3.07149 5.11899 4.21390 2.74981
221166 P 0 1 62.05007 0.49289 16.91965 3.42159 1.88876 0.07578 3.07015 5.11719 4.21396 2.74996
221167 P 0 1 62.05110 0.49276 16.91998 3.42474 1.88733 0.07576 3.06882 5.11540 4.21402 2.75010
221168 P 0 1 62.05211 0.49263 16.92031 3.42788 1.88591 0.07574 3.06750 5.11361 4.21407 2.75024
221169 P 0 1 62.05309 0.49250 16.92063 3.43102 1.88450 0.07572 3.06619 5.11185 4.21413 2.75038
221170 P 0 1 62.05404 0.49237 16.92094 3.43413 1.88312 0.07570 3.06489 5.11010 4.21419 2.75052
221171 P 0 1 62.05495 0.49224 16.92125 3.43720 1.88176 0.07568 3.06363 5.10839 4.21424 2.75065
221172 P 0 1 62.05582 0.49211 16.92155 3.44022 1.88044 0.07567 3.06239 5.10673 4.21430 2.75078
221173 P 0 1 62.05664 0.49199 16.92184 3.44317 1.87916 0.07565 3.06119 5.10511 4.21435 2.75090
221174 P 0 1 62.05741 0.49187 16.92211 3.44604 1.87792 0.07564 3.06004 5.10356 4.21440 2.75101
221175 P 0 1 62.05813 0.49176 16.92237 3.44881 1.87674 0.07562 3.05893 5.10206 4.21444 2.75112
221176 P 0 1 62.05879 0.49165 16.92262 3.45147 1.87561 0.07561 3.05788 5.10065 4.21449 2.75123
221177 P 0 1 62.05939 0.49155 16.92285 3.45401 1.87455 0.07560 3.05689 5.09931 4.21453 2.75132
221178 P 0 1 62.05993 0.49145 16.92307 3.45640 1.87356 0.07559 3.05597 5.09806 4.21457 2.75141
221179 P 0 1 62.06040 0.49136 16.92327 3.45865 1.87264 0.07558 3.05511 5.09691 4.21460 2.75148
221180 P 0 1 62.06080 0.49128 16.92344 3.46074 1.87180 0.07557 3.05433 5.09585 4.21464 2.75155
221181 P 0 1 62.06113 0.49120 16.92361 3.46265 1.87104 0.07556 3.05362 5.09490 4.21466 2.75161
221182 P 0 1 62.83876 0.49532 16.92807 2.90790 1.84696 0.06471 2.93426 4.93743 4.22787 2.81871
221183 P 0 1 62.83991 0.49534 16.92841 2.90763 1.84627 0.06467 2.93400 4.93707 4.22787 2.81883
221184 P 0 1 62.84104 0.49537 16.92874 2.90707 1.84566 0.06463 2.93383 4.93684 4.22787 2.81895
221185 P 0 1 62.84215 0.49541 16.92906 2.90623 1.84513 0.06458 2.93378 4.93674 4.22785 2.81907
221186 P 0 1 62.84324 0.49546 16.92938 2.90510 1.84467 0.06453 2.93382 4.93679 4.22783 2.81918
221187 P 0 1 62.84431 0.49553 16.92968 2.90368 1.84430 0.06448 2.93396 4.93697 4.22780 2.81928
221188 P 0 1 62.84536 0.49562 16.92998 2.90196 1.84400 0.06443 2.93421 4.93729 4.22777 2.81938
221189 P 0 1 62.84640 0.49572 16.93027 2.89995 1.84378 0.06437 2.93456 4.93775 4.22773 2.81948
221190 P 0 1 62.84743 0.49583 16.93055 2.89765 1.84363 0.06432 2.93501 4.93834 4.22768 2.81957
221191 P 0 1 62.84845 0.49596 16.93083 2.89506 1.84355 0.06426 2.93556 4.93907 4.22762 2.81966
221192 P 0 1 62.84946 0.49610 16.93110 2.89218 1.84354 0.06420 2.93620 4.93992 4.22756 2.81975
221193 P 0 1 62.85048 0.49626 16.93136 2.88903 1.84360 0.06413 2.93693 4.94089 4.22748 2.81983
221194 P 0 1 62.85150 0.49642 16.93162 2.88560 1.84372 0.06407 2.93776 4.94199 4.22741 2.81992
221195 P 0 1 62.85253 0.49661 16.93189 2.88190 1.84389 0.06400 2.93867 4.94320 4.22732 2.82000
221196 P 0 1 62.85357 0.49680 16.93214 2.87795 1.84411 0.06393 2.93966 4.94452 4.22723 2.82008
221197 P 0 1 62.85463 0.49701 16.93240 2.87375 1.84439 0.06385 2.94072 4.94595 4.22714 2.82016
221198 P 0 1 62.85570 0.49723 16.93266 2.86931 1.84470 0.06377 2.94187 4.94747 4.22703 2.82025
221199 P 0 1 62.99355 0.49044 16.95774 2.97583 1.75746 0.06152 2.86009 4.83620 4.23160 2.83556
221200 P 0 1 62.93822 0.48978 16.94811 3.00269 1.77681 0.06303 2.87000 4.84995 4.23139 2.83001
221201 P 0 1 62.93936 0.49005 16.94840 2.99701 1.77740 0.06295 2.87150 4.85198 4.23127 2.83008
221202 P 0 1 62.94055 0.49033 16.94869 2.99111 1.77802 0.06286 2.87306 4.85408 4.23115 2.83015
221203 P 0 1 62.94178 0.49062 16.94899 2.98501 1.77865 0.06277 2.87467 4.85625 4.23103 2.83023
221204 P 0 1 62.94305 0.49092 16.94930 2.97872 1.77930 0.06268 2.87634 4.85849 4.23090 2.83031
221205 P 0 1 62.94437 0.49123 16.94962 2.97224 1.77997 0.06259 2.87805 4.86079 4.23076 2.83039
221206 P 0 1 62.94574 0.49155 16.94994 2.96559 1.78065 0.06249 2.87980 4.86314 4.23062 2.83047
221207 P 0 1 62.94715 0.49187 16.95028 2.95878 1.78133 0.06239 2.88159 4.86555 4.23048 2.83056
221208 P 0 1 62.94861 0.49221 16.95062 2.95182 1.78203 0.06228 2.88342 4.86801 4.23034 2.83066
221209 P 0 1 62.95012 0.49255 16.95098 2.94471 1.78272 0.06218 2.88529 4.87052 4.23018 2.83076
221210 P 0 1 62.95167 0.49289 16.95134 2.93747 1.78342 0.06207 2.88718 4.87306 4.23003 2.83086
221211 P 0 1 62.95326 0.49325 16.95171 2.93012 1.78412 0.06196 2.88911 4.87565 4.22987 2.83096
221212 P 0 1 62.95489 0.49361 16.95209 2.92266 1.78481 0.06184 2.89105 4.87826 4.22971 2.83107
221213 P 0 1 62.52570 0.48986 17.04796 3.46231 1.60383 0.05999 2.90290 4.88759 4.21833 2.80154
221214 P 0 1 62.52773 0.49038 17.04828 3.44966 1.60587 0.05990 2.90627 4.89216 4.21819 2.80157
221215 P 0 1 62.52980 0.49090 17.04860 3.43698 1.60790 0.05980 2.90965 4.89673 4.21805 2.80160
221216 P 0 1 62.53188 0.49143 17.04892 3.42428 1.60991 0.05970 2.91303 4.90131 4.21790 2.80164
221217 P 0 1 62.53397 0.49195 17.04924 3.41158 1.61192 0.05960 2.91641 4.90588 4.21775 2.80168
221218 P 0 1 62.53607 0.49248 17.04957 3.39892 1.61390 0.05950 2.91979 4.91044 4.21760 2.80173
221219 P 0 1 62.53817 0.49300 17.04989 3.38631 1.61588 0.05940 2.92315 4.91499 4.21745 2.80177
221220 P 0 1 62.54026 0.49352 17.05020 3.37378 1.61783 0.05930 2.92649 4.91950 4.21730 2.80182
221221 P 0 1 62.54233 0.49404 17.05051 3.36137 1.61976 0.05919 2.92980 4.92398 4.21714 2.80187
221222 P 0 1 62.54437 0.49456 17.05081 3.34911 1.62166 0.05909 2.93308 4.92841 4.21699 2.80192
221223 P 0 1 62.54637 0.49507 17.05110 3.33704 1.62354 0.05899 2.93632 4.93277 4.21683 2.80197
221224 P 0 1 62.54832 0.49557 17.05138 3.32519 1.62538 0.05889 2.93950 4.93707 4.21668 2.80202
221225 P 0 1 62.55021 0.49606 17.05164 3.31363 1.62719 0.05880 2.94262 4.94127 4.21653 2.80207
221226 P 0 1 63.66248 0.48833 16.87082 2.49900 1.85343 0.05881 2.74483 4.68438 4.24509 2.89283
221227 P 0 1 65.76265 0.44877 16.48697 1.67085 2.06684 0.05505 2.19621 3.92939 4.28809 3.09518
221228 P 0 1 65.76360 0.44893 16.48755 1.66915 2.06590 0.05496 2.19665 3.92998 4.28796 3.09532
221229 P 0 1 65.76448 0.44908 16.48807 1.66743 2.06509 0.05487 2.19711 3.93060 4.28783 3.09545
221230 P 0 1 65.76525 0.44923 16.48853 1.66568 2.06441 0.05479 2.19758 3.93125 4.28770 3.09557
221231 P 0 1 65.76593 0.44939 16.48891 1.66390 2.06389 0.05471 2.19808 3.93194 4.28758 3.09567
221232 P 0 1 65.76649 0.44954 16.48921 1.66210 2.06354 0.05464 2.19861 3.93267 4.28745 3.09576
221233 P 0 1 65.76692 0.44968 16.48943 1.66027 2.06338 0.05458 2.19916 3.93343 4.28733 3.09583
221234 P 0 1 65.76721 0.44983 16.48955 1.65841 2.06342 0.05452 2.19974 3.93425 4.28721 3.09588
221235 P 0 1 65.76736 0.44997 16.48956 1.65651 2.06367 0.05447 2.20035 3.93511 4.28709 3.09591
221236 P 0 1 65.76735 0.45011 16.48948 1.65458 2.06415 0.05443 2.20100 3.93602 4.28697 3.09592
221237 P 0 1 66.57442 0.44094 16.30137 1.30440 2.15213 0.04953 2.02274 3.68035 4.28950 3.18463
221238 P 0 1 66.57438 0.44090 16.30130 1.30469 2.15222 0.04955 2.02263 3.68019 4.28953 3.18462
221239 P 0 1 66.57410 0.44088 16.30109 1.30480 2.15265 0.04957 2.02262 3.68018 4.28955 3.18458
221240 P 0 1 66.57358 0.44087 16.30073 1.30470 2.15343 0.04959 2.02271 3.68033 4.28955 3.18451
221241 P 0 1 66.57282 0.44087 16.30023 1.30439 2.15456 0.04962 2.02291 3.68064 4.28955 3.18441
221242 P 0 1 66.57181 0.44089 16.29958 1.30386 2.15605 0.04966 2.02323 3.68112 4.28953 3.18428
221243 P 0 1 66.57055 0.44092 16.29878 1.30311 2.15790 0.04970 2.02366 3.68176 4.28949 3.18412
221244 P 0 1 66.56905 0.44096 16.29784 1.30214 2.16009 0.04974 2.02421 3.68258 4.28944 3.18394
221245 P 0 1 66.56731 0.44102 16.29676 1.30093 2.16263 0.04979 2.02487 3.68357 4.28938 3.18373
221246 P 0 1 66.56533 0.44109 16.29555 1.29951 2.16551 0.04985 2.02565 3.68473 4.28930 3.18349
221247 P 0 1 66.56312 0.44117 16.29420 1.29786 2.16870 0.04990 2.02654 3.68606 4.28921 3.18323
221248 P 0 1 66.56070 0.44127 16.29273 1.29598 2.17221 0.04997 2.02755 3.68755 4.28909 3.18294
221249 P 0 1 66.55807 0.44139 16.29115 1.29389 2.17600 0.05003 2.02866 3.68920 4.28897 3.18263
221250 P 0 1 66.55524 0.44152 16.28946 1.29159 2.18006 0.05009 2.02989 3.69101 4.28882 3.18230
221251 P 0 1 66.55223 0.44167 16.28767 1.28909 2.18438 0.05016 2.03121 3.69297 4.28866 3.18195
221252 P 0 1 66.54905 0.44183 16.28580 1.28640 2.18893 0.05023 2.03263 3.69507 4.28849 3.18159
221253 P 0 1 66.54571 0.44201 16.28384 1.28352 2.19368 0.05029 2.03414 3.69730 4.28830 3.18120
221254 P 0 1 66.54223 0.44219 16.28182 1.28048 2.19862 0.05036 2.03574 3.69965 4.28809 3.18081
221255 P 0 1 66.53862 0.44240 16.27973 1.27728 2.20373 0.05043 2.03741 3.70212 4.28787 3.18040
221256 P 0 1 66.53490 0.44261 16.27760 1.27394 2.20897 0.05049 2.03916 3.70470 4.28764 3.17998
221257 P 0 1 66.53108 0.44284 16.27542 1.27047 2.21434 0.05056 2.04097 3.70736 4.28739 3.17956
221258 P 0 1 66.52718 0.44307 16.27321 1.26690 2.21979 0.05062 2.04284 3.71011 4.28714 3.17913
221259 P 0 1 66.52322 0.44332 16.27098 1.26323 2.22532 0.05068 2.04476 3.71293 4.28687 3.17869
221260 P 0 1 66.51921 0.44357 16.26874 1.25948 2.23089 0.05074 2.04672 3.71580 4.28659 3.17826
221261 P 0 1 66.51516 0.44383 16.26649 1.25568 2.23649 0.05080 2.04870 3.71872 4.28631 3.17782
221262 P 0 1 66.51109 0.44410 16.26425 1.25183 2.24209 0.05086 2.05072 3.72166 4.28601 3.17738
221263 P 0 1 66.50703 0.44437 16.26202 1.24797 2.24767 0.05091 2.05274 3.72463 4.28572 3.17694
221264 P 0 1 66.50297 0.44465 16.25981 1.24410 2.25322 0.05096 2.05477 3.72760 4.28542 3.17651
221265 P 0 1 66.49895 0.44492 16.25763 1.24024 2.25870 0.05101 2.05680 3.73057 4.28511 3.17609
221266 P 0 1 66.49496 0.44520 16.25548 1.23640 2.26410 0.05105 2.05881 3.73351 4.28481 3.17567
221267 P 0 1 66.49103 0.44548 16.25338 1.23262 2.26941 0.05109 2.06081 3.73643 4.28450 3.17526
221268 P 0 1 66.48718 0.44575 16.25132 1.22889 2.27459 0.05113 2.06277 3.73930 4.28420 3.17486
221269 P 0 1 66.48341 0.44602 16.24932 1.22524 2.27965 0.05117 2.06470 3.74212 4.28390 3.17447
221270 P 0 1 66.47973 0.44629 16.24738 1.22168 2.28457 0.05120 2.06659 3.74487 4.28360 3.17409
221271 P 0 1 66.47616 0.44655 16.24551 1.21821 2.28932 0.05124 2.06843 3.74755 4.28332 3.17372
221272 P 0 1 66.47271 0.44680 16.24371 1.21486 2.29390 0.05127 2.07021 3.75014 4.28303 3.17337
221273 P 0 1 66.46938 0.44705 16.24198 1.21164 2.29829 0.05129 2.07193 3.75265 4.28276 3.17304
221274 P 0 1 66.46619 0.44728 16.24033 1.20854 2.30250 0.05132 2.07358 3.75505 4.28249 3.17271
221275 P 0 1 66.46315 0.44751 16.23876 1.20558 2.30650 0.05134 2.07516 3.75736 4.28224 3.17241
221276 P 0 1 66.46025 0.44773 16.23727 1.20277 2.31029 0.05136 2.07667 3.75955 4.28199 3.17212
221277 P 0 1 66.45752 0.44794 16.23587 1.20011 2.31387 0.05138 2.07809 3.76162 4.28176 3.17184
221278 P 0 1 66.45494 0.44814 16.23455 1.19760 2.31723 0.05140 2.07944 3.76358 4.28154 3.17159
221279 P 0 1 66.45252 0.44832 16.23333 1.19526 2.32037 0.05141 2.08070 3.76541 4.28133 3.17135
221280 P 0 1 66.45027 0.44849 16.23218 1.19307 2.32328 0.05143 2.08188 3.76713 4.28114 3.17113
221281 P 0 1 66.44819 0.44865 16.23113 1.19104 2.32598 0.05144 2.08297 3.76871 4.28096 3.17092
221282 P 0 1 66.44627 0.44880 16.23016 1.18918 2.32846 0.05145 2.08398 3.77018 4.28079 3.17073
221283 P 0 1 66.44452 0.44894 16.22928 1.18747 2.33071 0.05146 2.08490 3.77151 4.28064 3.17056
221284 P 0 1 66.44293 0.44906 16.22849 1.18593 2.33276 0.05147 2.08574 3.77273 4.28050 3.17041
221285 P 0 1 66.44150 0.44918 16.22777 1.18453 2.33459 0.05148 2.08649 3.77382 4.28037 3.17027
221286 P 0 1 66.44023 0.44928 16.22714 1.18329 2.33622 0.05148 2.08716 3.77480 4.28026 3.17014
221287 P 0 1 66.43911 0.44937 16.22658 1.18220 2.33765 0.05149 2.08776 3.77566 4.28016 3.17003
221288 P 0 1 66.43814 0.44944 16.22610 1.18125 2.33889 0.05149 2.08827 3.77641 4.28007 3.16994
221289 P 0 1 66.43731 0.44951 16.22569 1.18043 2.33995 0.05150 2.08871 3.77705 4.27999 3.16986
221290 P 0 1 66.43662 0.44957 16.22534 1.17975 2.34083 0.05150 2.08908 3.77759 4.27993 3.16979
221291 P 0 1 66.43606 0.44961 16.22507 1.17919 2.34155 0.05150 2.08939 3.77802 4.27988 3.16974
221292 P 0 1 66.43562 0.44965 16.22485 1.17875 2.34210 0.05150 2.08962 3.77837 4.27984 3.16970
221293 P 0 1 66.43530 0.44967 16.22470 1.17843 2.34251 0.05150 2.08980 3.77862 4.27981 3.16967
221294 P 0 1 66.43509 0.44969 16.22459 1.17821 2.34277 0.05150 2.08991 3.77879 4.27979 3.16965
221295 P 0 1 66.43499 0.44970 16.22454 1.17810 2.34290 0.05150 2.08998 3.77888 4.27978 3.16964
221370 P 0 1 74.71945 0.15378 13.42218 0.65043 1.21730 0.02943 0.25931 0.70658 4.27034 4.57119
221371 P 0 1 74.71897 0.15391 13.42318 0.64921 1.21746 0.02938 0.25956 0.70714 4.27018 4.57101
221372 P 0 1 74.71847 0.15405 13.42420 0.64795 1.21765 0.02933 0.25983 0.70771 4.27001 4.57081
221373 P 0 1 74.40472 0.15900 13.53597 0.70773 1.33170 0.03483 0.28568 0.76481 4.29148 4.48408
221374 P 0 1 74.40433 0.15915 13.53706 0.70626 1.33181 0.03475 0.28598 0.76544 4.29128 4.48392
221375 P 0 1 74.40391 0.15930 13.53816 0.70477 1.33197 0.03468 0.28629 0.76609 4.29109 4.48374
221376 P 0 1 74.40343 0.15945 13.53926 0.70326 1.33218 0.03461 0.28660 0.76676 4.29090 4.48355
221377 P 0 1 74.40291 0.15961 13.54037 0.70173 1.33243 0.03454 0.28692 0.76744 4.29071 4.48335
221378 P 0 1 74.40234 0.15977 13.54147 0.70019 1.33274 0.03447 0.28725 0.76814 4.29052 4.48313
221379 P 0 1 74.40170 0.15992 13.54257 0.69864 1.33312 0.03440 0.28758 0.76885 4.29033 4.48289
221380 P 0 1 74.40101 0.16008 13.54366 0.69709 1.33356 0.03433 0.28792 0.76957 4.29014 4.48263
221381 P 0 1 74.40025 0.16024 13.54473 0.69553 1.33407 0.03427 0.28827 0.77031 4.28996 4.48236
221382 P 0 1 74.39943 0.16040 13.54578 0.69399 1.33465 0.03421 0.28862 0.77106 4.28979 4.48207
221383 P 0 1 74.39854 0.16056 13.54680 0.69246 1.33532 0.03415 0.28897 0.77181 4.28963 4.48175
221384 P 0 1 74.39757 0.16072 13.54779 0.69095 1.33608 0.03410 0.28933 0.77257 4.28947 4.48142
221385 P 0 1 74.39653 0.16088 13.54873 0.68947 1.33694 0.03406 0.28968 0.77333 4.28932 4.48107
221386 P 0 1 74.39540 0.16103 13.54962 0.68803 1.33789 0.03402 0.29004 0.77410 4.28919 4.48069
221387 P 0 1 74.39419 0.16118 13.55044 0.68664 1.33896 0.03398 0.29040 0.77485 4.28907 4.48029
221388 P 0 1 74.39289 0.16132 13.55120 0.68531 1.34015 0.03396 0.29075 0.77561 4.28897 4.47986
221389 P 0 1 74.39150 0.16146 13.55187 0.68405 1.34145 0.03394 0.29109 0.77635 4.28889 4.47941
221390 P 0 1 74.39001 0.16158 13.55246 0.68287 1.34290 0.03393 0.29143 0.77707 4.28882 4.47894
221391 P 0 1 74.38842 0.16170 13.55294 0.68178 1.34448 0.03393 0.29176 0.77778 4.28879 4.47843
221392 P 0 1 74.38673 0.16181 13.55330 0.68080 1.34620 0.03394 0.29207 0.77846 4.28877 4.47790
221393 P 0 1 73.69824 0.18766 13.94599 0.70705 1.46342 0.03507 0.38263 0.96782 4.30658 4.30553
221394 P 0 1 73.69761 0.18763 13.94559 0.70736 1.46424 0.03512 0.38262 0.96780 4.30668 4.30536
221395 P 0 1 73.69686 0.18758 13.94503 0.70783 1.46524 0.03518 0.38258 0.96773 4.30681 4.30517
221396 P 0 1 73.69598 0.18751 13.94432 0.70847 1.46641 0.03526 0.38251 0.96761 4.30698 4.30494
221397 P 0 1 73.69499 0.18742 13.94344 0.70931 1.46778 0.03535 0.38241 0.96743 4.30719 4.30469
221398 P 0 1 73.31624 0.20293 14.14868 0.71584 1.52566 0.03537 0.44039 1.08384 4.31312 4.21793
221399 P 0 1 72.75419 0.22398 14.41631 0.74412 1.61678 0.03666 0.52981 1.25785 4.32233 4.09798
221400 P 0 1 72.75566 0.22356 14.41418 0.74733 1.61678 0.03682 0.52874 1.25585 4.32281 4.09826
221401 P 0 1 72.75696 0.22312 14.41186 0.75081 1.61701 0.03701 0.52763 1.25375 4.32334 4.09850
221402 P 0 1 72.75809 0.22265 14.40934 0.75457 1.61747 0.03723 0.52646 1.25156 4.32392 4.09871
221403 P 0 1 72.75902 0.22214 14.40662 0.75862 1.61818 0.03746 0.52525 1.24929 4.32455 4.09887
221404 P 0 1 72.75975 0.22161 14.40370 0.76296 1.61914 0.03772 0.52398 1.24692 4.32523 4.09899
221405 P 0 1 72.56358 0.22494 14.48682 0.81882 1.63449 0.03978 0.54723 1.29156 4.33326 4.05952
221406 P 0 1 72.56414 0.22437 14.48353 0.82366 1.63578 0.04007 0.54585 1.28900 4.33397 4.05962
221407 P 0 1 72.56445 0.22378 14.48006 0.82881 1.63732 0.04040 0.54443 1.28636 4.33472 4.05967
221408 P 0 1 72.56448 0.22315 14.47640 0.83428 1.63912 0.04075 0.54297 1.28365 4.33553 4.05967
221409 P 0 1 72.56424 0.22251 14.47257 0.84007 1.64116 0.04112 0.54147 1.28088 4.33637 4.05962
221410 P 0 1 72.56370 0.22184 14.46857 0.84617 1.64345 0.04152 0.53994 1.27804 4.33727 4.05951
221411 P 0 1 72.56287 0.22115 14.46442 0.85257 1.64597 0.04195 0.53838 1.27515 4.33820 4.05934
221412 P 0 1 72.56173 0.22043 14.46014 0.85927 1.64871 0.04240 0.53680 1.27222 4.33917 4.05912
221413 P 0 1 72.56027 0.21971 14.45573 0.86626 1.65167 0.04288 0.53520 1.26925 4.34018 4.05885
221414 P 0 1 72.55850 0.21896 14.45121 0.87354 1.65482 0.04338 0.53359 1.26626 4.34122 4.05852
221415 P 0 1 72.55642 0.21821 14.44660 0.88109 1.65816 0.04390 0.53196 1.26324 4.34229 4.05814
221416 P 0 1 72.55402 0.21744 14.44191 0.88891 1.66166 0.04445 0.53032 1.26021 4.34339 4.05770
221417 P 0 1 72.55130 0.21666 14.43715 0.89698 1.66532 0.04501 0.52869 1.25717 4.34451 4.05721
221418 P 0 1 72.54828 0.21587 14.43234 0.90531 1.66910 0.04560 0.52704 1.25412 4.34566 4.05667
221419 P 0 1 72.54495 0.21508 14.42749 0.91388 1.67300 0.04621 0.52540 1.25107 4.34682 4.05608
221420 P 0 1 72.54133 0.21428 14.42261 0.92270 1.67700 0.04684 0.52376 1.24802 4.34800 4.05545
221421 P 0 1 72.53743 0.21348 14.41772 0.93176 1.68106 0.04748 0.52212 1.24498 4.34920 4.05478
221422 P 0 1 72.53325 0.21267 14.41281 0.94105 1.68518 0.04814 0.52048 1.24193 4.35041 4.05407
221423 P 0 1 72.52882 0.21186 14.40789 0.95059 1.68934 0.04882 0.51884 1.23888 4.35163 4.05332
221424 P 0 1 72.52413 0.21105 14.40298 0.96038 1.69351 0.04952 0.51720 1.23583 4.35287 4.05254
221425 P 0 1 72.65212 0.20634 14.32860 0.94231 1.69819 0.04995 0.49673 1.19646 4.35130 4.07800
221426 P 0 1 72.64695 0.20554 14.32394 0.95238 1.70214 0.05066 0.49517 1.19352 4.35255 4.07715
221427 P 0 1 72.64157 0.20474 14.31930 0.96267 1.70605 0.05139 0.49360 1.19058 4.35381 4.07627
221428 P 0 1 72.63602 0.20394 14.31468 0.97317 1.70992 0.05214 0.49204 1.18764 4.35507 4.07538
221429 P 0 1 72.63028 0.20315 14.31012 0.98381 1.71373 0.05289 0.49049 1.18473 4.35632 4.07447
221430 P 0 1 72.62438 0.20237 14.30565 0.99448 1.71751 0.05364 0.48898 1.18189 4.35756 4.07354
221431 P 0 1 72.61832 0.20162 14.30137 1.00496 1.72126 0.05438 0.48755 1.17920 4.35876 4.07258
