 Vistelius (1995)
SiO2 TiO2 Al2O3 Fe2O3 FeO MnO MgO CaO Na2O K2O
235664 P 0 1 65.85799 0.61495 16.43164 0.72425 3.72055 0.07428 2.04598 4.13918 3.30801 3.08317
235665 P 0 1 65.86780 0.61502 16.43214 0.76275 3.68928 0.07459 2.04469 4.12740 3.30948 3.07685
235666 P 0 1 65.81356 0.61808 16.43741 0.76608 3.70118 0.07479 2.06000 4.15022 3.30769 3.07100
235667 P 0 1 65.77876 0.62001 16.44068 0.76593 3.71047 0.07490 2.06977 4.16533 3.30647 3.06767
235668 P 0 1 65.77094 0.62037 16.44127 0.76129 3.71593 0.07488 2.07183 4.16965 3.30607 3.06776
235669 P 0 1 65.77116 0.61930 16.43860 0.70068 3.76189 0.07434 2.06909 4.18123 3.30425 3.07946
235670 P 0 1 65.83171 0.61570 16.43220 0.68811 3.75566 0.07403 2.05143 4.15730 3.30596 3.08789
235671 P 0 1 65.92844 0.61004 16.42204 0.67340 3.74153 0.07358 2.02362 4.11811 3.30883 3.10040
235672 P 0 1 66.06066 0.60242 16.40798 0.65792 3.71850 0.07301 1.98612 4.06380 3.31287 3.11672
235673 P 0 1 66.35228 0.58585 16.37588 0.63358 3.65949 0.07184 1.90509 3.94280 3.32199 3.15119
235674 P 0 1 66.54829 0.57478 16.35303 0.61881 3.61827 0.07106 1.85156 3.86165 3.32809 3.17446
235675 P 0 1 66.76466 0.56265 16.32674 0.60508 3.57036 0.07022 1.79345 3.77208 3.33483 3.19994
235676 P 0 1 67.11141 0.54315 16.28119 0.57835 3.49700 0.06880 1.70167 3.63026 3.34526 3.24290
235677 P 0 1 67.38177 0.52826 16.24399 0.56623 3.43189 0.06778 1.63232 3.51926 3.35358 3.27492
235678 P 0 1 67.61179 0.51565 16.21061 0.55653 3.37561 0.06691 1.57441 3.42543 3.36057 3.30251
235679 P 0 1 67.83315 0.50359 16.17703 0.54841 3.32009 0.06607 1.51969 3.33556 3.36726 3.32915
235680 P 0 1 68.04124 0.49234 16.14413 0.54200 3.26661 0.06529 1.46917 3.25147 3.37351 3.35424
235681 P 0 1 68.23254 0.48206 16.11275 0.53728 3.21621 0.06459 1.42352 3.17451 3.37924 3.37731
235682 P 0 1 68.43858 0.47114 16.07803 0.53637 3.15823 0.06386 1.37541 3.09162 3.38551 3.40126
235683 P 0 1 68.58918 0.46315 16.05156 0.53448 3.11676 0.06332 1.34064 3.03157 3.38998 3.41937
235684 P 0 1 68.71738 0.45638 16.02846 0.53352 3.08084 0.06286 1.31141 2.98061 3.39379 3.43475
235685 P 0 1 68.82193 0.45088 16.00922 0.53313 3.05119 0.06248 1.28782 2.93919 3.39688 3.44728
235686 P 0 1 68.90235 0.44666 15.99416 0.53300 3.02822 0.06219 1.26982 2.90740 3.39925 3.45694
235687 P 0 1 68.95955 0.44367 15.98331 0.53292 3.01186 0.06199 1.25708 2.88486 3.40093 3.46384
235688 P 0 1 68.99594 0.44176 15.97633 0.53280 3.00149 0.06186 1.24901 2.87054 3.40199 3.46827
235689 P 0 1 69.01496 0.44076 15.97265 0.53264 2.99616 0.06179 1.24479 2.86309 3.40254 3.47062
235690 P 0 1 69.02029 0.44048 15.97160 0.53245 2.99477 0.06177 1.24361 2.86102 3.40268 3.47132
235709 P 0 1 71.81290 0.29801 15.25558 0.44043 2.24705 0.05013 0.69707 1.84092 3.46977 3.88815
235710 P 0 1 71.85041 0.29615 15.24317 0.43763 2.23793 0.04994 0.69072 1.82838 3.47041 3.89524
235711 P 0 1 71.88970 0.29422 15.23010 0.43475 2.22834 0.04975 0.68411 1.81527 3.47109 3.90267
235712 P 0 1 71.82843 0.29737 15.25129 0.44650 2.23806 0.05013 0.69473 1.83495 3.47043 3.88811
235713 P 0 1 71.94736 0.29225 15.21582 0.48479 2.17655 0.05001 0.67622 1.78997 3.47489 3.89215
235714 P 0 1 71.99256 0.29001 15.20052 0.47990 2.16653 0.04978 0.66869 1.77523 3.47560 3.90119
235715 P 0 1 72.03928 0.28771 15.18458 0.47500 2.15606 0.04954 0.66095 1.76002 3.47633 3.91055
235716 P 0 1 72.08734 0.28535 15.16805 0.47012 2.14517 0.04929 0.65304 1.74439 3.47707 3.92017
235717 P 0 1 72.13645 0.28295 15.15103 0.46536 2.13390 0.04904 0.64500 1.72845 3.47783 3.93000
235718 P 0 1 72.21468 0.27904 15.12309 0.45195 2.11986 0.04859 0.63215 1.70379 3.47872 3.94814
235719 P 0 1 72.26298 0.27670 15.10600 0.44808 2.10821 0.04835 0.62439 1.68812 3.47947 3.95769
235720 P 0 1 72.69841 0.25549 14.94291 0.39620 2.01480 0.04600 0.55596 1.55059 3.48475 4.05488
235721 P 0 1 72.72288 0.25435 14.93365 0.39548 2.00800 0.04589 0.55232 1.54278 3.48514 4.05952
235722 P 0 1 72.74472 0.25334 14.92542 0.39527 2.00162 0.04579 0.54909 1.53577 3.48552 4.06346
235723 P 0 1 72.99714 0.24158 14.82651 0.38313 1.93469 0.04459 0.51213 1.45646 3.48913 4.11464
235724 P 0 1 73.16242 0.23397 14.75932 0.37485 1.89103 0.04380 0.48864 1.40538 3.49131 4.14929
235725 P 0 1 73.14359 0.23486 14.76735 0.37754 1.89478 0.04391 0.49136 1.41103 3.49118 4.14439
235726 P 0 1 73.11689 0.23613 14.77862 0.38090 1.90043 0.04406 0.49521 1.41908 3.49097 4.13772
235727 P 0 1 73.08086 0.23783 14.79364 0.38488 1.90843 0.04425 0.50040 1.43002 3.49064 4.12905
235728 P 0 1 72.59686 0.26084 14.98519 0.43412 2.01881 0.04681 0.57248 1.57982 3.48511 4.01996
235729 P 0 1 72.56516 0.26237 14.99718 0.43769 2.02580 0.04698 0.57737 1.58976 3.48472 4.01298
235730 P 0 1 72.52175 0.26445 15.01338 0.44162 2.03602 0.04720 0.58407 1.60350 3.48412 4.00389
235731 P 0 1 72.53365 0.26386 15.00884 0.43927 2.03407 0.04713 0.58220 1.59987 3.48421 4.00691
235732 P 0 1 72.71059 0.25543 14.94201 0.42518 1.99112 0.04624 0.55520 1.54394 3.48668 4.04360
235733 P 0 1 72.77676 0.25210 14.91506 0.40799 1.98317 0.04579 0.54487 1.52434 3.48687 4.06305
235734 P 0 1 72.66186 0.25736 14.95795 0.40635 2.01855 0.04626 0.56180 1.56148 3.48470 4.04367
235735 P 0 1 72.52571 0.26359 15.00735 0.40244 2.06198 0.04679 0.58210 1.60608 3.48194 4.02200
235736 P 0 1 72.31908 0.27339 15.08204 0.41024 2.11811 0.04773 0.61421 1.67334 3.47844 3.98341
235737 P 0 1 72.19286 0.27936 15.12595 0.41199 2.15455 0.04827 0.63412 1.71518 3.47604 3.96168
235738 P 0 1 72.10505 0.28351 15.15573 0.41175 2.18098 0.04863 0.64809 1.74463 3.47425 3.94740
235739 P 0 1 72.06760 0.28523 15.16799 0.40967 2.19373 0.04876 0.65400 1.75742 3.47335 3.94225
235740 P 0 1 72.07139 0.28499 15.16627 0.40667 2.19484 0.04871 0.65324 1.75642 3.47325 3.94424
235741 P 0 1 72.10123 0.28351 15.15579 0.40372 2.18811 0.04855 0.64830 1.74664 3.47368 3.95046
235742 P 0 1 72.14842 0.28123 15.13944 0.40116 2.17589 0.04833 0.64064 1.73103 3.47448 3.95937
235743 P 0 1 72.34874 0.27185 15.07058 0.40298 2.11454 0.04753 0.60927 1.66418 3.47858 3.99175
235744 P 0 1 72.43017 0.26801 15.04147 0.40099 2.09162 0.04717 0.59661 1.63752 3.48004 4.00641
235745 P 0 1 72.51878 0.26385 15.00935 0.39895 2.06658 0.04678 0.58300 1.60866 3.48160 4.02247
235746 P 0 1 72.61188 0.25949 14.97505 0.39676 2.04029 0.04636 0.56887 1.57853 3.48320 4.03955
235747 P 0 1 72.70758 0.25503 14.93921 0.39436 2.01338 0.04594 0.55453 1.54780 3.48480 4.05738
235748 P 0 1 72.80484 0.25051 14.90215 0.39171 1.98616 0.04550 0.54014 1.51680 3.48637 4.07582
235749 P 0 1 72.90338 0.24595 14.86392 0.38876 1.95877 0.04505 0.52575 1.48565 3.48790 4.09487
235750 P 0 1 73.00357 0.24134 14.82434 0.38546 1.93113 0.04459 0.51132 1.45424 3.48939 4.11463
235751 P 0 1 73.10614 0.23663 14.78305 0.38173 1.90306 0.04411 0.49674 1.42237 3.49085 4.13531
235752 P 0 1 73.21210 0.23179 14.73958 0.37752 1.87431 0.04361 0.48190 1.38975 3.49228 4.15716
235753 P 0 1 73.32243 0.22677 14.69342 0.37277 1.84461 0.04309 0.46669 1.35611 3.49368 4.18043
235754 P 0 1 73.43786 0.22155 14.64411 0.36746 1.81376 0.04253 0.45104 1.32126 3.49506 4.20537
235755 P 0 1 73.55861 0.21613 14.59142 0.36159 1.78169 0.04194 0.43496 1.28520 3.49640 4.23207
235756 P 0 1 73.45768 0.22134 14.64105 0.40847 1.78088 0.04286 0.44967 1.31176 3.49793 4.18836
235757 P 0 1 73.55125 0.21718 14.60068 0.40766 1.75379 0.04244 0.43731 1.28356 3.49923 4.20689
235758 P 0 1 73.60800 0.21480 14.57679 0.41787 1.73080 0.04229 0.43010 1.26555 3.50060 4.21320
235759 P 0 1 73.70513 0.21042 14.53299 0.40776 1.70844 0.04176 0.41739 1.23757 3.50134 4.23720
235760 P 0 1 73.82209 0.20525 14.47974 0.40142 1.67795 0.04118 0.40246 1.20363 3.50249 4.26379
235761 P 0 1 74.03407 0.19604 14.38099 0.39567 1.61923 0.04018 0.37625 1.14254 3.50472 4.31031
235762 P 0 1 74.12503 0.19211 14.33734 0.39140 1.59515 0.03973 0.36526 1.11687 3.50549 4.33164
235763 P 0 1 74.09011 0.19339 14.35233 0.37571 1.61488 0.03974 0.36909 1.12815 3.50411 4.33248
235764 P 0 1 74.14393 0.19109 14.32645 0.37436 1.59987 0.03949 0.36266 1.11290 3.50462 4.34462
235765 P 0 1 74.17816 0.18964 14.30998 0.37451 1.58972 0.03934 0.35862 1.10317 3.50501 4.35185
235766 P 0 1 74.19395 0.18900 14.30254 0.37614 1.58410 0.03928 0.35681 1.09856 3.50528 4.35435
235767 P 0 1 74.13427 0.19159 14.33188 0.38122 1.59854 0.03960 0.36396 1.11510 3.50496 4.33889
235768 P 0 1 73.99158 0.19789 14.40122 0.39848 1.62999 0.04040 0.38146 1.15454 3.50439 4.30004
235769 P 0 1 73.95958 0.19934 14.41668 0.40449 1.63578 0.04060 0.38547 1.16325 3.50437 4.29045
235770 P 0 1 73.98065 0.19843 14.40689 0.40504 1.62929 0.04051 0.38290 1.15710 3.50465 4.29454
235771 P 0 1 73.93149 0.20057 14.42993 0.40685 1.64260 0.04074 0.38896 1.17118 3.50417 4.28350
235772 P 0 1 74.08338 0.19425 14.35974 0.43005 1.58498 0.04025 0.37075 1.12513 3.50721 4.30426
235773 P 0 1 74.01770 0.19714 14.39124 0.43931 1.59883 0.04063 0.37877 1.14303 3.50695 4.28640
235774 P 0 1 73.94680 0.20026 14.42480 0.44905 1.61393 0.04102 0.38752 1.16249 3.50661 4.26751
235775 P 0 1 73.87161 0.20359 14.45987 0.45916 1.63008 0.04144 0.39690 1.18327 3.50619 4.24788
235776 P 0 1 73.79308 0.20708 14.49597 0.46952 1.64706 0.04188 0.40682 1.20512 3.50570 4.22778
235777 P 0 1 73.71217 0.21068 14.53259 0.48005 1.66464 0.04232 0.41716 1.22779 3.50514 4.20745
235778 P 0 1 73.62993 0.21437 14.56925 0.49061 1.68259 0.04277 0.42781 1.25099 3.50452 4.18717
235779 P 0 1 73.54745 0.21807 14.60546 0.50108 1.70066 0.04322 0.43862 1.27443 3.50384 4.16718
235780 P 0 1 73.46591 0.22175 14.64071 0.51132 1.71858 0.04365 0.44944 1.29775 3.50312 4.14776
235781 P 0 1 73.38657 0.22535 14.67452 0.52114 1.73609 0.04408 0.46009 1.32060 3.50237 4.12918
235782 P 0 1 73.31076 0.22880 14.70638 0.53037 1.75291 0.04448 0.47039 1.34259 3.50160 4.11172
235783 P 0 1 73.46150 0.22181 14.63447 0.62345 1.66333 0.04433 0.44835 1.28347 3.50695 4.11232
235784 P 0 1 72.97871 0.24406 14.84057 0.57615 1.82367 0.04626 0.51678 1.43954 3.49805 4.03621
235785 P 0 1 72.91823 0.24686 14.86422 0.58317 1.83725 0.04658 0.52548 1.45762 3.49729 4.02331
235786 P 0 1 72.75476 0.25449 14.92762 0.59037 1.88011 0.04735 0.54954 1.50866 3.49473 3.99237
235787 P 0 1 73.03165 0.24157 14.82102 0.53865 1.82862 0.04578 0.50952 1.42814 3.49754 4.05750
235788 P 0 1 72.73551 0.25540 14.93488 0.59275 1.88434 0.04745 0.55239 1.51448 3.49447 3.98833
235789 P 0 1 72.78075 0.25328 14.91805 0.58230 1.87698 0.04718 0.54577 1.50153 3.49491 3.99927
235790 P 0 1 72.71661 0.25626 14.94060 0.61579 1.87767 0.04767 0.55484 1.51707 3.49489 3.97861
235791 P 0 1 72.93215 0.24622 14.85879 0.58174 1.83403 0.04650 0.52347 1.45343 3.49747 4.02621
235792 P 0 1 72.87678 0.24873 14.87765 0.62334 1.82837 0.04699 0.53085 1.46473 3.49789 4.00468
235793 P 0 1 72.83285 0.25065 14.89150 0.65934 1.82292 0.04738 0.53649 1.47303 3.49819 3.98766
235794 P 0 1 72.14310 0.28089 15.10673 0.94674 1.88517 0.05160 0.63181 1.64560 3.49126 3.81710
235795 P 0 1 72.25272 0.27531 15.06410 0.96055 1.84980 0.05113 0.61322 1.60658 3.49353 3.83306
235796 P 0 1 72.23752 0.27606 15.06975 0.96023 1.85404 0.05120 0.61569 1.61166 3.49324 3.83061
235797 P 0 1 71.62436 0.30524 15.26791 1.04239 1.98622 0.05420 0.71365 1.80141 3.48195 3.72266
235798 P 0 1 71.59262 0.30682 15.27823 1.04349 1.99432 0.05435 0.71913 1.81209 3.48129 3.71767
235799 P 0 1 71.55971 0.30846 15.28885 1.04470 2.00268 0.05450 0.72482 1.82317 3.48060 3.71251
235800 P 0 1 71.52555 0.31016 15.29980 1.04602 2.01134 0.05465 0.73076 1.83468 3.47989 3.70716
235801 P 0 1 70.57492 0.35692 15.56326 1.17630 2.21252 0.05916 0.89875 2.14340 3.45941 3.55536
235802 P 0 1 70.53962 0.35875 15.57293 1.17725 2.22151 0.05931 0.90562 2.15604 3.45855 3.55041
235803 P 0 1 70.50217 0.36070 15.58310 1.17839 2.23099 0.05948 0.91292 2.16944 3.45765 3.54517
235804 P 0 1 70.46273 0.36275 15.59372 1.17972 2.24091 0.05965 0.92062 2.18355 3.45669 3.53966
235805 P 0 1 70.42154 0.36489 15.60470 1.18125 2.25121 0.05983 0.92870 2.19829 3.45568 3.53391
235806 P 0 1 70.37891 0.36710 15.61595 1.18299 2.26181 0.06002 0.93708 2.21354 3.45463 3.52797
235807 P 0 1 70.33525 0.36937 15.62735 1.18495 2.27258 0.06021 0.94569 2.22915 3.45356 3.52189
235808 P 0 1 70.29110 0.37166 15.63875 1.18714 2.28339 0.06040 0.95442 2.24492 3.45247 3.51574
235809 P 0 1 70.36948 0.36764 15.61891 1.18066 2.26527 0.06005 0.93915 2.21754 3.45438 3.52693
235810 P 0 1 70.32903 0.36973 15.62933 1.18316 2.27497 0.06023 0.94707 2.23185 3.45339 3.52123
235811 P 0 1 70.29036 0.37173 15.63918 1.18585 2.28412 0.06040 0.95466 2.24549 3.45244 3.51577
235812 P 0 1 70.25419 0.37359 15.64827 1.18869 2.29253 0.06057 0.96176 2.25820 3.45155 3.51065
235813 P 0 1 70.22123 0.37528 15.65643 1.19165 2.30004 0.06071 0.96823 2.26971 3.45075 3.50596
235814 P 0 1 70.19208 0.37677 15.66354 1.19467 2.30652 0.06085 0.97393 2.27982 3.45003 3.50179
235815 P 0 1 70.16724 0.37804 15.66950 1.19770 2.31185 0.06096 0.97877 2.28834 3.44943 3.49819
235816 P 0 1 70.14703 0.37906 15.67423 1.20067 2.31597 0.06105 0.98267 2.29515 3.44894 3.49522
235817 P 0 1 69.56934 0.40897 15.80716 1.25748 2.44472 0.06361 1.09982 2.49930 3.43423 3.41538
236043 P 0 1 73.81480 0.20575 14.47012 0.65748 1.54927 0.04283 0.40107 1.17333 3.51249 4.17286
236044 P 0 1 73.81146 0.20589 14.47166 0.65763 1.55013 0.04285 0.40150 1.17428 3.51246 4.17215
236045 P 0 1 73.80797 0.20605 14.47326 0.65778 1.55103 0.04287 0.40194 1.17527 3.51242 4.17141
236046 P 0 1 73.80440 0.20621 14.47491 0.65792 1.55196 0.04288 0.40239 1.17630 3.51238 4.17066
236047 P 0 1 73.80081 0.20637 14.47657 0.65803 1.55291 0.04290 0.40284 1.17733 3.51234 4.16991
236048 P 0 1 73.79736 0.20652 14.47817 0.65810 1.55383 0.04292 0.40328 1.17833 3.51230 4.16920
236049 P 0 1 73.79426 0.20666 14.47961 0.65809 1.55469 0.04293 0.40368 1.17924 3.51226 4.16858
236050 P 0 1 73.79185 0.20676 14.48075 0.65797 1.55542 0.04294 0.40399 1.17996 3.51223 4.16813
236051 P 0 1 73.79066 0.20682 14.48135 0.65765 1.55588 0.04295 0.40415 1.18036 3.51221 4.16796
236052 P 0 1 73.79148 0.20679 14.48106 0.65706 1.55592 0.04294 0.40407 1.18021 3.51220 4.16828
236053 P 0 1 73.79541 0.20662 14.47939 0.65603 1.55528 0.04292 0.40359 1.17921 3.51222 4.16932
236054 P 0 1 73.80386 0.20626 14.47569 0.65443 1.55365 0.04287 0.40256 1.17699 3.51228 4.17142
236055 P 0 1 73.81816 0.20564 14.46937 0.65211 1.55070 0.04280 0.40080 1.17315 3.51240 4.17488
236056 P 0 1 73.83878 0.20474 14.46016 0.64915 1.54628 0.04269 0.39827 1.16758 3.51257 4.17978
236057 P 0 1 73.86432 0.20363 14.44863 0.64598 1.54060 0.04255 0.39512 1.16062 3.51279 4.18575
236058 P 0 1 73.89115 0.20247 14.43635 0.64342 1.53429 0.04241 0.39181 1.15321 3.51304 4.19186
236059 P 0 1 73.91421 0.20145 14.42555 0.64257 1.52827 0.04230 0.38894 1.14665 3.51328 4.19677
236060 P 0 1 73.92892 0.20079 14.41830 0.64424 1.52346 0.04224 0.38705 1.14215 3.51350 4.19935
236061 P 0 1 73.93377 0.20055 14.41538 0.64823 1.52037 0.04223 0.38633 1.14015 3.51365 4.19933
236062 P 0 1 73.93143 0.20062 14.41575 0.65304 1.51893 0.04226 0.38648 1.14011 3.51375 4.19764
236063 P 0 1 73.92623 0.20082 14.41761 0.65696 1.51866 0.04230 0.38702 1.14103 3.51379 4.19559
236064 P 0 1 73.92089 0.20103 14.41978 0.65931 1.51912 0.04234 0.38761 1.14222 3.51379 4.19392
236065 P 0 1 73.91609 0.20124 14.42189 0.66039 1.51998 0.04236 0.38818 1.14344 3.51376 4.19267
236066 P 0 1 73.91173 0.20143 14.42391 0.66069 1.52105 0.04239 0.38872 1.14466 3.51371 4.19170
236067 P 0 1 73.90765 0.20161 14.42587 0.66060 1.52222 0.04241 0.38924 1.14585 3.51367 4.19089
236068 P 0 1 73.90377 0.20178 14.42776 0.66032 1.52341 0.04242 0.38973 1.14702 3.51361 4.19017
236069 P 0 1 73.90008 0.20195 14.42957 0.65996 1.52459 0.04244 0.39021 1.14814 3.51356 4.18951
236070 P 0 1 73.89658 0.20211 14.43129 0.65958 1.52572 0.04245 0.39066 1.14921 3.51351 4.18889
236071 P 0 1 73.89328 0.20226 14.43291 0.65921 1.52679 0.04247 0.39108 1.15023 3.51346 4.18831
236072 P 0 1 73.89018 0.20239 14.43443 0.65886 1.52780 0.04248 0.39148 1.15118 3.51342 4.18777
236073 P 0 1 73.88729 0.20253 14.43586 0.65853 1.52875 0.04249 0.39186 1.15206 3.51338 4.18726
236074 P 0 1 73.88460 0.20265 14.43718 0.65823 1.52962 0.04251 0.39220 1.15289 3.51334 4.18679
236259 P 0 1 65.78033 0.61725 16.43303 0.63514 3.81307 0.07365 2.06193 4.18881 3.30235 3.09444
236260 P 0 1 65.76290 0.61829 16.43490 0.63819 3.81516 0.07374 2.06705 4.19586 3.30185 3.09206
236261 P 0 1 66.09743 0.59905 16.39984 0.60622 3.75210 0.07235 1.97191 4.05654 3.31225 3.13232
236262 P 0 1 66.06240 0.60109 16.40376 0.61050 3.75791 0.07251 1.98187 4.07094 3.31121 3.12782
236263 P 0 1 66.01428 0.60387 16.40901 0.61568 3.76650 0.07272 1.99552 4.09085 3.30974 3.12184
236264 P 0 1 65.95562 0.60725 16.41528 0.62165 3.77726 0.07296 2.01219 4.11519 3.30794 3.11466
236265 P 0 1 65.89021 0.61102 16.42214 0.62820 3.78934 0.07324 2.03082 4.14238 3.30591 3.10673
236266 P 0 1 65.82102 0.61501 16.42927 0.63517 3.80207 0.07352 2.05061 4.17117 3.30376 3.09839
236267 P 0 1 66.02039 0.60449 16.41153 0.65184 3.73434 0.07308 1.99676 4.08220 3.31127 3.11411
236268 P 0 1 65.95839 0.60808 16.41818 0.65964 3.74465 0.07335 2.01441 4.10760 3.30940 3.10631
236269 P 0 1 65.89513 0.61175 16.42484 0.66761 3.75516 0.07363 2.03247 4.13353 3.30748 3.09840
236270 P 0 1 65.83106 0.61546 16.43147 0.67569 3.76579 0.07391 2.05083 4.15983 3.30552 3.09044
236271 P 0 1 65.76666 0.61919 16.43800 0.68381 3.77648 0.07419 2.06935 4.18628 3.30355 3.08249
236272 P 0 1 65.70255 0.62291 16.44437 0.69189 3.78713 0.07447 2.08784 4.21264 3.30158 3.07464
236273 P 0 1 66.20724 0.59504 16.39506 0.68969 3.65375 0.07286 1.94789 3.99512 3.31897 3.12439
236274 P 0 1 66.14996 0.59833 16.40139 0.69715 3.66335 0.07311 1.96393 4.01835 3.31724 3.11717
236275 P 0 1 66.09528 0.60148 16.40733 0.70402 3.67271 0.07335 1.97928 4.04059 3.31558 3.11038
236276 P 0 1 66.12687 0.60039 16.40575 0.74323 3.63482 0.07360 1.97218 4.01952 3.31786 3.10579
236277 P 0 1 66.08223 0.60291 16.41044 0.74706 3.64389 0.07377 1.98461 4.03797 3.31644 3.10067
236278 P 0 1 66.05084 0.60467 16.41368 0.74869 3.65104 0.07389 1.99333 4.05117 3.31541 3.09729
236279 P 0 1 66.03795 0.60537 16.41493 0.74742 3.65540 0.07392 1.99686 4.05697 3.31492 3.09627
236280 P 0 1 66.01786 0.60546 16.41430 0.68936 3.70486 0.07346 1.99984 4.07664 3.31245 3.10579
236281 P 0 1 66.05712 0.60314 16.40993 0.68165 3.70040 0.07326 1.98859 4.06112 3.31355 3.11125
236282 P 0 1 66.12656 0.59909 16.40225 0.67112 3.69009 0.07294 1.96890 4.03312 3.31559 3.12034
236283 P 0 1 66.22707 0.59330 16.39104 0.65865 3.67298 0.07250 1.94069 3.99215 3.31861 3.13302
236284 P 0 1 66.35796 0.58582 16.37617 0.64517 3.64843 0.07194 1.90437 3.93842 3.32260 3.14910
236285 P 0 1 66.47777 0.57982 16.36481 0.67151 3.59491 0.07182 1.87378 3.88270 3.32757 3.15530
236286 P 0 1 66.66137 0.56950 16.34299 0.65769 3.55590 0.07109 1.82413 3.80708 3.33329 3.17697
236287 P 0 1 67.02944 0.54807 16.29346 0.59673 3.50424 0.06927 1.72412 3.66183 3.34329 3.22953
236288 P 0 1 67.24461 0.53613 16.26438 0.58465 3.45461 0.06844 1.66831 3.57364 3.34987 3.25535
236289 P 0 1 67.49729 0.52224 16.22871 0.57354 3.39338 0.06748 1.60408 3.47028 3.35761 3.28540
236290 P 0 1 67.71638 0.51025 16.19615 0.56394 3.33993 0.06664 1.54932 3.38128 3.36422 3.31190
236291 P 0 1 68.04542 0.49210 16.14343 0.54159 3.26577 0.06528 1.46814 3.24983 3.37362 3.35483
236292 P 0 1 68.24610 0.48129 16.11033 0.53558 3.21378 0.06452 1.42020 3.16927 3.37958 3.37936
236293 P 0 1 68.43125 0.47140 16.07874 0.53157 3.16432 0.06384 1.37675 3.09521 3.38507 3.40185
236294 P 0 1 68.62994 0.46093 16.04400 0.53159 3.10747 0.06314 1.33113 3.01569 3.39108 3.42502
236295 P 0 1 68.77577 0.45325 16.01751 0.53089 3.06625 0.06262 1.29805 2.95779 3.39541 3.44247
236296 P 0 1 68.89924 0.44678 15.99456 0.53115 3.03060 0.06219 1.27039 2.90888 3.39907 3.45713
236297 P 0 1 68.99782 0.44164 15.97587 0.53186 3.00171 0.06184 1.24854 2.86994 3.40200 3.46878
236298 P 0 1 69.06969 0.43790 15.96203 0.53261 2.98045 0.06159 1.23272 2.84160 3.40413 3.47727
236299 P 0 1 69.11534 0.43553 15.95315 0.53316 2.96688 0.06143 1.22273 2.82363 3.40548 3.48266
236300 P 0 1 69.13799 0.43436 15.94872 0.53347 2.96012 0.06136 1.21779 2.81472 3.40615 3.48533
236301 P 0 1 69.14246 0.43413 15.94784 0.53357 2.95875 0.06134 1.21682 2.81296 3.40629 3.48584
236302 P 0 1 69.13366 0.43459 15.94958 0.53357 2.96128 0.06137 1.21874 2.81640 3.40603 3.48477
236303 P 0 1 69.08324 0.43736 15.96010 0.53992 2.97077 0.06162 1.23017 2.83528 3.40485 3.47670
236306 P 0 1 69.37690 0.42097 15.89588 0.49287 2.92386 0.06005 1.16352 2.72694 3.41111 3.52790
236307 P 0 1 69.15856 0.43285 15.94264 0.51465 2.96928 0.06108 1.21213 2.80918 3.40589 3.49373
236308 P 0 1 70.11435 0.38218 15.72737 0.45305 2.74082 0.05688 1.00846 2.45017 3.42937 3.63737
236309 P 0 1 70.30307 0.37211 15.67891 0.43369 2.70124 0.05594 0.96977 2.38164 3.43327 3.67038
236310 P 0 1 70.36555 0.36934 15.66567 0.44664 2.67187 0.05586 0.95859 2.35715 3.43562 3.67372
236311 P 0 1 70.38834 0.36814 15.65972 0.44473 2.66670 0.05575 0.95403 2.34890 3.43611 3.67759
236321 P 0 1 71.78570 0.29936 15.26460 0.44302 2.25325 0.05026 0.70171 1.84997 3.46932 3.88280
236322 P 0 1 71.82248 0.29755 15.25249 0.44032 2.24428 0.05009 0.69547 1.83765 3.46997 3.88971
236323 P 0 1 71.86080 0.29565 15.23981 0.43756 2.23489 0.04990 0.68900 1.82484 3.47063 3.89691
236324 P 0 1 71.90062 0.29369 15.22654 0.43475 2.22509 0.04971 0.68231 1.81155 3.47132 3.90441
236325 P 0 1 71.84042 0.29679 15.24740 0.44632 2.23463 0.05007 0.69273 1.83087 3.47068 3.89007
236326 P 0 1 71.95794 0.29173 15.21229 0.48436 2.17373 0.04996 0.67446 1.78643 3.47509 3.89400
236327 P 0 1 72.00250 0.28954 15.19720 0.47977 2.16369 0.04973 0.66706 1.77188 3.47580 3.90284
236328 P 0 1 72.04798 0.28730 15.18168 0.47525 2.15333 0.04950 0.65954 1.75705 3.47652 3.91185
236329 P 0 1 72.09407 0.28504 15.16583 0.47085 2.14270 0.04927 0.65197 1.74204 3.47725 3.92099
236330 P 0 1 72.16969 0.28126 15.13904 0.45753 2.12937 0.04883 0.63947 1.71820 3.47810 3.93851
236331 P 0 1 72.21419 0.27910 15.12344 0.45402 2.11860 0.04861 0.63228 1.70372 3.47881 3.94722
236332 P 0 1 72.25765 0.27699 15.10811 0.45086 2.10790 0.04840 0.62531 1.68959 3.47951 3.95567
236333 P 0 1 72.68528 0.25616 14.94830 0.39956 2.01635 0.04609 0.55805 1.55453 3.48472 4.05097
236334 P 0 1 72.70371 0.25530 14.94141 0.39947 2.01090 0.04601 0.55531 1.54860 3.48504 4.05424
236335 P 0 1 72.71837 0.25464 14.93598 0.39989 2.00623 0.04595 0.55316 1.54384 3.48533 4.05661
236336 P 0 1 73.14379 0.23486 14.76728 0.37759 1.89469 0.04391 0.49134 1.41096 3.49119 4.14441
236337 P 0 1 73.12441 0.23578 14.77546 0.38004 1.89877 0.04402 0.49413 1.41680 3.49104 4.13955
236338 P 0 1 73.09853 0.23700 14.78630 0.38303 1.90443 0.04416 0.49786 1.42464 3.49081 4.13324
236339 P 0 1 73.06522 0.23857 14.80011 0.38653 1.91196 0.04434 0.50266 1.43478 3.49049 4.12535
236340 P 0 1 72.54275 0.26343 15.00547 0.43871 2.03175 0.04709 0.58080 1.59696 3.48435 4.00870
236341 P 0 1 72.51940 0.26456 15.01423 0.44151 2.03678 0.04721 0.58443 1.60428 3.48407 4.00353
236342 P 0 1 72.48814 0.26606 15.02584 0.44458 2.04397 0.04737 0.58929 1.61418 3.48364 3.99692
236343 P 0 1 72.52415 0.26433 15.01243 0.44076 2.03588 0.04719 0.58369 1.60281 3.48412 4.00465
236344 P 0 1 72.58629 0.26103 14.98700 0.41539 2.03476 0.04667 0.57346 1.58514 3.48385 4.02642
236345 P 0 1 72.85998 0.24828 14.88327 0.40780 1.95852 0.04544 0.53273 1.49776 3.48832 4.07790
236346 P 0 1 72.78261 0.25171 14.91198 0.40139 1.98599 0.04570 0.54377 1.52307 3.48658 4.06720
236347 P 0 1 72.68952 0.25607 14.94751 0.40526 2.01106 0.04613 0.55765 1.55265 3.48514 4.04901
236348 P 0 1 72.51382 0.26413 15.01151 0.40143 2.06627 0.04683 0.58386 1.61006 3.48166 4.02044
236349 P 0 1 72.36876 0.27095 15.06379 0.40469 2.10729 0.04746 0.60624 1.65742 3.47908 3.99431
236350 P 0 1 72.28562 0.27485 15.09287 0.40456 2.13227 0.04781 0.61917 1.68496 3.47744 3.98046
236351 P 0 1 72.23995 0.27696 15.10848 0.40324 2.14691 0.04798 0.62627 1.70026 3.47645 3.97349
236352 P 0 1 72.22806 0.27748 15.11225 0.40118 2.15200 0.04800 0.62804 1.70441 3.47609 3.97248
236353 P 0 1 72.24212 0.27676 15.10704 0.39887 2.14951 0.04792 0.62571 1.69993 3.47623 3.97590
236354 P 0 1 72.27535 0.27515 15.09519 0.39660 2.14124 0.04776 0.62039 1.68907 3.47675 3.98250
236355 P 0 1 72.47689 0.26579 15.02442 0.39877 2.07925 0.04695 0.58936 1.62238 3.48079 4.01540
236356 P 0 1 72.54514 0.26258 14.99946 0.39677 2.06026 0.04664 0.57891 1.60025 3.48196 4.02803
236357 P 0 1 72.62143 0.25901 14.97123 0.39473 2.03890 0.04630 0.56735 1.57562 3.48325 4.04219
236358 P 0 1 72.70343 0.25518 14.94049 0.39256 2.01591 0.04594 0.55507 1.54929 3.48461 4.05753
236359 P 0 1 72.78940 0.25119 14.90778 0.39020 1.99185 0.04555 0.54233 1.52187 3.48600 4.07383
236360 P 0 1 72.87827 0.24707 14.87343 0.38762 1.96709 0.04514 0.52932 1.49373 3.48739 4.09094
236361 P 0 1 72.96951 0.24287 14.83759 0.38476 1.94181 0.04473 0.51612 1.46504 3.48877 4.10880
236362 P 0 1 73.06311 0.23857 14.80019 0.38158 1.91604 0.04429 0.50276 1.43585 3.49013 4.12748
236363 P 0 1 73.15936 0.23417 14.76107 0.37803 1.88973 0.04384 0.48920 1.40608 3.49147 4.14706
236364 P 0 1 73.25872 0.22964 14.71995 0.37407 1.86276 0.04338 0.47539 1.37561 3.49278 4.16771
236365 P 0 1 73.36164 0.22497 14.67656 0.36968 1.83501 0.04288 0.46129 1.34433 3.49407 4.18955
236366 P 0 1 73.46838 0.22016 14.63070 0.36484 1.80643 0.04237 0.44690 1.31219 3.49533 4.21269
236367 P 0 1 73.29662 0.22852 14.70885 0.40832 1.82858 0.04356 0.47134 1.36098 3.49551 4.15772
236368 P 0 1 73.44795 0.22177 14.64522 0.40867 1.78363 0.04291 0.45097 1.31469 3.49780 4.18639
236369 P 0 1 73.59950 0.21496 14.57891 0.40009 1.74432 0.04216 0.43084 1.26977 3.49946 4.22000
236370 P 0 1 73.53102 0.21824 14.61056 0.42059 1.75174 0.04265 0.44022 1.28841 3.49968 4.19689
236371 P 0 1 73.63867 0.21342 14.56307 0.41495 1.72357 0.04212 0.42607 1.25667 3.50086 4.22060
236372 P 0 1 73.73905 0.20896 14.51799 0.40983 1.69721 0.04163 0.41311 1.22732 3.50191 4.24299
236373 P 0 1 73.94458 0.19999 14.42372 0.40514 1.63978 0.04067 0.38732 1.16754 3.50422 4.28703
236374 P 0 1 74.04023 0.19573 14.37771 0.39165 1.61984 0.04012 0.37543 1.14112 3.50455 4.31363
236375 P 0 1 73.96926 0.19869 14.41039 0.38563 1.64434 0.04038 0.38392 1.16211 3.50334 4.30194
236376 P 0 1 74.01691 0.19664 14.38798 0.38471 1.63089 0.04016 0.37810 1.14842 3.50385 4.31233
236377 P 0 1 74.04804 0.19531 14.37335 0.38508 1.62152 0.04002 0.37435 1.13944 3.50423 4.31866
236378 P 0 1 74.06325 0.19468 14.36633 0.38672 1.61606 0.03997 0.37255 1.13494 3.50451 4.32100
236379 P 0 1 74.00000 0.19745 14.39666 0.39182 1.63154 0.04030 0.38030 1.15269 3.50409 4.30515
236380 P 0 1 73.98750 0.19804 14.40290 0.39584 1.63277 0.04039 0.38190 1.15595 3.50419 4.30052
236381 P 0 1 73.82351 0.20534 14.48021 0.41527 1.66919 0.04130 0.40253 1.20191 3.50331 4.25743
236382 P 0 1 73.85333 0.20404 14.46657 0.41495 1.66065 0.04117 0.39879 1.19320 3.50367 4.26364
236383 P 0 1 73.80830 0.20601 14.48718 0.41597 1.67322 0.04138 0.40445 1.20631 3.50316 4.25402
236384 P 0 1 73.97697 0.19890 14.41044 0.43969 1.61041 0.04081 0.38375 1.15475 3.50650 4.27777
236385 P 0 1 73.91414 0.20168 14.44001 0.44859 1.62364 0.04117 0.39156 1.17203 3.50620 4.26099
236386 P 0 1 73.84577 0.20471 14.47176 0.45804 1.63817 0.04155 0.40014 1.19095 3.50582 4.24309
236387 P 0 1 73.77272 0.20796 14.50522 0.46795 1.65380 0.04196 0.40940 1.21129 3.50537 4.22432
236388 P 0 1 73.69584 0.21140 14.53993 0.47821 1.67035 0.04238 0.41926 1.23285 3.50485 4.20492
236389 P 0 1 73.61603 0.21498 14.57544 0.48874 1.68761 0.04282 0.42963 1.25537 3.50425 4.18514
236390 P 0 1 73.53424 0.21866 14.61127 0.49943 1.70536 0.04326 0.44037 1.27861 3.50358 4.16522
236391 P 0 1 73.45156 0.22240 14.64694 0.51013 1.72335 0.04371 0.45137 1.30225 3.50286 4.14543
236392 P 0 1 73.36922 0.22613 14.68193 0.52070 1.74132 0.04415 0.46245 1.32596 3.50209 4.12605
236393 P 0 1 73.28862 0.22980 14.71567 0.53092 1.75897 0.04459 0.47343 1.34931 3.50129 4.10739
236394 P 0 1 73.07687 0.23952 14.80216 0.55429 1.80718 0.04569 0.50293 1.41182 3.49887 4.06068
236395 P 0 1 73.36042 0.22635 14.67691 0.63586 1.68585 0.04486 0.46179 1.31228 3.50586 4.08982
236396 P 0 1 73.30299 0.22892 14.70031 0.64607 1.69715 0.04517 0.46944 1.32826 3.50531 4.07639
236397 P 0 1 72.81408 0.25171 14.90440 0.59461 1.86095 0.04711 0.54064 1.48905 3.49590 4.00155
236403 P 0 1 72.86630 0.24928 14.88439 0.58809 1.84948 0.04684 0.53302 1.47338 3.49658 4.01265
236404 P 0 1 72.81295 0.25164 14.90069 0.64570 1.83524 0.04740 0.53979 1.48155 3.49746 3.98758
236405 P 0 1 72.62652 0.26011 14.96574 0.70908 1.85688 0.04855 0.56610 1.53099 3.49589 3.94013
236406 P 0 1 72.33776 0.27225 15.04746 0.88305 1.85881 0.05052 0.60382 1.59364 3.49404 3.85865
236407 P 0 1 72.20854 0.27736 15.07875 0.96833 1.85860 0.05136 0.61991 1.61963 3.49279 3.82474
236408 P 0 1 71.60063 0.30630 15.27423 1.05040 1.98936 0.05433 0.71728 1.80789 3.48154 3.71805
236415 P 0 1 70.46139 0.36271 15.59297 1.18591 2.23875 0.05967 0.92042 2.18263 3.45671 3.53885
236418 P 0 1 70.34841 0.36859 15.62294 1.18989 2.26708 0.06017 0.94267 2.22317 3.45394 3.52315
236419 P 0 1 70.30850 0.37066 15.63332 1.19166 2.27693 0.06034 0.95056 2.23747 3.45295 3.51761
236420 P 0 1 70.26819 0.37276 15.64369 1.19365 2.28679 0.06052 0.95855 2.25188 3.45195 3.51202
236421 P 0 1 70.22804 0.37485 15.65391 1.19585 2.29651 0.06069 0.96652 2.26622 3.45096 3.50644
236422 P 0 1 70.31541 0.37034 15.63192 1.18912 2.27614 0.06031 0.94936 2.23550 3.45310 3.51880
236423 P 0 1 70.28023 0.37216 15.64086 1.19156 2.28446 0.06046 0.95627 2.24792 3.45224 3.51384
236424 P 0 1 70.24728 0.37386 15.64914 1.19413 2.29213 0.06061 0.96275 2.25950 3.45143 3.50918
236425 P 0 1 70.21716 0.37541 15.65660 1.19680 2.29901 0.06074 0.96866 2.27003 3.45069 3.50490
236426 P 0 1 70.19040 0.37678 15.66314 1.19951 2.30498 0.06086 0.97390 2.27932 3.45004 3.50108
236427 P 0 1 70.16744 0.37795 15.66866 1.20221 2.30994 0.06097 0.97838 2.28722 3.44948 3.49776
236655 P 0 1 73.81713 0.20564 14.46905 0.65732 1.54869 0.04282 0.40078 1.17267 3.51252 4.17336
236656 P 0 1 73.81422 0.20577 14.47040 0.65744 1.54945 0.04284 0.40115 1.17350 3.51249 4.17275
236657 P 0 1 73.81126 0.20590 14.47176 0.65755 1.55022 0.04285 0.40152 1.17435 3.51245 4.17213
236658 P 0 1 73.80831 0.20603 14.47313 0.65764 1.55100 0.04287 0.40190 1.17520 3.51242 4.17151
236659 P 0 1 73.80548 0.20616 14.47444 0.65770 1.55176 0.04288 0.40226 1.17601 3.51239 4.17093
236660 P 0 1 73.80295 0.20627 14.47562 0.65769 1.55246 0.04289 0.40258 1.17676 3.51236 4.17042
236661 P 0 1 73.80094 0.20636 14.47657 0.65761 1.55306 0.04290 0.40284 1.17736 3.51233 4.17004
236662 P 0 1 73.79979 0.20642 14.47714 0.65739 1.55347 0.04290 0.40299 1.17773 3.51231 4.16986
236663 P 0 1 73.80000 0.20641 14.47711 0.65699 1.55359 0.04290 0.40298 1.17773 3.51230 4.17000
236664 P 0 1 73.80218 0.20632 14.47619 0.65634 1.55327 0.04289 0.40272 1.17719 3.51231 4.17060
236665 P 0 1 73.80714 0.20610 14.47402 0.65535 1.55233 0.04286 0.40211 1.17589 3.51235 4.17185
236666 P 0 1 73.81568 0.20573 14.47025 0.65395 1.55058 0.04281 0.40107 1.17360 3.51241 4.17392
236667 P 0 1 73.82837 0.20518 14.46458 0.65213 1.54786 0.04275 0.39950 1.17017 3.51252 4.17693
236668 P 0 1 73.84507 0.20446 14.45707 0.65005 1.54415 0.04266 0.39744 1.16562 3.51267 4.18082
236669 P 0 1 73.86451 0.20361 14.44823 0.64803 1.53965 0.04256 0.39504 1.16026 3.51285 4.18527
236670 P 0 1 73.88427 0.20275 14.43912 0.64661 1.53479 0.04246 0.39259 1.15473 3.51304 4.18964
236671 P 0 1 73.90135 0.20199 14.43107 0.64637 1.53016 0.04238 0.39045 1.14981 3.51323 4.19318
236672 P 0 1 73.91324 0.20146 14.42524 0.64764 1.52631 0.04233 0.38892 1.14618 3.51340 4.19528
236673 P 0 1 73.91906 0.20118 14.42208 0.65021 1.52358 0.04231 0.38811 1.14411 3.51354 4.19582
236674 P 0 1 73.91991 0.20112 14.42119 0.65334 1.52198 0.04232 0.38792 1.14340 3.51363 4.19520
236675 P 0 1 73.91785 0.20119 14.42172 0.65615 1.52133 0.04234 0.38809 1.14357 3.51367 4.19408
236676 P 0 1 73.91461 0.20132 14.42295 0.65815 1.52135 0.04236 0.38844 1.14421 3.51369 4.19292
236677 P 0 1 73.91108 0.20147 14.42444 0.65933 1.52182 0.04238 0.38884 1.14505 3.51367 4.19191
236678 P 0 1 73.90754 0.20162 14.42603 0.65987 1.52256 0.04240 0.38927 1.14599 3.51365 4.19105
236679 P 0 1 73.90409 0.20177 14.42766 0.66001 1.52346 0.04242 0.38970 1.14697 3.51361 4.19031
236680 P 0 1 73.90072 0.20192 14.42927 0.65991 1.52443 0.04244 0.39013 1.14796 3.51357 4.18965
236681 P 0 1 73.89747 0.20207 14.43085 0.65969 1.52543 0.04245 0.39054 1.14894 3.51353 4.18905
236682 P 0 1 73.89435 0.20221 14.43237 0.65940 1.52641 0.04246 0.39094 1.14989 3.51348 4.18848
236683 P 0 1 73.89137 0.20234 14.43383 0.65910 1.52737 0.04248 0.39133 1.15080 3.51344 4.18795
236684 P 0 1 73.88855 0.20247 14.43522 0.65879 1.52828 0.04249 0.39169 1.15166 3.51340 4.18745
236685 P 0 1 73.88589 0.20259 14.43652 0.65849 1.52915 0.04250 0.39203 1.15248 3.51336 4.18699
236686 P 0 1 73.88340 0.20270 14.43775 0.65821 1.52996 0.04251 0.39236 1.15324 3.51333 4.18655
236872 P 0 1 65.82567 0.61475 16.42881 0.63494 3.80102 0.07351 2.04930 4.16920 3.30392 3.09889
236873 P 0 1 66.15659 0.59572 16.39353 0.60291 3.73886 0.07213 1.95549 4.03163 3.31415 3.13899
236874 P 0 1 66.12453 0.59758 16.39717 0.60679 3.74422 0.07227 1.96457 4.04479 3.31320 3.13486
236875 P 0 1 66.07357 0.60052 16.40278 0.61187 3.75368 0.07249 1.97894 4.06591 3.31164 3.12859
236876 P 0 1 66.01008 0.60416 16.40962 0.61782 3.76579 0.07275 1.99687 4.09231 3.30968 3.12091
236877 P 0 1 65.94101 0.60813 16.41693 0.62426 3.77897 0.07304 2.01644 4.12107 3.30753 3.11262
236878 P 0 1 65.87015 0.61220 16.42429 0.63099 3.79238 0.07333 2.03661 4.15060 3.30532 3.10413
236879 P 0 1 66.07703 0.60127 16.40555 0.64738 3.72273 0.07285 1.98088 4.05856 3.31306 3.12068
236880 P 0 1 66.01902 0.60463 16.41188 0.65471 3.73236 0.07311 1.99734 4.08230 3.31132 3.11333
236881 P 0 1 65.96098 0.60800 16.41810 0.66210 3.74195 0.07337 2.01386 4.10605 3.30957 3.10602
236882 P 0 1 65.90335 0.61134 16.42419 0.66947 3.75144 0.07362 2.03032 4.12965 3.30783 3.09880
236883 P 0 1 65.84662 0.61463 16.43007 0.67677 3.76075 0.07387 2.04657 4.15289 3.30610 3.09172
236884 P 0 1 65.79149 0.61783 16.43570 0.68390 3.76978 0.07411 2.06241 4.17550 3.30442 3.08488
236885 P 0 1 66.33982 0.58757 16.38046 0.68022 3.62541 0.07235 1.91138 3.94004 3.32318 3.13958
236886 P 0 1 66.29728 0.59002 16.38538 0.68642 3.63205 0.07254 1.92323 3.95712 3.32194 3.13402
236887 P 0 1 66.34741 0.58796 16.38181 0.72611 3.58852 0.07274 1.91135 3.92826 3.32489 3.13095
236888 P 0 1 66.31216 0.58996 16.38577 0.73008 3.59503 0.07289 1.92106 3.94258 3.32381 3.12666
236889 P 0 1 66.28646 0.59141 16.38862 0.73252 3.60011 0.07299 1.92813 3.95311 3.32300 3.12363
236890 P 0 1 66.27404 0.59211 16.38997 0.73298 3.60309 0.07304 1.93153 3.95835 3.32259 3.12231
236891 P 0 1 66.24154 0.59287 16.39065 0.67574 3.65544 0.07262 1.93779 3.98293 3.31968 3.13074
236892 P 0 1 66.26835 0.59131 16.38756 0.67142 3.65162 0.07249 1.93026 3.97221 3.32045 3.13433
236893 P 0 1 66.31925 0.58837 16.38170 0.66451 3.64335 0.07226 1.91606 3.95163 3.32195 3.14091
236894 P 0 1 66.39628 0.58395 16.37275 0.65535 3.62981 0.07192 1.89472 3.92030 3.32426 3.15065
236895 P 0 1 66.50021 0.57802 16.36050 0.64448 3.61031 0.07148 1.86617 3.87784 3.32740 3.16358
236896 P 0 1 66.59075 0.57368 16.35214 0.67371 3.56258 0.07147 1.84373 3.83424 3.33146 3.16625
236897 P 0 1 66.74615 0.56493 16.33318 0.66071 3.53043 0.07085 1.80192 3.77064 3.33623 3.18497
236898 P 0 1 66.92320 0.55501 16.31080 0.64761 3.49232 0.07014 1.75490 3.69817 3.34167 3.20619
236899 P 0 1 67.11784 0.54417 16.28520 0.63476 3.44898 0.06937 1.70393 3.61861 3.34763 3.22951
236900 P 0 1 67.32526 0.53267 16.25674 0.62244 3.40146 0.06856 1.65044 3.53405 3.35395 3.25442
236901 P 0 1 67.72911 0.50960 16.19440 0.56520 3.33529 0.06661 1.54631 3.37586 3.36468 3.31295
236902 P 0 1 67.94180 0.49799 16.16117 0.55550 3.28342 0.06578 1.49402 3.29012 3.37098 3.33922
236903 P 0 1 68.14984 0.48671 16.12738 0.54746 3.23120 0.06498 1.44379 3.20660 3.37713 3.36492
236904 P 0 1 68.34696 0.47611 16.09419 0.54165 3.17998 0.06424 1.39706 3.12774 3.38294 3.38912
236905 P 0 1 68.52798 0.46647 16.06276 0.53844 3.13100 0.06357 1.35494 3.05550 3.38831 3.41103
236906 P 0 1 68.71191 0.45685 16.03026 0.54121 3.07617 0.06296 1.31315 2.98173 3.39396 3.43180
236907 P 0 1 68.85323 0.44945 16.00433 0.54229 3.03485 0.06247 1.28137 2.92554 3.39821 3.44827
236908 P 0 1 68.97203 0.44327 15.98205 0.54443 2.99912 0.06207 1.25500 2.87835 3.40180 3.46188
236909 P 0 1 69.06355 0.43854 15.96459 0.54690 2.97095 0.06176 1.23489 2.84202 3.40458 3.47222
236910 P 0 1 69.24837 0.42859 15.92656 0.53235 2.92922 0.06094 1.19369 2.77178 3.40928 3.49922
236911 P 0 1 69.28077 0.42693 15.92010 0.53353 2.91896 0.06084 1.18674 2.75900 3.41027 3.50286
236912 P 0 1 69.14926 0.43416 15.94818 0.55208 2.94237 0.06151 1.21632 2.80770 3.40729 3.48114
236913 P 0 1 69.12946 0.43522 15.95218 0.55297 2.94735 0.06159 1.22071 2.81532 3.40675 3.47846
236914 P 0 1 69.09736 0.43691 15.95857 0.55370 2.95599 0.06171 1.22779 2.82779 3.40585 3.47433
236915 P 0 1 69.01540 0.44138 15.97529 0.56276 2.97248 0.06210 1.24633 2.85865 3.40384 3.46178
236916 P 0 1 69.03269 0.44013 15.97052 0.54605 2.98046 0.06187 1.24165 2.85426 3.40364 3.46873
236917 P 0 1 69.28803 0.42616 15.91688 0.51647 2.93040 0.06063 1.18417 2.75847 3.40970 3.50910
236918 P 0 1 69.25229 0.42802 15.92411 0.51642 2.94076 0.06076 1.19189 2.77238 3.40867 3.50469
236919 P 0 1 69.21618 0.42989 15.93137 0.51642 2.95120 0.06089 1.19971 2.78645 3.40764 3.50024
236920 P 0 1 70.13715 0.38110 15.72239 0.45582 2.73179 0.05682 1.00412 2.44133 3.43012 3.63935
236921 P 0 1 70.31697 0.37150 15.67601 0.43667 2.69459 0.05592 0.96730 2.37618 3.43380 3.67106
236922 P 0 1 70.33272 0.37064 15.67179 0.43454 2.69171 0.05584 0.96406 2.37054 3.43409 3.67406
236923 P 0 1 70.39259 0.36800 15.65911 0.44761 2.66306 0.05577 0.95341 2.34702 3.43638 3.67704
236934 P 0 1 71.79317 0.29900 15.26222 0.44309 2.25098 0.05023 0.70047 1.84740 3.46949 3.88395
236935 P 0 1 71.83064 0.29716 15.24988 0.44043 2.24178 0.05005 0.69412 1.83485 3.47015 3.89095
236936 P 0 1 71.86934 0.29525 15.23706 0.43774 2.23222 0.04987 0.68760 1.82190 3.47082 3.89819
236937 P 0 1 71.80565 0.29852 15.25895 0.44964 2.24257 0.05025 0.69864 1.84242 3.47011 3.88325
236938 P 0 1 71.84940 0.29637 15.24453 0.44654 2.23181 0.05004 0.69125 1.82778 3.47088 3.89140
236939 P 0 1 71.96500 0.29139 15.20996 0.48451 2.17155 0.04993 0.67331 1.78401 3.47525 3.89507
236940 P 0 1 72.00813 0.28927 15.19536 0.48029 2.16169 0.04971 0.66615 1.76991 3.47594 3.90354
236941 P 0 1 72.05150 0.28715 15.18056 0.47621 2.15165 0.04950 0.65899 1.75575 3.47664 3.91206
236942 P 0 1 72.12486 0.28347 15.15478 0.46293 2.13895 0.04907 0.64680 1.73262 3.47747 3.92906
236943 P 0 1 72.16605 0.28146 15.14047 0.45971 2.12896 0.04887 0.64011 1.71917 3.47814 3.93705
236944 P 0 1 72.20595 0.27953 15.12652 0.45683 2.11913 0.04867 0.63367 1.70616 3.47880 3.94474
236945 P 0 1 72.24382 0.27770 15.11322 0.45433 2.10963 0.04849 0.62760 1.69381 3.47942 3.95198
236946 P 0 1 72.66538 0.25714 14.95623 0.40328 2.01966 0.04621 0.56116 1.56063 3.48458 4.04573
236947 P 0 1 72.67773 0.25658 14.95169 0.40370 2.01568 0.04616 0.55934 1.55660 3.48483 4.04769
236948 P 0 1 72.93773 0.24443 14.85094 0.39107 1.94689 0.04493 0.52091 1.47456 3.48863 4.09990
236949 P 0 1 73.10991 0.23647 14.78161 0.38214 1.90165 0.04410 0.49623 1.42116 3.49094 4.13579
236950 P 0 1 73.08553 0.23762 14.79176 0.38480 1.90709 0.04423 0.49974 1.42856 3.49071 4.12995
236951 P 0 1 73.05534 0.23904 14.80424 0.38786 1.91399 0.04439 0.50410 1.43777 3.49041 4.12287
