 Vistelius (1995)
SiO2 TiO2 Al2O3 Fe2O3 FeO MnO MgO CaO Na2O K2O
319579 P 0 1 72.36697 0.24518 15.02612 0.53626 2.17000 0.06803 0.59620 1.53499 3.49415 3.96210
319580 P 0 1 72.14436 0.25495 15.12353 0.54438 2.23232 0.06767 0.63999 1.61256 3.48514 3.89510
319581 P 0 1 71.91690 0.26496 15.21803 0.55258 2.29542 0.06736 0.68597 1.69234 3.47597 3.83045
319582 P 0 1 71.68535 0.27519 15.30932 0.56075 2.35912 0.06709 0.73403 1.77404 3.46662 3.76849
319583 P 0 1 71.45055 0.28558 15.39712 0.56879 2.42319 0.06686 0.78401 1.85731 3.45704 3.70956
319584 P 0 1 71.21340 0.29610 15.48118 0.57658 2.48739 0.06666 0.83570 1.94173 3.44722 3.65404
319585 P 0 1 70.97484 0.30670 15.56131 0.58404 2.55146 0.06648 0.88887 2.02687 3.43712 3.60231
319586 P 0 1 70.73589 0.31734 15.63731 0.59107 2.61513 0.06632 0.94321 2.11223 3.42671 3.55480
319587 P 0 1 70.49769 0.32796 15.70899 0.59757 2.67811 0.06618 0.99837 2.19722 3.41597 3.51196
319588 P 0 1 70.26160 0.33851 15.77616 0.60346 2.74003 0.06605 1.05388 2.28117 3.40488 3.47426
319589 P 0 1 70.02929 0.34892 15.83863 0.60862 2.80047 0.06592 1.10919 2.36327 3.39346 3.44223
319590 P 0 1 69.81874 0.35840 15.89137 0.61311 2.85395 0.06579 1.15900 2.43588 3.38232 3.42143
319591 P 0 1 69.60095 0.36820 15.94379 0.61651 2.90971 0.06565 1.21158 2.51121 3.37032 3.40208
319592 P 0 1 69.39483 0.37747 15.99063 0.61880 2.96200 0.06549 1.26149 2.58135 3.35814 3.38980
319593 P 0 1 69.20444 0.38603 16.03147 0.61981 3.00980 0.06529 1.30754 2.64476 3.34590 3.38495
319594 P 0 1 69.03458 0.39360 16.06583 0.61932 3.05190 0.06504 1.34840 2.69972 3.33378 3.38782
319595 P 0 1 68.89072 0.39991 16.09317 0.61708 3.08691 0.06473 1.38258 2.74432 3.32199 3.39857
319596 P 0 1 68.77512 0.40470 16.11330 0.61161 3.11478 0.06430 1.40921 2.77713 3.30988 3.41998
319597 P 0 1 68.70004 0.40752 16.12486 0.60522 3.13132 0.06379 1.42568 2.79551 3.29944 3.44661
319598 P 0 1 68.66593 0.40822 16.12787 0.59655 3.13690 0.06317 1.43167 2.79878 3.28998 3.48092
319599 P 0 1 68.67432 0.40670 16.12222 0.58564 3.13107 0.06242 1.42689 2.78668 3.28162 3.52245
319600 P 0 1 68.72393 0.40301 16.10811 0.57272 3.11407 0.06155 1.41186 2.75995 3.27438 3.57043
319601 P 0 1 68.81099 0.39735 16.08609 0.55817 3.08680 0.06056 1.38778 2.72027 3.26823 3.62376
319602 P 0 1 68.92074 0.39054 16.05894 0.54424 3.05034 0.05940 1.35884 2.67335 3.26277 3.68086
319603 P 0 1 69.05903 0.38226 16.02603 0.52748 3.01161 0.05840 1.32399 2.61855 3.25912 3.73354
319604 P 0 1 69.22012 0.37278 15.98801 0.50717 2.97330 0.05759 1.28462 2.55757 3.25668 3.78215
319605 P 0 1 69.42795 0.36172 15.93880 0.49218 2.91804 0.05680 1.23494 2.48317 3.25901 3.82739
319606 P 0 1 69.60668 0.35209 15.89609 0.47886 2.86907 0.05593 1.19454 2.42120 3.26031 3.86522
319607 P 0 1 69.79936 0.34152 15.84966 0.46585 2.80800 0.05445 1.15421 2.35659 3.25988 3.91048
319608 P 0 1 69.98248 0.33157 15.80355 0.44753 2.76632 0.05381 1.11438 2.29453 3.26053 3.94529
319609 P 0 1 70.12334 0.32428 15.76823 0.43858 2.72700 0.05311 1.08539 2.24903 3.26221 3.96884
319610 P 0 1 70.14551 0.32404 15.76214 0.44472 2.71777 0.05332 1.07906 2.24203 3.26685 3.96456
319611 P 0 1 70.12585 0.32619 15.76650 0.45536 2.72015 0.05386 1.08072 2.24847 3.27217 3.95072
319612 P 0 1 70.10919 0.32821 15.77041 0.46619 2.72201 0.05442 1.08199 2.25439 3.27780 3.93539
319613 P 0 1 70.11667 0.32946 15.77204 0.47697 2.72450 0.05532 1.08017 2.25746 3.28768 3.89974
319614 P 0 1 70.11280 0.33082 15.77327 0.48715 2.72382 0.05585 1.07928 2.26006 3.29383 3.88312
319615 P 0 1 70.11458 0.33186 15.77313 0.49682 2.72188 0.05637 1.07733 2.26091 3.29999 3.86715
319616 P 0 1 70.12059 0.33256 15.76739 0.50498 2.71807 0.05692 1.07083 2.25468 3.30453 3.86946
319617 P 0 1 70.19188 0.33027 15.75066 0.51048 2.70210 0.05746 1.05480 2.23454 3.31390 3.85391
319618 P 0 1 70.15520 0.33282 15.75776 0.51243 2.72527 0.05872 1.05785 2.24364 3.31735 3.83896
319619 P 0 1 70.17583 0.33271 15.75241 0.51920 2.71963 0.05917 1.05196 2.23779 3.32306 3.82823
319620 P 0 1 70.07402 0.33835 15.77236 0.52641 2.75169 0.06027 1.06655 2.26359 3.32229 3.82447
319621 P 0 1 69.97679 0.34308 15.78950 0.53778 2.75817 0.05977 1.08271 2.28652 3.31565 3.85004
319622 P 0 1 69.64701 0.35662 15.88279 0.55099 2.80373 0.05671 1.17587 2.41096 3.29050 3.82484
319623 P 0 1 69.65572 0.35680 15.88118 0.55654 2.80042 0.05694 1.17341 2.40944 3.29418 3.81536
319624 P 0 1 69.66765 0.35678 15.87879 0.56166 2.79634 0.05716 1.17030 2.40681 3.29779 3.80673
319625 P 0 1 69.72878 0.35563 15.86516 0.56709 2.79920 0.05889 1.15240 2.38919 3.31165 3.77201
319626 P 0 1 69.74715 0.35526 15.86109 0.57148 2.79390 0.05911 1.14781 2.38425 3.31538 3.76457
319627 P 0 1 69.29375 0.37605 15.96838 0.57068 2.92607 0.05975 1.25455 2.53637 3.29138 3.72302
319628 P 0 1 69.30018 0.37617 15.96741 0.57446 2.92441 0.05996 1.25279 2.53548 3.29417 3.71497
319629 P 0 1 69.71004 0.35535 15.88392 0.56412 2.79770 0.05758 1.17309 2.41421 3.30859 3.73538
319630 P 0 1 70.11273 0.33501 15.79102 0.53796 2.69742 0.05630 1.09055 2.28807 3.32015 3.77080
319631 P 0 1 70.14564 0.33372 15.78373 0.53940 2.68859 0.05633 1.08392 2.27902 3.32321 3.76645
319632 P 0 1 69.51270 0.36241 15.93559 0.55126 2.84904 0.05649 1.22817 2.48503 3.28919 3.73012
319633 P 0 1 69.53281 0.36164 15.93193 0.55270 2.84361 0.05653 1.22414 2.47996 3.29142 3.72526
319634 P 0 1 69.55333 0.36084 15.92812 0.55397 2.83808 0.05656 1.22003 2.47469 3.29358 3.72079
319635 P 0 1 69.39561 0.37018 15.97170 0.58507 2.86387 0.05686 1.26363 2.54234 3.29897 3.65177
319636 P 0 1 69.41289 0.36953 15.96878 0.58668 2.85905 0.05689 1.26029 2.53825 3.30107 3.64657
319637 P 0 1 69.43017 0.36886 15.96582 0.58814 2.85426 0.05692 1.25695 2.53410 3.30308 3.64170
319638 P 0 1 69.44729 0.36819 15.96285 0.58948 2.84954 0.05694 1.25363 2.52993 3.30502 3.63713
319639 P 0 1 69.46414 0.36752 15.95991 0.59071 2.84490 0.05695 1.25037 2.52580 3.30686 3.63283
319640 P 0 1 69.48063 0.36686 15.95701 0.59183 2.84038 0.05697 1.24717 2.52172 3.30863 3.62879
319641 P 0 1 69.53280 0.36340 15.94283 0.57819 2.83082 0.05660 1.23374 2.49907 3.30457 3.65799
319642 P 0 1 69.15230 0.38205 16.01742 0.58684 2.93559 0.05784 1.31217 2.61229 3.28647 3.65703
319643 P 0 1 69.36887 0.37191 15.96774 0.58669 2.86974 0.05730 1.25879 2.53671 3.29606 3.68619
319644 P 0 1 69.30065 0.37542 15.92423 0.59183 2.84599 0.05711 1.21848 2.47521 3.27134 3.93976
319645 P 0 1 69.31206 0.37495 15.92146 0.59249 2.84253 0.05712 1.21559 2.47134 3.27225 3.94020
319759 P 0 1 67.14508 0.51380 16.34691 0.99413 3.46080 0.08066 1.74903 3.34794 3.36916 2.99249
319760 P 0 1 67.39822 0.49045 16.34811 0.90217 3.40618 0.07497 1.75374 3.32486 3.36241 2.93890
319761 P 0 1 67.90174 0.46198 16.28122 1.03932 3.09167 0.06537 1.67246 3.20081 3.39903 2.88640
319762 P 0 1 67.39808 0.49108 16.34036 1.05747 3.21578 0.06709 1.77128 3.33412 3.36531 2.95944
319763 P 0 1 67.39424 0.49143 16.34036 1.05793 3.21789 0.06722 1.77099 3.33432 3.36542 2.96020
319764 P 0 1 66.87313 0.52077 16.40758 1.06466 3.37379 0.07003 1.89684 3.50614 3.34211 2.94495
319765 P 0 1 66.87738 0.52070 16.40653 1.06481 3.37387 0.07014 1.89440 3.50353 3.34258 2.94605
319766 P 0 1 66.88236 0.52059 16.40536 1.06493 3.37384 0.07026 1.89172 3.50063 3.34309 2.94722
319767 P 0 1 66.88813 0.52044 16.40408 1.06499 3.37367 0.07038 1.88879 3.49741 3.34365 2.94847
319768 P 0 1 66.89479 0.52024 16.40266 1.06501 3.37335 0.07051 1.88557 3.49383 3.34425 2.94978
319769 P 0 1 66.90243 0.52000 16.40110 1.06496 3.37285 0.07063 1.88205 3.48988 3.34491 2.95118
319770 P 0 1 66.91114 0.51971 16.39939 1.06485 3.37216 0.07077 1.87820 3.48551 3.34562 2.95266
319771 P 0 1 66.92103 0.51935 16.39750 1.06467 3.37124 0.07090 1.87400 3.48070 3.34640 2.95421
319772 P 0 1 66.93221 0.51893 16.39543 1.06441 3.37007 0.07104 1.86943 3.47540 3.34725 2.95584
319773 P 0 1 67.34695 0.49735 16.32953 1.00240 3.29056 0.07057 1.73653 3.29265 3.34845 3.08502
319774 P 0 1 67.34938 0.49738 16.32880 1.00357 3.29124 0.07074 1.73499 3.29153 3.34948 3.08288
319775 P 0 1 67.35296 0.49735 16.32792 1.00473 3.29170 0.07091 1.73316 3.29005 3.35059 3.08063
319776 P 0 1 67.35177 0.49884 16.31820 1.00119 3.29307 0.07133 1.71465 3.26517 3.34441 3.14137
319777 P 0 1 67.35800 0.49862 16.31731 1.00245 3.29297 0.07150 1.71285 3.26379 3.34597 3.13654
319778 P 0 1 67.36558 0.49833 16.31625 1.00370 3.29259 0.07167 1.71076 3.26207 3.34765 3.13139
319779 P 0 1 67.37451 0.49796 16.31505 1.00495 3.29193 0.07184 1.70842 3.26002 3.34948 3.12585
319780 P 0 1 67.38475 0.49751 16.31371 1.00624 3.29098 0.07202 1.70584 3.25771 3.35145 3.11978
319781 P 0 1 67.39618 0.49700 16.31229 1.00758 3.28979 0.07220 1.70313 3.25525 3.35360 3.11300
319782 P 0 1 67.40851 0.49642 16.31084 1.00906 3.28841 0.07238 1.70040 3.25283 3.35595 3.10521
319783 P 0 1 67.42126 0.49581 16.30950 1.01076 3.28695 0.07256 1.69788 3.25077 3.35854 3.09597
319784 P 0 1 67.39366 0.49723 16.31474 1.00168 3.30718 0.07319 1.70485 3.26143 3.35773 3.08830
319785 P 0 1 67.40598 0.49658 16.31410 1.00478 3.30549 0.07338 1.70372 3.26157 3.36118 3.07322
319786 P 0 1 67.41377 0.49611 16.31469 1.00895 3.30488 0.07359 1.70485 3.26500 3.36512 3.05305
319787 P 0 1 67.41364 0.49597 16.31722 1.01476 3.30609 0.07382 1.70961 3.27367 3.36972 3.02551
319788 P 0 1 67.64445 0.48150 16.28997 0.97741 3.25128 0.07200 1.66297 3.20135 3.37149 3.04758
319789 P 0 1 67.61202 0.48295 16.29949 0.98896 3.26026 0.07237 1.67979 3.22771 3.37776 2.99871
319790 P 0 1 67.93271 0.46905 16.24130 1.06756 3.14939 0.07350 1.59182 3.12691 3.42298 2.92478
319791 P 0 1 67.87679 0.47133 16.25606 1.08112 3.16421 0.07387 1.61702 3.16532 3.42956 2.86473
319792 P 0 1 67.81734 0.47366 16.27111 1.09567 3.17937 0.07424 1.64385 3.20607 3.43655 2.80215
319793 P 0 1 67.75554 0.47596 16.28604 1.11080 3.19458 0.07461 1.67175 3.24825 3.44375 2.73872
319794 P 0 1 67.69524 0.47809 16.30000 1.12518 3.20888 0.07494 1.69905 3.28921 3.45056 2.67883
319795 P 0 1 67.66720 0.47888 16.30701 1.12842 3.21502 0.07488 1.71286 3.30842 3.45219 2.65511
319796 P 0 1 67.67250 0.47665 16.31632 1.07093 3.23874 0.07412 1.72311 3.31221 3.43895 2.67647
319797 P 0 1 67.69547 0.47533 16.31304 1.05760 3.23233 0.07347 1.71586 3.29773 3.43280 2.70638
319798 P 0 1 67.71937 0.47392 16.30957 1.04428 3.22556 0.07281 1.70854 3.28310 3.42672 2.73613
319799 P 0 1 67.74371 0.47243 16.30604 1.03118 3.21857 0.07216 1.70137 3.26873 3.42084 2.76498
319800 P 0 1 67.76864 0.47086 16.30245 1.01826 3.21133 0.07150 1.69434 3.25458 3.41515 2.79289
319801 P 0 1 67.89582 0.46349 16.28359 1.00224 3.16417 0.06946 1.66406 3.20360 3.40906 2.84450
319802 P 0 1 67.92184 0.46177 16.27969 0.98950 3.15651 0.06881 1.65722 3.18974 3.40363 2.87127
319803 P 0 1 67.94950 0.45992 16.27554 0.97667 3.14841 0.06815 1.65014 3.17554 3.39830 2.89783
319804 P 0 1 67.97684 0.45741 16.27461 0.93800 3.16328 0.06804 1.64504 3.16311 3.39009 2.92359
319805 P 0 1 68.00813 0.45549 16.26764 0.92368 3.15277 0.06728 1.63360 3.14199 3.38245 2.96697
319806 P 0 1 68.11029 0.45064 16.24747 0.92267 3.12026 0.06682 1.60236 3.09812 3.38418 2.99718
319807 P 0 1 68.14967 0.44806 16.24084 0.90928 3.10890 0.06611 1.59243 3.07979 3.37911 3.02582
319808 P 0 1 68.19763 0.44580 16.22794 0.90115 3.09369 0.06571 1.57270 3.04980 3.37460 3.07098
319809 P 0 1 68.25937 0.44216 16.21725 0.88988 3.07669 0.06509 1.55728 3.02494 3.37213 3.09521
319810 P 0 1 68.34520 0.43749 16.20261 0.88215 3.05379 0.06461 1.53639 2.99408 3.37327 3.11041
319811 P 0 1 68.44733 0.43213 16.18497 0.87634 3.02694 0.06422 1.51171 2.95880 3.37656 3.12100
319812 P 0 1 68.58064 0.42441 16.16245 0.84948 3.00143 0.06355 1.48037 2.91030 3.37482 3.15255
319813 P 0 1 68.67478 0.42005 16.14269 0.85075 2.97447 0.06344 1.45404 2.87430 3.37945 3.16603
319814 P 0 1 68.71462 0.41763 16.13645 0.84434 2.96354 0.06302 1.44644 2.86152 3.37877 3.17368
319815 P 0 1 68.83097 0.41169 16.11357 0.83705 2.93319 0.06262 1.41729 2.81927 3.38178 3.19257
319816 P 0 1 68.94900 0.40568 16.08950 0.82935 2.90233 0.06221 1.38758 2.77590 3.38455 3.21390
319817 P 0 1 69.06834 0.39963 16.06429 0.82130 2.87102 0.06180 1.35748 2.73165 3.38710 3.23740
319818 P 0 1 69.18873 0.39354 16.03800 0.81298 2.83933 0.06138 1.32713 2.68672 3.38946 3.26272
319819 P 0 1 69.30995 0.38743 16.01070 0.80446 2.80730 0.06095 1.29667 2.64134 3.39169 3.28952
319820 P 0 1 69.43186 0.38129 15.98243 0.79581 2.77496 0.06052 1.26622 2.59566 3.39381 3.31744
319821 P 0 1 69.55436 0.37513 15.95324 0.78709 2.74234 0.06009 1.23588 2.54985 3.39588 3.34614
319822 P 0 1 69.67740 0.36895 15.92318 0.77832 2.70948 0.05965 1.20574 2.50403 3.39793 3.37532
319823 P 0 1 69.80094 0.36276 15.89229 0.76957 2.67638 0.05920 1.17586 2.45831 3.39999 3.40469
319824 P 0 1 70.10867 0.34701 15.82381 0.73648 2.60917 0.05832 1.11273 2.36015 3.40740 3.43626
319825 P 0 1 70.23297 0.34087 15.79059 0.72788 2.57571 0.05787 1.08405 2.31533 3.40954 3.46519
319826 P 0 1 70.35724 0.33476 15.75674 0.71943 2.54220 0.05742 1.05587 2.27100 3.41178 3.49358
319827 P 0 1 70.48135 0.32869 15.72232 0.71118 2.50868 0.05696 1.02822 2.22723 3.41414 3.52123
319828 P 0 1 70.60511 0.32266 15.68741 0.70318 2.47524 0.05651 1.00116 2.18413 3.41664 3.54795
319829 P 0 1 70.72821 0.31671 15.65212 0.69548 2.44197 0.05607 0.97474 2.14181 3.41930 3.57359
319830 P 0 1 70.85024 0.31085 15.61658 0.68814 2.40900 0.05564 0.94904 2.10040 3.42213 3.59799
319831 P 0 1 70.97059 0.30512 15.58096 0.68124 2.37650 0.05522 0.92413 2.06007 3.42514 3.62103
319832 P 0 1 71.28126 0.28989 15.49010 0.65875 2.28925 0.05345 0.86583 1.96141 3.42926 3.68081
319833 P 0 1 71.26866 0.29073 15.48790 0.65941 2.29569 0.05401 0.86322 1.95897 3.42960 3.69180
319834 P 0 1 71.37388 0.28591 15.45461 0.65488 2.26724 0.05371 0.84241 1.92483 3.43308 3.70944
319835 P 0 1 71.47313 0.28143 15.42248 0.65115 2.24032 0.05345 0.82284 1.89267 3.43662 3.72590
319836 P 0 1 71.56190 0.27774 15.39552 0.62748 2.24883 0.05499 0.80319 1.86367 3.44214 3.72453
319837 P 0 1 71.64514 0.27408 15.36680 0.62604 2.22489 0.05480 0.78656 1.83620 3.44552 3.73998
319838 P 0 1 71.71685 0.27095 15.34042 0.62529 2.20377 0.05467 0.77158 1.81144 3.44842 3.75663
319839 P 0 1 71.77498 0.26842 15.31674 0.62508 2.18588 0.05460 0.75833 1.78957 3.45055 3.77586
319840 P 0 1 71.82505 0.26635 15.29807 0.62521 2.17223 0.05464 0.74790 1.77263 3.45348 3.78444
319841 P 0 1 71.85149 0.26512 15.28039 0.62548 2.16161 0.05470 0.73821 1.75658 3.45320 3.81322
319842 P 0 1 71.86184 0.26454 15.26569 0.62577 2.15461 0.05482 0.73020 1.74329 3.45154 3.84771
319843 P 0 1 71.85752 0.26452 15.25364 0.62604 2.15084 0.05499 0.72367 1.73243 3.44861 3.88775
319844 P 0 1 71.81557 0.26633 15.25672 0.63123 2.15580 0.05520 0.72510 1.73544 3.44577 3.91283
319845 P 0 1 71.78936 0.26717 15.24861 0.63154 2.15679 0.05545 0.72067 1.72809 3.44097 3.96136
319846 P 0 1 71.75571 0.26830 15.24178 0.63198 2.15933 0.05572 0.71696 1.72196 3.43563 4.01263
319847 P 0 1 71.80271 0.26446 15.20062 0.61969 2.13042 0.05468 0.69828 1.68563 3.42380 4.11971
319848 P 0 1 71.75811 0.26598 15.19413 0.62329 2.13158 0.05488 0.69520 1.68053 3.41797 4.17833
319849 P 0 1 71.70154 0.26770 15.19838 0.63094 2.12561 0.05403 0.69942 1.68528 3.40945 4.22765
319850 P 0 1 71.65299 0.26938 15.19440 0.63209 2.13106 0.05435 0.69745 1.68218 3.40355 4.28256
319851 P 0 1 71.52674 0.27410 15.19634 0.65341 2.12782 0.05392 0.70066 1.68679 3.39130 4.38894
319852 P 0 1 71.47615 0.27587 15.19340 0.65448 2.13389 0.05423 0.69935 1.68478 3.38549 4.44236
319853 P 0 1 71.42484 0.27768 15.19143 0.65537 2.14046 0.05453 0.69858 1.68364 3.37973 4.49374
319854 P 0 1 71.37285 0.27953 15.19079 0.65592 2.14773 0.05481 0.69852 1.68364 3.37402 4.54220
319855 P 0 1 71.32044 0.28142 15.19185 0.65596 2.15585 0.05506 0.69935 1.68506 3.36837 4.58663
319856 P 0 1 71.27427 0.28330 15.18885 0.67328 2.14613 0.05472 0.69922 1.68492 3.36553 4.62977
319857 P 0 1 71.19875 0.28674 15.21208 0.66560 2.17590 0.05538 0.71014 1.70394 3.36064 4.63082
319858 P 0 1 71.14195 0.28908 15.20799 0.67446 2.17878 0.05576 0.70837 1.70205 3.35676 4.68480
319859 P 0 1 71.09264 0.29108 15.21848 0.67229 2.19108 0.05588 0.71400 1.71118 3.35219 4.70120
319860 P 0 1 71.04070 0.29325 15.23232 0.66971 2.20526 0.05596 0.72140 1.72317 3.34769 4.71055
319861 P 0 1 71.04351 0.29356 15.23560 0.67081 2.20943 0.05627 0.72230 1.72579 3.35032 4.69241
319862 P 0 1 71.01142 0.29246 15.21729 0.65142 2.20569 0.05555 0.71585 1.71005 3.33388 4.80638
319863 P 0 1 71.04945 0.29177 15.19860 0.64640 2.21857 0.05771 0.70223 1.69276 3.34277 4.79975
319864 P 0 1 70.99513 0.29429 15.21778 0.64443 2.23599 0.05783 0.71201 1.70907 3.33927 4.79420
319865 P 0 1 71.02741 0.29313 15.21894 0.64309 2.23277 0.05770 0.71221 1.70937 3.34264 4.76274
319866 P 0 1 71.04674 0.29229 15.23111 0.63466 2.23750 0.05729 0.71851 1.71848 3.34314 4.72029
319867 P 0 1 70.99478 0.29493 15.25244 0.63473 2.25510 0.05744 0.72945 1.73698 3.34117 4.70299
319868 P 0 1 70.94058 0.29774 15.27456 0.63567 2.27331 0.05762 0.74094 1.75649 3.33952 4.68357
319869 P 0 1 70.88386 0.30075 15.29738 0.63744 2.29217 0.05783 0.75295 1.77697 3.33814 4.66250
319870 P 0 1 70.82429 0.30396 15.32086 0.64001 2.31171 0.05808 0.76550 1.79842 3.33698 4.64020
319871 P 0 1 70.76155 0.30738 15.34496 0.64335 2.33202 0.05837 0.77859 1.82085 3.33598 4.61697
319872 P 0 1 70.69523 0.31102 15.36969 0.64741 2.35318 0.05869 0.79227 1.84430 3.33510 4.59311
319873 P 0 1 70.62496 0.31492 15.39508 0.65217 2.37531 0.05906 0.80657 1.86885 3.33428 4.56880
319874 P 0 1 70.55030 0.31908 15.42117 0.65762 2.39851 0.05946 0.82158 1.89459 3.33350 4.54419
319875 P 0 1 70.47084 0.32353 15.44801 0.66374 2.42291 0.05991 0.83735 1.92163 3.33270 4.51939
319876 P 0 1 70.38612 0.32830 15.47565 0.67051 2.44865 0.06040 0.85397 1.95008 3.33186 4.49446
319877 P 0 1 70.29570 0.33341 15.50415 0.67796 2.47586 0.06094 0.87154 1.98008 3.33093 4.46943
319878 P 0 1 70.19910 0.33890 15.53358 0.68607 2.50470 0.06153 0.89015 2.01177 3.32990 4.44430
319879 P 0 1 70.09584 0.34479 15.56399 0.69486 2.53530 0.06218 0.90992 2.04533 3.32873 4.41906
319880 P 0 1 69.98544 0.35111 15.59544 0.70434 2.56783 0.06287 0.93096 2.08090 3.32740 4.39369
319881 P 0 1 70.01727 0.35000 15.58146 0.71635 2.54924 0.06286 0.92116 2.06691 3.33153 4.40323
319882 P 0 1 69.89321 0.35715 15.61550 0.72734 2.58541 0.06366 0.94436 2.10616 3.32991 4.37731
319883 P 0 1 69.76245 0.36473 15.65028 0.73893 2.62341 0.06451 0.96888 2.14741 3.32808 4.35131
319884 P 0 1 70.33513 0.32841 15.57705 0.63288 2.48602 0.05641 0.92701 2.05031 3.32098 4.28579
319885 P 0 1 70.63149 0.31557 15.48771 0.66896 2.36768 0.05499 0.86831 1.95996 3.34385 4.30148
319886 P 0 1 70.80746 0.30640 15.44516 0.65628 2.31976 0.05376 0.84296 1.91566 3.34817 4.30440
319887 P 0 1 70.51955 0.31608 15.51142 0.61869 2.39438 0.05276 0.89100 1.98070 3.30874 4.40668
319888 P 0 1 70.51222 0.31788 15.50423 0.64875 2.37592 0.05297 0.88575 1.97661 3.31640 4.40927
319889 P 0 1 70.59568 0.31616 15.49258 0.67536 2.35184 0.05345 0.87556 1.96647 3.33511 4.33780
319890 P 0 1 70.71222 0.31000 15.46446 0.66679 2.31940 0.05258 0.85872 1.93694 3.33758 4.34131
319891 P 0 1 70.82215 0.30424 15.43754 0.65872 2.28889 0.05176 0.84303 1.90926 3.33986 4.34455
319892 P 0 1 70.92598 0.29885 15.41177 0.65109 2.26015 0.05099 0.82837 1.88328 3.34197 4.34754
319893 P 0 1 70.84489 0.29797 15.38942 0.62271 2.24888 0.04907 0.82250 1.86195 3.30821 4.55440
319894 P 0 1 70.93493 0.29322 15.36565 0.61567 2.22339 0.04838 0.80953 1.83878 3.30938 4.56107
319895 P 0 1 71.02038 0.28873 15.34286 0.60897 2.19926 0.04773 0.79736 1.81694 3.31046 4.56730
319904 P 0 1 71.63854 0.25722 15.17281 0.55967 2.02689 0.04294 0.71417 1.66436 3.31658 4.60683
319905 P 0 1 71.69540 0.25441 15.15687 0.55501 2.01127 0.04248 0.70702 1.65092 3.31697 4.60965
319906 P 0 1 71.26912 0.26781 15.25248 0.51075 2.12175 0.04246 0.76228 1.73080 3.26456 4.77798
319907 P 0 1 71.31856 0.26520 15.23959 0.50609 2.10779 0.04201 0.75629 1.71932 3.26430 4.78085
319908 P 0 1 71.36682 0.26267 15.22706 0.50151 2.09421 0.04157 0.75055 1.70825 3.26401 4.78334
319909 P 0 1 71.64246 0.24543 15.19807 0.39402 2.11623 0.04023 0.73955 1.67303 3.24339 4.70759
319910 P 0 1 71.68756 0.24321 15.18597 0.39092 2.10286 0.03982 0.73422 1.66281 3.24318 4.70945
319911 P 0 1 71.73152 0.24105 15.17421 0.38791 2.08982 0.03941 0.72911 1.65297 3.24295 4.71104
319912 P 0 1 71.79293 0.23609 15.17063 0.36353 2.08179 0.03793 0.73221 1.64866 3.23042 4.70579
319913 P 0 1 72.30086 0.21740 15.02307 0.36854 1.94106 0.03635 0.66077 1.53243 3.26164 4.65788
319914 P 0 1 71.47619 0.25246 15.27051 0.42919 2.09511 0.03737 0.78645 1.73989 3.23409 4.67873
319915 P 0 1 71.52125 0.25019 15.25885 0.42558 2.08242 0.03700 0.78097 1.72955 3.23384 4.68034
319916 P 0 1 71.56529 0.24799 15.24747 0.42204 2.07003 0.03663 0.77568 1.71953 3.23356 4.68178
319917 P 0 1 71.60820 0.24584 15.23639 0.41857 2.05796 0.03627 0.77061 1.70986 3.23324 4.68306
319918 P 0 1 71.64987 0.24377 15.22566 0.41516 2.04625 0.03591 0.76576 1.70055 3.23288 4.68420
319919 P 0 1 71.37124 0.25316 15.24619 0.41774 2.09270 0.03679 0.77860 1.72133 3.20864 4.87361
319920 P 0 1 71.41396 0.25101 15.23607 0.41436 2.08089 0.03642 0.77398 1.71240 3.20848 4.87243
319921 P 0 1 71.45490 0.24896 15.22644 0.41107 2.06959 0.03606 0.76966 1.70397 3.20826 4.87108
319922 P 0 1 71.14105 0.25298 15.41147 0.37466 2.08979 0.02896 0.91142 1.87322 3.14097 4.77548
319923 P 0 1 71.18113 0.25107 15.40085 0.37225 2.07917 0.02875 0.90528 1.86299 3.14121 4.77729
319924 P 0 1 71.21822 0.24930 15.39096 0.36996 2.06935 0.02856 0.89963 1.85354 3.14136 4.77911
319925 P 0 1 71.25183 0.24769 15.38195 0.36777 2.06045 0.02838 0.89456 1.84498 3.14141 4.78097
319926 P 0 1 71.28145 0.24625 15.37395 0.36572 2.05260 0.02822 0.89013 1.83743 3.14135 4.78289
319927 P 0 1 71.30658 0.24501 15.36712 0.36381 2.04592 0.02807 0.88643 1.83102 3.14114 4.78489
319928 P 0 1 71.32670 0.24398 15.36160 0.36205 2.04055 0.02794 0.88353 1.82586 3.14077 4.78701
319929 P 0 1 71.34131 0.24319 15.35754 0.36044 2.03661 0.02783 0.88150 1.82207 3.14023 4.78926
319930 P 0 1 71.35000 0.24265 15.35506 0.35900 2.03420 0.02775 0.88043 1.81976 3.13950 4.79167
319931 P 0 1 71.72829 0.22552 15.19860 0.37664 1.85979 0.02491 0.79973 1.68902 3.14290 4.95461
319932 P 0 1 71.72053 0.22567 15.20103 0.37542 1.86194 0.02488 0.80136 1.69103 3.14166 4.95648
319933 P 0 1 71.70650 0.22607 15.20523 0.37438 1.86563 0.02488 0.80394 1.69455 3.14020 4.95862
319934 P 0 1 71.68618 0.22673 15.21121 0.37349 1.87087 0.02490 0.80749 1.69959 3.13852 4.96103
319935 P 0 1 71.65966 0.22763 15.21892 0.37275 1.87765 0.02493 0.81200 1.70613 3.13661 4.96371
319936 P 0 1 72.31722 0.19431 14.98151 0.32090 1.67030 0.02029 0.71206 1.52183 3.11124 5.15034
319937 P 0 1 72.26553 0.19619 14.99825 0.32155 1.68311 0.02042 0.71990 1.53426 3.10926 5.15153
319938 P 0 1 72.20911 0.19824 15.01635 0.32223 1.69708 0.02057 0.72851 1.54785 3.10707 5.15298
319939 P 0 1 72.14825 0.20046 15.03571 0.32294 1.71218 0.02072 0.73786 1.56255 3.10468 5.15465
319940 P 0 1 72.08324 0.20284 15.05622 0.32366 1.72836 0.02088 0.74793 1.57830 3.10208 5.15649
319941 P 0 1 72.01439 0.20537 15.07776 0.32436 1.74556 0.02105 0.75871 1.59506 3.09929 5.15845
319942 P 0 1 71.94200 0.20804 15.10025 0.32504 1.76372 0.02123 0.77016 1.61278 3.09632 5.16046
319943 P 0 1 71.86634 0.21084 15.12357 0.32568 1.78281 0.02142 0.78227 1.63142 3.09317 5.16249
319944 P 0 1 71.78766 0.21377 15.14763 0.32627 1.80278 0.02161 0.79502 1.65093 3.08985 5.16448
319945 P 0 1 71.70621 0.21681 15.17236 0.32680 1.82359 0.02180 0.80840 1.67128 3.08636 5.16639
319946 P 0 1 71.62222 0.21996 15.19765 0.32726 1.84518 0.02200 0.82238 1.69242 3.08272 5.16819
319947 P 0 1 71.53598 0.22322 15.22343 0.32763 1.86751 0.02221 0.83696 1.71430 3.07893 5.16985
319948 P 0 1 71.44783 0.22655 15.24956 0.32791 1.89048 0.02241 0.85207 1.73684 3.07501 5.17134
319949 P 0 1 71.35825 0.22995 15.27589 0.32809 1.91398 0.02262 0.86767 1.75994 3.07095 5.17265
319950 P 0 1 71.26798 0.23339 15.30221 0.32815 1.93781 0.02282 0.88365 1.78342 3.06680 5.17377
319951 P 0 1 71.17810 0.23682 15.32819 0.32809 1.96167 0.02302 0.89982 1.80699 3.06258 5.17473
319952 P 0 1 71.09035 0.24017 15.35334 0.32789 1.98507 0.02320 0.91586 1.83019 3.05836 5.17558
319953 P 0 1 71.00737 0.24334 15.37689 0.32757 2.00723 0.02337 0.93128 1.85227 3.05425 5.17644
319954 P 0 1 70.93315 0.24616 15.39769 0.32718 2.02698 0.02351 0.94524 1.87210 3.05045 5.17755
319955 P 0 1 70.87323 0.24841 15.41412 0.32684 2.04263 0.02362 0.95655 1.88800 3.04725 5.17935
319956 P 0 1 70.83412 0.24987 15.42424 0.32677 2.05218 0.02367 0.96370 1.89796 3.04504 5.18245
319957 P 0 1 70.82111 0.25033 15.42639 0.32720 2.05396 0.02367 0.96541 1.90028 3.04419 5.18745
319958 P 0 1 70.83516 0.24977 15.42026 0.32823 2.04764 0.02362 0.96138 1.89462 3.04478 5.19454
319959 P 0 1 70.87220 0.24833 15.40704 0.32973 2.03447 0.02353 0.95253 1.88221 3.04658 5.20338
319960 P 0 1 71.41425 0.23486 15.26043 0.33940 1.98214 0.02673 0.83271 1.73903 3.11406 5.05639
319961 P 0 1 71.24426 0.24161 15.33542 0.36501 1.97212 0.02504 0.88634 1.81023 3.10502 5.01495
319962 P 0 1 71.31893 0.23891 15.31072 0.36818 1.94901 0.02490 0.87088 1.78817 3.10975 5.02055
319963 P 0 1 71.25224 0.24463 15.32807 0.39268 1.96472 0.02594 0.87473 1.80438 3.12385 4.98877
319964 P 0 1 71.16349 0.24683 15.30298 0.39514 1.96728 0.02633 0.86054 1.78493 3.11372 5.13877
319965 P 0 1 71.23186 0.24425 15.27799 0.39897 1.94468 0.02621 0.84543 1.76314 3.11810 5.14937
319966 P 0 1 71.29971 0.24167 15.25293 0.40267 1.92228 0.02607 0.83067 1.74165 3.12234 5.16001
319967 P 0 1 71.36665 0.23910 15.22794 0.40623 1.90018 0.02593 0.81629 1.72054 3.12642 5.17072
319968 P 0 1 71.43248 0.23656 15.20308 0.40965 1.87842 0.02577 0.80234 1.69987 3.13033 5.18149
319969 P 0 1 71.49159 0.23439 15.17719 0.41127 1.86347 0.02588 0.78705 1.67824 3.13468 5.19623
319970 P 0 1 71.61310 0.22923 15.13267 0.41198 1.82576 0.02546 0.76424 1.64227 3.13886 5.21643
319971 P 0 1 71.67554 0.22677 15.10799 0.41490 1.80507 0.02529 0.75157 1.62291 3.14223 5.22774
319972 P 0 1 71.68691 0.22700 15.09618 0.41513 1.81250 0.02597 0.74224 1.61269 3.14741 5.23398
319973 P 0 1 71.74679 0.22461 15.07212 0.41776 1.79246 0.02579 0.73035 1.59420 3.15046 5.24546
319974 P 0 1 71.32501 0.24438 15.22425 0.44281 1.90260 0.02726 0.80657 1.71912 3.14587 5.16212
319975 P 0 1 71.33836 0.24392 15.20510 0.46630 1.86522 0.02661 0.79863 1.70664 3.14833 5.20090
319976 P 0 1 71.31567 0.24449 15.20117 0.47772 1.85046 0.02622 0.79878 1.70573 3.14623 5.23354
319977 P 0 1 71.36608 0.24235 15.18139 0.48076 1.83265 0.02604 0.78831 1.68964 3.14871 5.24408
319978 P 0 1 71.41315 0.24036 15.16270 0.48369 1.81594 0.02586 0.77858 1.67461 3.15102 5.25409
319979 P 0 1 71.45476 0.23861 15.14590 0.48656 1.80101 0.02571 0.76995 1.66127 3.15315 5.26306
319980 P 0 1 71.48781 0.23725 15.13222 0.48944 1.78886 0.02560 0.76296 1.65055 3.15506 5.27025
319981 P 0 1 71.50838 0.23648 15.12319 0.49241 1.78072 0.02554 0.75829 1.64359 3.15671 5.27469
319982 P 0 1 71.51325 0.23643 15.12008 0.49553 1.77764 0.02556 0.75647 1.64135 3.15807 5.27562
319983 P 0 1 71.16448 0.25529 15.21170 0.55303 1.85401 0.02779 0.79756 1.72106 3.16826 5.24681
319984 P 0 1 70.94836 0.26276 15.30730 0.47824 1.98708 0.02933 0.84875 1.79565 3.14410 5.19842
319985 P 0 1 70.90180 0.26518 15.32178 0.48104 2.00118 0.02961 0.85647 1.80878 3.14411 5.19005
319986 P 0 1 70.84765 0.26797 15.33865 0.48384 2.01778 0.02993 0.86567 1.82422 3.14389 5.18041
319987 P 0 1 70.78906 0.27098 15.35684 0.48661 2.03583 0.03027 0.87578 1.84104 3.14351 5.17008
319988 P 0 1 70.72807 0.27411 15.37566 0.48932 2.05469 0.03062 0.88644 1.85865 3.14300 5.15944
319989 P 0 1 70.66593 0.27731 15.39469 0.49197 2.07394 0.03097 0.89742 1.87669 3.14240 5.14868
319990 P 0 1 70.60338 0.28052 15.41369 0.49454 2.09335 0.03132 0.90858 1.89494 3.14173 5.13795
319991 P 0 1 70.54090 0.28374 15.43252 0.49703 2.11274 0.03167 0.91985 1.91325 3.14098 5.12731
319992 P 0 1 70.47876 0.28695 15.45109 0.49944 2.13205 0.03201 0.93117 1.93154 3.14019 5.11681
319993 P 0 1 70.41711 0.29013 15.46935 0.50178 2.15121 0.03234 0.94250 1.94977 3.13934 5.10647
319994 P 0 1 70.24847 0.29987 15.50777 0.52123 2.19617 0.03362 0.96481 1.99052 3.14167 5.09587
319995 P 0 1 70.18627 0.30314 15.52551 0.52365 2.21549 0.03396 0.97638 2.00899 3.14073 5.08589
319996 P 0 1 70.12483 0.30638 15.54289 0.52596 2.23459 0.03429 0.98792 2.02733 3.13974 5.07605
319997 P 0 1 70.11648 0.30448 15.54602 0.50333 2.24259 0.03374 0.99389 2.02939 3.12843 5.10166
319998 P 0 1 70.05745 0.30757 15.56268 0.50525 2.26111 0.03405 1.00523 2.04718 3.12738 5.09212
319999 P 0 1 69.99910 0.31063 15.57902 0.50708 2.27946 0.03435 1.01654 2.06484 3.12631 5.08268
320000 P 0 1 69.94143 0.31365 15.59506 0.50882 2.29766 0.03465 1.02781 2.08237 3.12521 5.07333
320001 P 0 1 69.88445 0.31665 15.61079 0.51046 2.31571 0.03494 1.03904 2.09977 3.12409 5.06409
320002 P 0 1 69.82816 0.31961 15.62622 0.51200 2.33362 0.03523 1.05023 2.11703 3.12294 5.05494
320003 P 0 1 69.77259 0.32254 15.64135 0.51341 2.35140 0.03552 1.06137 2.13414 3.12178 5.04590
320004 P 0 1 69.71775 0.32543 15.65618 0.51470 2.36906 0.03580 1.07244 2.15109 3.12059 5.03696
320005 P 0 1 69.66370 0.32828 15.67069 0.51586 2.38658 0.03608 1.08344 2.16786 3.11938 5.02814
320006 P 0 1 69.61046 0.33108 15.68489 0.51686 2.40398 0.03635 1.09436 2.18443 3.11814 5.01945
320007 P 0 1 69.55809 0.33384 15.69876 0.51770 2.42125 0.03662 1.10517 2.20078 3.11689 5.01090
320008 P 0 1 69.50665 0.33655 15.71229 0.51837 2.43838 0.03689 1.11586 2.21689 3.11561 5.00251
320009 P 0 1 69.66347 0.33414 15.65622 0.57160 2.37423 0.03798 1.06169 2.15556 3.14525 4.99985
320010 P 0 1 69.61375 0.33674 15.66979 0.57152 2.39114 0.03824 1.07199 2.17117 3.14374 4.99191
320011 P 0 1 69.56521 0.33927 15.68297 0.57123 2.40786 0.03850 1.08210 2.18646 3.14221 4.98420
320012 P 0 1 69.51793 0.34172 15.69572 0.57073 2.42437 0.03875 1.09202 2.20137 3.14067 4.97672
320013 P 0 1 68.55684 0.38445 15.92187 0.58560 2.60566 0.03662 1.32875 2.50644 3.07423 4.99954
320014 P 0 1 68.51328 0.38679 15.93198 0.58452 2.62179 0.03685 1.33889 2.52077 3.07280 4.99234
320015 P 0 1 68.47124 0.38904 15.94165 0.58320 2.63762 0.03708 1.34870 2.53459 3.07136 4.98551
320016 P 0 1 68.43077 0.39118 15.95090 0.58167 2.65315 0.03730 1.35818 2.54787 3.06991 4.97906
320017 P 0 1 67.92759 0.42430 16.09924 0.62912 2.82309 0.04017 1.51633 2.77738 3.08128 4.68149
320018 P 0 1 67.88417 0.42664 16.10822 0.62740 2.83994 0.04041 1.52730 2.79234 3.07976 4.67382
320019 P 0 1 67.84201 0.42891 16.11689 0.62552 2.85653 0.04065 1.53803 2.80691 3.07826 4.66630
320020 P 0 1 67.80110 0.43109 16.12528 0.62352 2.87284 0.04088 1.54851 2.82110 3.07676 4.65891
320021 P 0 1 67.76146 0.43320 16.13338 0.62143 2.88883 0.04111 1.55874 2.83490 3.07529 4.65165
320022 P 0 1 67.72311 0.43523 16.14120 0.61930 2.90446 0.04133 1.56872 2.84832 3.07384 4.64449
320023 P 0 1 67.74380 0.43277 16.14489 0.62268 2.87676 0.04007 1.57903 2.85444 3.07129 4.63426
320024 P 0 1 67.69450 0.43507 16.15666 0.62371 2.88662 0.03993 1.59646 2.87538 3.06869 4.62297
320025 P 0 1 67.66045 0.43686 16.16365 0.62167 2.90062 0.04012 1.60564 2.88759 3.06742 4.61598
320026 P 0 1 67.89236 0.42392 16.12931 0.59677 2.87112 0.04025 1.55291 2.82003 3.07718 4.59614
320027 P 0 1 68.63193 0.38906 15.91898 0.55946 2.74974 0.04397 1.28626 2.48890 3.11390 4.81780
320028 P 0 1 68.61169 0.39013 15.92401 0.55801 2.75934 0.04414 1.29099 2.49583 3.11327 4.81258
320029 P 0 1 69.71462 0.34246 15.76150 0.53481 2.59244 0.04660 1.10498 2.25852 3.20929 4.43479
320030 P 0 1 69.18051 0.36338 15.87992 0.50752 2.73369 0.04584 1.22430 2.41317 3.16114 4.49055
320031 P 0 1 69.30398 0.35920 15.85568 0.49776 2.74754 0.04800 1.19151 2.37739 3.17726 4.44169
320032 P 0 1 69.20350 0.36352 15.88618 0.48974 2.79068 0.04835 1.22053 2.41748 3.17209 4.40792
320033 P 0 1 69.20418 0.36361 15.88713 0.48921 2.79421 0.04851 1.22079 2.41855 3.17304 4.40075
320034 P 0 1 68.51000 0.40064 16.02769 0.49091 3.05554 0.05391 1.35966 2.62777 3.15461 4.31927
320035 P 0 1 68.51814 0.40038 16.02704 0.49091 3.05591 0.05403 1.35825 2.62655 3.15596 4.31283
320036 P 0 1 68.52770 0.40008 16.02617 0.49123 3.05555 0.05415 1.35654 2.62500 3.15750 4.30609
320037 P 0 1 68.53843 0.39975 16.02512 0.49185 3.05454 0.05426 1.35462 2.62320 3.15921 4.29903
320038 P 0 1 68.08655 0.43302 16.12029 0.54282 3.25154 0.06226 1.44440 2.78663 3.18566 4.08682
320039 P 0 1 68.09918 0.43261 16.11898 0.54410 3.24919 0.06238 1.44200 2.78431 3.18766 4.07960
320040 P 0 1 68.11178 0.43223 16.11773 0.54571 3.24657 0.06249 1.43966 2.78213 3.18979 4.07192
320041 P 0 1 68.12404 0.43189 16.11661 0.54763 3.24380 0.06260 1.43745 2.78020 3.19201 4.06378
320042 P 0 1 68.13565 0.43162 16.11566 0.54985 3.24098 0.06271 1.43545 2.77861 3.19432 4.05515
320043 P 0 1 68.14630 0.43141 16.11495 0.55235 3.23824 0.06282 1.43375 2.77746 3.19668 4.04603
320044 P 0 1 68.15569 0.43128 16.11454 0.55510 3.23568 0.06294 1.43241 2.77686 3.19908 4.03641
320045 P 0 1 68.16355 0.43125 16.11447 0.55810 3.23340 0.06306 1.43151 2.77689 3.20150 4.02627
320046 P 0 1 68.16960 0.43133 16.11481 0.56133 3.23149 0.06318 1.43111 2.77764 3.20392 4.01560
320047 P 0 1 68.17362 0.43152 16.11558 0.56477 3.23004 0.06330 1.43126 2.77918 3.20631 4.00441
320048 P 0 1 68.17538 0.43184 16.11683 0.56842 3.22912 0.06343 1.43203 2.78159 3.20867 3.99268
320049 P 0 1 68.17470 0.43230 16.11859 0.57227 3.22880 0.06357 1.43345 2.78493 3.21099 3.98042
320050 P 0 1 68.17142 0.43289 16.12088 0.57631 3.22912 0.06370 1.43556 2.78924 3.21324 3.96764
320051 P 0 1 68.16543 0.43363 16.12373 0.58053 3.23014 0.06385 1.43839 2.79455 3.21542 3.95435
320052 P 0 1 68.15666 0.43452 16.12712 0.58491 3.23187 0.06399 1.44194 2.80088 3.21752 3.94058
320053 P 0 1 68.14510 0.43555 16.13106 0.58945 3.23432 0.06414 1.44624 2.80823 3.21953 3.92638
320054 P 0 1 68.13078 0.43673 16.13552 0.59413 3.23748 0.06430 1.45124 2.81657 3.22144 3.91179
320055 P 0 1 68.11384 0.43804 16.14047 0.59894 3.24133 0.06446 1.45693 2.82585 3.22325 3.89690
320056 P 0 1 68.33905 0.42302 16.12066 0.56891 3.19807 0.06277 1.43274 2.78416 3.22930 3.84132
320057 P 0 1 68.54657 0.41240 16.09097 0.54200 3.20769 0.06532 1.38768 2.73054 3.24810 3.76873
320058 P 0 1 68.52248 0.41403 16.09735 0.54666 3.21336 0.06549 1.39483 2.74190 3.24958 3.75431
320059 P 0 1 68.49739 0.41569 16.10385 0.55129 3.21928 0.06566 1.40220 2.75353 3.25096 3.74015
320060 P 0 1 68.47209 0.41735 16.11026 0.55582 3.22525 0.06582 1.40958 2.76511 3.25224 3.72648
320061 P 0 1 68.44757 0.41895 16.11640 0.56018 3.23099 0.06597 1.41671 2.77626 3.25342 3.71355
320062 P 0 1 68.42497 0.42043 16.12200 0.56426 3.23621 0.06611 1.42329 2.78654 3.25452 3.70167
320094 P 0 1 69.64108 0.36963 15.82306 0.59752 2.91909 0.07201 1.08808 2.33998 3.34913 3.80041
320095 P 0 1 69.16688 0.39013 15.95726 0.56965 3.09989 0.07276 1.21637 2.52550 3.32299 3.67856
320096 P 0 1 69.16836 0.39016 15.93727 0.57240 3.07867 0.07227 1.19806 2.49630 3.31450 3.77202
320097 P 0 1 69.56190 0.37468 15.88090 0.63776 2.91203 0.06998 1.14264 2.42302 3.36354 3.63355
320098 P 0 1 68.13815 0.46751 16.10717 1.08412 3.04605 0.07484 1.40041 2.85597 3.38728 3.43850
320099 P 0 1 68.16299 0.46621 16.10116 1.08043 3.04117 0.07490 1.39242 2.84443 3.38749 3.44882
320100 P 0 1 68.80370 0.43253 15.96844 1.11653 2.84338 0.07349 1.24201 2.63010 3.43116 3.45868
320101 P 0 1 69.55679 0.38948 15.76189 1.10079 2.56656 0.06660 1.05780 2.33072 3.43544 3.73393
320102 P 0 1 69.68507 0.38005 15.74738 1.11991 2.48423 0.06173 1.05605 2.31507 3.43421 3.71629
320103 P 0 1 69.69810 0.37939 15.74246 1.11599 2.48255 0.06182 1.05156 2.30812 3.43390 3.72612
320104 P 0 1 70.08641 0.35834 15.63653 1.06731 2.38849 0.06059 0.96736 2.17132 3.44057 3.82307
320105 P 0 1 70.21136 0.35506 15.59555 1.17632 2.33476 0.06229 0.93774 2.14004 3.48182 3.70505
320106 P 0 1 69.86444 0.36982 15.69430 1.06826 2.45064 0.06133 1.01109 2.24048 3.42887 3.81078
320107 P 0 1 69.87671 0.36917 15.68955 1.06467 2.44888 0.06140 1.00705 2.23414 3.42858 3.81985
320108 P 0 1 69.88969 0.36848 15.68471 1.06117 2.44683 0.06146 1.00299 2.22772 3.42833 3.82863
320109 P 0 1 69.90365 0.36773 15.67973 1.05780 2.44437 0.06150 0.99886 2.22117 3.42815 3.83704
320110 P 0 1 69.91888 0.36691 15.67454 1.05461 2.44138 0.06152 0.99465 2.21444 3.42807 3.84499
320111 P 0 1 69.97638 0.36283 15.64832 1.01278 2.43512 0.06133 0.97383 2.17727 3.41698 3.93516
320112 P 0 1 69.99414 0.36186 15.64283 1.01051 2.43086 0.06130 0.96964 2.17052 3.41724 3.94108
320113 P 0 1 69.82329 0.37073 15.69399 1.02394 2.47152 0.06129 1.00995 2.23355 3.41115 3.90057
320114 P 0 1 69.84716 0.36943 15.68742 1.02205 2.46506 0.06120 1.00485 2.22530 3.41174 3.90581
320115 P 0 1 69.81198 0.37045 15.68628 1.02644 2.45661 0.06030 1.00675 2.22477 3.40339 3.95303
320116 P 0 1 69.84146 0.36884 15.67887 1.02513 2.44809 0.06013 1.00115 2.21564 3.40440 3.95629
320117 P 0 1 70.20783 0.35057 15.59680 1.01411 2.36546 0.05975 0.93810 2.11811 3.42932 3.91996
320118 P 0 1 70.71037 0.32603 15.43280 0.96885 2.26461 0.06144 0.82327 1.93690 3.45329 4.02245
320119 P 0 1 70.99378 0.31543 15.36808 0.91680 2.27934 0.06719 0.77235 1.86606 3.48823 3.93275
320120 P 0 1 70.84920 0.32021 15.41349 0.90562 2.29362 0.06425 0.80408 1.90945 3.46369 3.97639
320121 P 0 1 70.87926 0.31998 15.42479 0.90167 2.31084 0.06557 0.80795 1.92017 3.47574 3.89403
320122 P 0 1 70.90859 0.31844 15.41849 0.90311 2.29986 0.06514 0.80479 1.91414 3.47711 3.89033
320123 P 0 1 70.94085 0.31676 15.41153 0.90452 2.28799 0.06469 0.80130 1.90749 3.47862 3.88626
320124 P 0 1 71.02017 0.31247 15.39019 0.91363 2.25089 0.06319 0.79119 1.88787 3.48112 3.88929
320125 P 0 1 71.05682 0.31058 15.38214 0.91482 2.23793 0.06270 0.78721 1.88029 3.48280 3.88472
320126 P 0 1 71.09601 0.30856 15.37344 0.91587 2.22427 0.06219 0.78291 1.87213 3.48457 3.88005
320127 P 0 1 71.39487 0.29333 15.29095 0.88306 2.15016 0.06041 0.73834 1.79140 3.49157 3.90589
320128 P 0 1 71.32574 0.29577 15.31591 0.88406 2.15617 0.05917 0.75435 1.81472 3.48234 3.91177
320129 P 0 1 71.37097 0.29352 15.30517 0.88492 2.14109 0.05865 0.74924 1.80508 3.48438 3.90697
320130 P 0 1 71.41869 0.29116 15.29361 0.88558 2.12537 0.05811 0.74375 1.79474 3.48648 3.90252
320131 P 0 1 71.29700 0.29715 15.33450 0.89048 2.16052 0.05869 0.76567 1.83303 3.48256 3.88040
320132 P 0 1 71.36559 0.29412 15.32020 0.87674 2.15589 0.05903 0.75651 1.81814 3.48698 3.86679
320133 P 0 1 71.49603 0.28797 15.28490 0.88497 2.11207 0.05790 0.73902 1.78711 3.49510 3.85492
320134 P 0 1 71.55762 0.28492 15.26840 0.88465 2.09232 0.05728 0.73114 1.77240 3.49738 3.85389
320135 P 0 1 71.55573 0.28510 15.28076 0.89412 2.08829 0.05664 0.73902 1.78508 3.50020 3.81507
320136 P 0 1 71.62599 0.28165 15.26075 0.89302 2.06623 0.05599 0.72934 1.76719 3.50254 3.81730
320137 P 0 1 71.69978 0.27804 15.23913 0.89165 2.04327 0.05533 0.71900 1.74808 3.50493 3.82081
320138 P 0 1 71.77722 0.27427 15.21578 0.89000 2.01935 0.05466 0.70798 1.72770 3.50735 3.82570
320139 P 0 1 71.85843 0.27035 15.19058 0.88806 1.99447 0.05398 0.69626 1.70602 3.50982 3.83204
320140 P 0 1 71.94348 0.26626 15.16343 0.88585 1.96862 0.05330 0.68383 1.68300 3.51234 3.83989
320141 P 0 1 72.03240 0.26202 15.13425 0.88335 1.94181 0.05261 0.67071 1.65866 3.51492 3.84926
320142 P 0 1 72.12518 0.25763 15.10295 0.88058 1.91409 0.05192 0.65691 1.63301 3.51758 3.86014
320143 P 0 1 72.16330 0.25549 15.09768 0.87633 1.89976 0.05091 0.65615 1.62882 3.51602 3.85554
320144 P 0 1 72.22824 0.25271 15.09450 0.85870 1.89588 0.05059 0.65475 1.62495 3.51880 3.82088
320145 P 0 1 72.35121 0.24723 15.04693 0.86177 1.85819 0.05002 0.63389 1.58765 3.52464 3.83847
