 Vistelius (1995)
SiO2 TiO2 Al2O3 Fe2O3 FeO MnO MgO CaO Na2O K2O
238933 P 0 1 71.74029 0.31787 14.79181 0.87902 1.51287 0.04398 0.78720 2.32087 3.33525 4.27084
238934 P 0 1 71.74080 0.31785 14.79155 0.87918 1.51270 0.04397 0.78716 2.32064 3.33526 4.27088
238935 P 0 1 71.74127 0.31784 14.79130 0.87934 1.51254 0.04397 0.78713 2.32043 3.33528 4.27091
238936 P 0 1 71.74172 0.31782 14.79106 0.87950 1.51239 0.04397 0.78710 2.32023 3.33529 4.27094
238937 P 0 1 71.74213 0.31781 14.79084 0.87965 1.51225 0.04396 0.78707 2.32004 3.33530 4.27096
238938 P 0 1 71.74251 0.31779 14.79063 0.87980 1.51212 0.04396 0.78705 2.31986 3.33531 4.27099
238939 P 0 1 71.74287 0.31778 14.79043 0.87995 1.51199 0.04395 0.78703 2.31969 3.33531 4.27101
238940 P 0 1 71.74320 0.31777 14.79024 0.88009 1.51187 0.04395 0.78701 2.31953 3.33532 4.27102
238941 P 0 1 71.81981 0.31500 14.79744 0.78446 1.52203 0.04469 0.75094 2.32611 3.34232 4.29719
238942 P 0 1 71.82022 0.31498 14.79729 0.78445 1.52194 0.04469 0.75088 2.32597 3.34234 4.29725
238943 P 0 1 71.82060 0.31497 14.79714 0.78444 1.52185 0.04468 0.75082 2.32585 3.34236 4.29730
238944 P 0 1 71.82095 0.31496 14.79700 0.78443 1.52177 0.04468 0.75076 2.32573 3.34237 4.29734
238945 P 0 1 71.82129 0.31494 14.79687 0.78442 1.52169 0.04468 0.75071 2.32562 3.34238 4.29739
238946 P 0 1 71.82161 0.31493 14.79675 0.78441 1.52162 0.04468 0.75066 2.32552 3.34240 4.29743
238947 P 0 1 71.82191 0.31492 14.79663 0.78440 1.52155 0.04468 0.75061 2.32542 3.34241 4.29747
238948 P 0 1 71.82219 0.31491 14.79653 0.78439 1.52148 0.04468 0.75057 2.32532 3.34242 4.29750
238949 P 0 1 71.82246 0.31490 14.79642 0.78438 1.52142 0.04467 0.75053 2.32523 3.34243 4.29754
238950 P 0 1 71.82271 0.31490 14.79633 0.78438 1.52136 0.04467 0.75049 2.32515 3.34244 4.29757
238951 P 0 1 71.82295 0.31489 14.79623 0.78437 1.52131 0.04467 0.75045 2.32507 3.34245 4.29760
238952 P 0 1 71.82317 0.31488 14.79615 0.78437 1.52126 0.04467 0.75042 2.32500 3.34246 4.29763
238953 P 0 1 71.82338 0.31487 14.79607 0.78436 1.52121 0.04467 0.75039 2.32493 3.34247 4.29765
238954 P 0 1 71.82358 0.31486 14.79599 0.78436 1.52116 0.04467 0.75036 2.32486 3.34248 4.29768
238955 P 0 1 71.82377 0.31486 14.79592 0.78435 1.52112 0.04467 0.75033 2.32480 3.34248 4.29770
238956 P 0 1 71.82395 0.31485 14.79585 0.78435 1.52108 0.04467 0.75030 2.32474 3.34249 4.29773
238957 P 0 1 71.82411 0.31485 14.79578 0.78434 1.52104 0.04466 0.75027 2.32469 3.34250 4.29775
238958 P 0 1 71.82427 0.31484 14.79572 0.78434 1.52100 0.04466 0.75025 2.32464 3.34250 4.29777
238959 P 0 1 71.82442 0.31484 14.79567 0.78434 1.52097 0.04466 0.75023 2.32459 3.34251 4.29779
238960 P 0 1 71.82456 0.31483 14.79561 0.78434 1.52094 0.04466 0.75021 2.32454 3.34252 4.29780
238961 P 0 1 71.82469 0.31483 14.79556 0.78433 1.52090 0.04466 0.75019 2.32450 3.34252 4.29782
238962 P 0 1 71.82481 0.31482 14.79551 0.78433 1.52088 0.04466 0.75017 2.32445 3.34253 4.29784
239029 P 0 1 65.80827 0.52474 16.35115 1.07208 2.99605 0.07717 2.06117 4.39817 3.08414 3.62707
239030 P 0 1 65.80796 0.52475 16.35120 1.07208 2.99614 0.07717 2.06125 4.39829 3.08412 3.62704
239031 P 0 1 65.80765 0.52476 16.35126 1.07207 2.99623 0.07717 2.06133 4.39841 3.08411 3.62701
239032 P 0 1 65.80733 0.52477 16.35132 1.07207 2.99632 0.07717 2.06141 4.39854 3.08410 3.62698
239033 P 0 1 65.80700 0.52478 16.35138 1.07206 2.99641 0.07718 2.06149 4.39867 3.08408 3.62695
239034 P 0 1 65.80666 0.52479 16.35144 1.07206 2.99651 0.07718 2.06157 4.39880 3.08407 3.62693
239035 P 0 1 65.80632 0.52481 16.35150 1.07205 2.99661 0.07718 2.06165 4.39894 3.08405 3.62689
239036 P 0 1 65.80596 0.52482 16.35157 1.07204 2.99672 0.07718 2.06173 4.39908 3.08404 3.62686
239037 P 0 1 65.80560 0.52483 16.35164 1.07202 2.99683 0.07718 2.06181 4.39922 3.08402 3.62683
239038 P 0 1 65.80523 0.52484 16.35171 1.07201 2.99694 0.07719 2.06190 4.39938 3.08401 3.62680
239039 P 0 1 65.80485 0.52486 16.35179 1.07199 2.99706 0.07719 2.06199 4.39953 3.08399 3.62677
239040 P 0 1 65.80446 0.52487 16.35186 1.07196 2.99718 0.07719 2.06207 4.39969 3.08398 3.62674
239041 P 0 1 65.80406 0.52488 16.35194 1.07194 2.99730 0.07720 2.06216 4.39986 3.08396 3.62670
239042 P 0 1 65.80365 0.52490 16.35203 1.07191 2.99743 0.07720 2.06225 4.40003 3.08394 3.62667
239043 P 0 1 65.80323 0.52491 16.35211 1.07188 2.99756 0.07720 2.06234 4.40021 3.08393 3.62663
239044 P 0 1 65.80280 0.52493 16.35220 1.07184 2.99770 0.07721 2.06242 4.40039 3.08391 3.62660
239045 P 0 1 65.80236 0.52494 16.35229 1.07180 2.99784 0.07721 2.06251 4.40058 3.08389 3.62656
239046 P 0 1 65.80191 0.52496 16.35239 1.07176 2.99799 0.07721 2.06260 4.40077 3.08387 3.62653
239047 P 0 1 65.80145 0.52497 16.35249 1.07171 2.99814 0.07722 2.06270 4.40097 3.08386 3.62649
239048 P 0 1 65.80098 0.52499 16.35259 1.07166 2.99830 0.07722 2.06279 4.40118 3.08384 3.62646
239049 P 0 1 65.80050 0.52501 16.35270 1.07160 2.99846 0.07722 2.06288 4.40140 3.08382 3.62642
239050 P 0 1 64.98754 0.55260 16.47046 1.12085 3.20481 0.08131 2.29921 4.68703 3.04752 3.54866
239051 P 0 1 64.98794 0.55259 16.47044 1.12072 3.20476 0.08131 2.29903 4.68695 3.04755 3.54870
239052 P 0 1 64.98835 0.55258 16.47043 1.12058 3.20471 0.08131 2.29885 4.68687 3.04757 3.54875
239053 P 0 1 64.98876 0.55256 16.47042 1.12044 3.20467 0.08131 2.29866 4.68679 3.04759 3.54880
239054 P 0 1 64.98917 0.55255 16.47041 1.12029 3.20463 0.08131 2.29847 4.68671 3.04761 3.54886
239055 P 0 1 64.98958 0.55254 16.47040 1.12013 3.20459 0.08131 2.29828 4.68664 3.04763 3.54891
239056 P 0 1 64.98999 0.55252 16.47039 1.11996 3.20455 0.08131 2.29807 4.68657 3.04766 3.54896
239057 P 0 1 64.67964 0.56307 16.52902 1.08768 3.30947 0.08378 2.36255 4.82425 3.03523 3.52533
239058 P 0 1 64.68053 0.56304 16.52893 1.08755 3.30928 0.08377 2.36223 4.82398 3.03527 3.52542
239059 P 0 1 64.68144 0.56301 16.52885 1.08741 3.30909 0.08377 2.36191 4.82370 3.03531 3.52551
239060 P 0 1 64.68234 0.56298 16.52877 1.08726 3.30891 0.08377 2.36158 4.82344 3.03535 3.52561
239061 P 0 1 64.68325 0.56295 16.52869 1.08710 3.30873 0.08377 2.36124 4.82318 3.03540 3.52570
239062 P 0 1 64.68416 0.56291 16.52862 1.08693 3.30855 0.08376 2.36090 4.82292 3.03544 3.52580
239063 P 0 1 64.68506 0.56288 16.52855 1.08676 3.30839 0.08376 2.36056 4.82267 3.03549 3.52590
239064 P 0 1 64.68595 0.56285 16.52848 1.08657 3.30822 0.08376 2.36021 4.82243 3.03553 3.52599
239065 P 0 1 64.68684 0.56282 16.52842 1.08637 3.30807 0.08376 2.35985 4.82220 3.03557 3.52609
239066 P 0 1 64.68771 0.56280 16.52836 1.08616 3.30793 0.08376 2.35950 4.82198 3.03562 3.52619
239067 P 0 1 64.68856 0.56277 16.52832 1.08594 3.30780 0.08375 2.35914 4.82177 3.03566 3.52629
239068 P 0 1 64.68939 0.56274 16.52827 1.08571 3.30768 0.08375 2.35878 4.82158 3.03570 3.52639
239069 P 0 1 64.69019 0.56271 16.52824 1.08547 3.30757 0.08375 2.35842 4.82141 3.03575 3.52648
239070 P 0 1 64.69097 0.56269 16.52822 1.08521 3.30748 0.08375 2.35807 4.82125 3.03579 3.52658
239071 P 0 1 64.69171 0.56266 16.52820 1.08495 3.30741 0.08375 2.35771 4.82112 3.03583 3.52667
239072 P 0 1 64.69240 0.56264 16.52820 1.08467 3.30735 0.08375 2.35736 4.82100 3.03586 3.52676
239073 P 0 1 64.69305 0.56262 16.52821 1.08437 3.30731 0.08376 2.35702 4.82092 3.03590 3.52685
239074 P 0 1 63.81433 0.59173 16.59739 1.23153 3.48405 0.08639 2.68648 5.07720 2.99385 3.43705
239075 P 0 1 63.81796 0.59161 16.59725 1.23062 3.48348 0.08639 2.68491 5.07632 2.99403 3.43744
239076 P 0 1 63.82158 0.59149 16.59711 1.22967 3.48292 0.08638 2.68333 5.07546 2.99421 3.43783
239077 P 0 1 63.82519 0.59138 16.59699 1.22870 3.48238 0.08638 2.68173 5.07462 2.99439 3.43823
239078 P 0 1 63.82878 0.59126 16.59689 1.22770 3.48187 0.08638 2.68013 5.07381 2.99457 3.43862
239079 P 0 1 63.83232 0.59115 16.59679 1.22667 3.48137 0.08637 2.67853 5.07302 2.99475 3.43901
239080 P 0 1 63.83583 0.59104 16.59671 1.22562 3.48091 0.08637 2.67692 5.07227 2.99493 3.43940
239081 P 0 1 63.83927 0.59093 16.59665 1.22454 3.48047 0.08637 2.67532 5.07155 2.99511 3.43979
239082 P 0 1 63.84265 0.59082 16.59660 1.22344 3.48007 0.08637 2.67372 5.07088 2.99529 3.44018
239083 P 0 1 63.84595 0.59071 16.59657 1.22231 3.47970 0.08637 2.67213 5.07025 2.99546 3.44056
239084 P 0 1 63.84915 0.59061 16.59657 1.22116 3.47937 0.08637 2.67055 5.06966 2.99563 3.44094
239085 P 0 1 63.85225 0.59051 16.59658 1.21999 3.47908 0.08637 2.66900 5.06913 2.99579 3.44130
239086 P 0 1 63.85523 0.59042 16.59661 1.21879 3.47883 0.08637 2.66746 5.06866 2.99595 3.44167
239087 P 0 1 63.85807 0.59033 16.59667 1.21759 3.47863 0.08638 2.66596 5.06825 2.99611 3.44202
239088 P 0 1 63.86076 0.59024 16.59675 1.21637 3.47848 0.08638 2.66449 5.06790 2.99626 3.44236
239089 P 0 1 63.86329 0.59016 16.59686 1.21514 3.47839 0.08639 2.66307 5.06763 2.99640 3.44268
239090 P 0 1 63.86562 0.59009 16.59699 1.21390 3.47835 0.08640 2.66169 5.06743 2.99653 3.44299
239091 P 0 1 63.86776 0.59002 16.59715 1.21266 3.47837 0.08641 2.66037 5.06731 2.99666 3.44329
239092 P 0 1 63.86967 0.58997 16.59734 1.21143 3.47846 0.08642 2.65912 5.06727 2.99677 3.44357
239093 P 0 1 63.87134 0.58991 16.59755 1.21020 3.47861 0.08643 2.65794 5.06733 2.99688 3.44382
239094 P 0 1 63.87273 0.58987 16.59780 1.20899 3.47882 0.08644 2.65684 5.06748 2.99697 3.44405
239095 P 0 1 63.87384 0.58984 16.59807 1.20780 3.47912 0.08646 2.65585 5.06773 2.99705 3.44426
239096 P 0 1 64.04464 0.58406 16.57034 1.22316 3.42252 0.08517 2.61551 4.99327 3.00404 3.45728
239097 P 0 1 63.67065 0.59667 16.62805 1.19549 3.54382 0.08789 2.70727 5.15327 2.98856 3.42832
239098 P 0 1 63.67173 0.59664 16.62827 1.19449 3.54404 0.08790 2.70637 5.15343 2.98863 3.42851
239099 P 0 1 63.67232 0.59662 16.62852 1.19355 3.54436 0.08791 2.70564 5.15375 2.98868 3.42865
239100 P 0 1 63.67234 0.59663 16.62882 1.19268 3.54480 0.08793 2.70512 5.15424 2.98871 3.42873
239101 P 0 1 63.67171 0.59665 16.62917 1.19190 3.54539 0.08795 2.70484 5.15493 2.98870 3.42875
239102 P 0 1 63.67033 0.59670 16.62958 1.19122 3.54615 0.08797 2.70484 5.15586 2.98866 3.42870
239103 P 0 1 63.66807 0.59678 16.63006 1.19066 3.54709 0.08799 2.70515 5.15706 2.98857 3.42856
239104 P 0 1 63.66481 0.59689 16.63062 1.19021 3.54826 0.08802 2.70583 5.15858 2.98844 3.42833
239105 P 0 1 63.66040 0.59703 16.63127 1.18991 3.54969 0.08805 2.70692 5.16047 2.98826 3.42799
239106 P 0 1 63.65473 0.59722 16.63203 1.18975 3.55141 0.08809 2.70847 5.16275 2.98802 3.42753
239107 P 0 1 63.64769 0.59746 16.63290 1.18974 3.55344 0.08813 2.71050 5.16548 2.98771 3.42694
239108 P 0 1 63.63923 0.59774 16.63389 1.18988 3.55581 0.08818 2.71303 5.16867 2.98734 3.42622
239109 P 0 1 63.62936 0.59807 16.63501 1.19017 3.55850 0.08823 2.71606 5.17233 2.98691 3.42537
239110 P 0 1 63.61812 0.59844 16.63624 1.19060 3.56151 0.08829 2.71957 5.17643 2.98641 3.42438
239111 P 0 1 63.60563 0.59885 16.63758 1.19115 3.56482 0.08836 2.72352 5.18095 2.98585 3.42329
239112 P 0 1 63.59201 0.59931 16.63901 1.19181 3.56840 0.08842 2.72787 5.18584 2.98524 3.42208
239113 P 0 1 63.57739 0.59979 16.64053 1.19257 3.57222 0.08850 2.73257 5.19106 2.98458 3.42079
239114 P 0 1 63.56191 0.60030 16.64212 1.19340 3.57625 0.08858 2.73757 5.19657 2.98389 3.41942
239115 P 0 1 63.54567 0.60084 16.64378 1.19430 3.58045 0.08866 2.74283 5.20233 2.98316 3.41798
239116 P 0 1 63.52879 0.60140 16.64549 1.19525 3.58483 0.08874 2.74832 5.20832 2.98240 3.41648
239117 P 0 1 63.51133 0.60198 16.64724 1.19623 3.58934 0.08883 2.75401 5.21450 2.98162 3.41493
239118 P 0 1 63.49337 0.60257 16.64904 1.19725 3.59398 0.08891 2.75986 5.22086 2.98081 3.41333
239119 P 0 1 63.47498 0.60318 16.65088 1.19830 3.59874 0.08900 2.76587 5.22738 2.97998 3.41170
239120 P 0 1 63.45620 0.60380 16.65275 1.19936 3.60359 0.08910 2.77200 5.23403 2.97914 3.41004
239121 P 0 1 63.43707 0.60443 16.65464 1.20043 3.60855 0.08919 2.77825 5.24081 2.97828 3.40835
239122 P 0 1 63.41765 0.60507 16.65657 1.20151 3.61358 0.08929 2.78460 5.24770 2.97740 3.40663
239123 P 0 1 63.39798 0.60572 16.65851 1.20260 3.61868 0.08938 2.79103 5.25469 2.97652 3.40489
239124 P 0 1 63.37809 0.60638 16.66046 1.20368 3.62385 0.08948 2.79753 5.26175 2.97563 3.40314
239125 P 0 1 63.35805 0.60704 16.66243 1.20476 3.62906 0.08958 2.80409 5.26888 2.97473 3.40138
239126 P 0 1 63.33793 0.60770 16.66440 1.20584 3.63430 0.08968 2.81067 5.27605 2.97382 3.39960
239127 P 0 1 63.31778 0.60837 16.66637 1.20691 3.63955 0.08978 2.81726 5.28322 2.97292 3.39784
239128 P 0 1 63.29773 0.60903 16.66832 1.20796 3.64478 0.08988 2.82383 5.29037 2.97202 3.39608
239129 P 0 1 63.27789 0.60968 16.67024 1.20900 3.64996 0.08998 2.83033 5.29745 2.97113 3.39434
239130 P 0 1 63.25842 0.61032 16.67212 1.21002 3.65505 0.09008 2.83671 5.30440 2.97025 3.39263
239131 P 0 1 63.23954 0.61095 16.67394 1.21100 3.65998 0.09017 2.84290 5.31114 2.96940 3.39098
239132 P 0 1 63.22149 0.61154 16.67567 1.21193 3.66470 0.09026 2.84883 5.31758 2.96859 3.38940
239133 P 0 1 63.20456 0.61210 16.67729 1.21281 3.66912 0.09035 2.85440 5.32362 2.96783 3.38792
239134 P 0 1 63.18902 0.61261 16.67876 1.21362 3.67318 0.09042 2.85951 5.32917 2.96714 3.38656
239135 P 0 1 63.17511 0.61307 16.68008 1.21435 3.67682 0.09049 2.86410 5.33413 2.96651 3.38535
239136 P 0 1 63.16291 0.61347 16.68123 1.21499 3.68000 0.09055 2.86813 5.33847 2.96596 3.38428
239137 P 0 1 63.15238 0.61382 16.68221 1.21556 3.68274 0.09060 2.87162 5.34222 2.96549 3.38336
239138 P 0 1 63.14334 0.61411 16.68305 1.21607 3.68508 0.09065 2.87463 5.34542 2.96508 3.38257
239139 P 0 1 63.13552 0.61437 16.68376 1.21654 3.68709 0.09069 2.87725 5.34818 2.96473 3.38188
239140 P 0 1 63.12866 0.61460 16.68438 1.21697 3.68884 0.09072 2.87956 5.35058 2.96442 3.38128
239141 P 0 1 63.12250 0.61480 16.68492 1.21740 3.69040 0.09075 2.88166 5.35271 2.96414 3.38073
239142 P 0 1 63.11686 0.61498 16.68540 1.21782 3.69180 0.09077 2.88361 5.35465 2.96388 3.38023
239143 P 0 1 63.11156 0.61516 16.68584 1.21826 3.69310 0.09080 2.88546 5.35644 2.96364 3.37975
239144 P 0 1 63.10650 0.61532 16.68624 1.21870 3.69433 0.09082 2.88725 5.35814 2.96341 3.37929
239145 P 0 1 63.10156 0.61548 16.68663 1.21916 3.69551 0.09084 2.88901 5.35978 2.96318 3.37884
239146 P 0 1 63.09669 0.61564 16.68701 1.21965 3.69666 0.09086 2.89076 5.36138 2.96296 3.37840
239147 P 0 1 63.09184 0.61580 16.68737 1.22014 3.69779 0.09088 2.89252 5.36297 2.96273 3.37795
239148 P 0 1 63.08697 0.61596 16.68773 1.22066 3.69892 0.09090 2.89430 5.36455 2.96251 3.37751
239149 P 0 1 63.08207 0.61612 16.68809 1.22119 3.70005 0.09092 2.89609 5.36613 2.96228 3.37706
239150 P 0 1 63.07714 0.61628 16.68844 1.22174 3.70119 0.09094 2.89791 5.36772 2.96205 3.37660
239151 P 0 1 63.07220 0.61644 16.68879 1.22229 3.70232 0.09096 2.89973 5.36930 2.96182 3.37614
239152 P 0 1 63.37746 0.60660 16.68737 1.12693 3.66559 0.09093 2.74923 5.30770 2.97767 3.41053
239153 P 0 1 63.37346 0.60673 16.68772 1.12725 3.66658 0.09095 2.75060 5.30906 2.97749 3.41016
239154 P 0 1 63.36972 0.60685 16.68805 1.12757 3.66749 0.09097 2.75189 5.31033 2.97731 3.40982
239155 P 0 1 63.36646 0.60696 16.68832 1.12789 3.66827 0.09098 2.75304 5.31141 2.97716 3.40952
239156 P 0 1 63.43350 0.60477 16.69249 1.09355 3.66779 0.09125 2.71092 5.30605 2.98105 3.41864
239157 P 0 1 63.43250 0.60480 16.69255 1.09371 3.66799 0.09125 2.71132 5.30634 2.98100 3.41854
239158 P 0 1 63.43329 0.60477 16.69243 1.09380 3.66771 0.09125 2.71115 5.30598 2.98103 3.41859
239159 P 0 1 63.43629 0.60467 16.69207 1.09379 3.66683 0.09123 2.71029 5.30481 2.98116 3.41885
239160 P 0 1 63.44162 0.60450 16.69148 1.09368 3.66533 0.09120 2.70870 5.30279 2.98140 3.41930
239161 P 0 1 63.44899 0.60425 16.69068 1.09349 3.66329 0.09116 2.70646 5.30002 2.98172 3.41994
239162 P 0 1 63.45791 0.60396 16.68971 1.09322 3.66083 0.09111 2.70374 5.29670 2.98212 3.42071
239163 P 0 1 63.46786 0.60363 16.68864 1.09291 3.65809 0.09105 2.70069 5.29299 2.98256 3.42157
239164 P 0 1 63.47842 0.60328 16.68750 1.09256 3.65519 0.09100 2.69746 5.28907 2.98303 3.42249
239165 P 0 1 63.48930 0.60291 16.68633 1.09221 3.65221 0.09094 2.69412 5.28503 2.98352 3.42344
239166 P 0 1 63.50029 0.60255 16.68514 1.09184 3.64920 0.09088 2.69075 5.28095 2.98400 3.42440
239167 P 0 1 63.51125 0.60219 16.68396 1.09147 3.64619 0.09082 2.68739 5.27689 2.98449 3.42535
239168 P 0 1 63.52210 0.60183 16.68279 1.09111 3.64322 0.09076 2.68406 5.27286 2.98497 3.42630
239169 P 0 1 63.53277 0.60147 16.68163 1.09075 3.64030 0.09070 2.68079 5.26891 2.98545 3.42723
239170 P 0 1 63.54322 0.60112 16.68049 1.09039 3.63745 0.09065 2.67759 5.26503 2.98591 3.42814
239171 P 0 1 63.55343 0.60078 16.67938 1.09005 3.63465 0.09059 2.67446 5.26125 2.98637 3.42903
239172 P 0 1 63.56339 0.60045 16.67830 1.08971 3.63193 0.09054 2.67141 5.25756 2.98681 3.42990
239173 P 0 1 63.57307 0.60013 16.67724 1.08937 3.62929 0.09048 2.66845 5.25398 2.98724 3.43075
239174 P 0 1 63.58248 0.59982 16.67621 1.08905 3.62672 0.09043 2.66556 5.25049 2.98766 3.43157
239175 P 0 1 63.59162 0.59952 16.67521 1.08873 3.62422 0.09038 2.66277 5.24711 2.98807 3.43237
239176 P 0 1 63.60048 0.59922 16.67424 1.08843 3.62180 0.09034 2.66006 5.24383 2.98846 3.43315
239177 P 0 1 63.60907 0.59893 16.67329 1.08812 3.61946 0.09029 2.65743 5.24065 2.98884 3.43390
239178 P 0 1 63.56396 0.60044 16.68210 1.07871 3.63790 0.09075 2.66385 5.26402 2.98715 3.43112
239179 P 0 1 63.57187 0.60017 16.68125 1.07839 3.63576 0.09071 2.66141 5.26111 2.98751 3.43182
239180 P 0 1 63.57954 0.59992 16.68042 1.07809 3.63369 0.09067 2.65904 5.25829 2.98785 3.43250
239181 P 0 1 63.58696 0.59967 16.67962 1.07779 3.63168 0.09063 2.65675 5.25557 2.98818 3.43315
239182 P 0 1 62.35205 0.64037 16.80459 1.10135 3.98207 0.09764 3.03343 5.72589 2.93357 3.32904
239183 P 0 1 62.35608 0.64024 16.80429 1.10113 3.98101 0.09763 3.03205 5.72444 2.93375 3.32938
239184 P 0 1 62.35996 0.64011 16.80399 1.10092 3.97998 0.09761 3.03073 5.72305 2.93393 3.32972
239185 P 0 1 62.36370 0.63999 16.80371 1.10072 3.97900 0.09759 3.02945 5.72171 2.93410 3.33004
239186 P 0 1 62.36730 0.63987 16.80344 1.10052 3.97805 0.09757 3.02821 5.72043 2.93426 3.33035
239187 P 0 1 62.37076 0.63976 16.80318 1.10032 3.97714 0.09755 3.02703 5.71919 2.93442 3.33065
239188 P 0 1 62.37409 0.63965 16.80293 1.10013 3.97627 0.09754 3.02588 5.71800 2.93457 3.33094
239189 P 0 1 62.37730 0.63955 16.80269 1.09994 3.97543 0.09752 3.02478 5.71686 2.93471 3.33122
239190 P 0 1 62.38038 0.63945 16.80246 1.09976 3.97462 0.09751 3.02371 5.71576 2.93485 3.33149
239191 P 0 1 62.27867 0.64268 16.78732 1.17079 3.96265 0.09666 3.10638 5.71007 2.92847 3.31632
239192 P 0 1 62.28136 0.64259 16.78709 1.17073 3.96189 0.09664 3.10551 5.70905 2.92859 3.31654
239193 P 0 1 61.56955 0.66566 16.84063 1.19247 4.15898 0.10043 3.34385 5.97388 2.89675 3.25780
239194 P 0 1 61.20708 0.67739 16.87575 1.16939 4.28072 0.10305 3.44218 6.13165 2.88137 3.23142
239195 P 0 1 61.20798 0.67736 16.87570 1.16934 4.28049 0.10305 3.44185 6.13133 2.88141 3.23150
239196 P 0 1 61.20883 0.67733 16.87566 1.16928 4.28027 0.10305 3.44153 6.13103 2.88145 3.23157
239197 P 0 1 61.20963 0.67730 16.87562 1.16923 4.28006 0.10304 3.44123 6.13076 2.88148 3.23164
239198 P 0 1 61.21036 0.67728 16.87559 1.16918 4.27988 0.10304 3.44096 6.13050 2.88152 3.23170
239199 P 0 1 61.21105 0.67726 16.87556 1.16913 4.27970 0.10304 3.44069 6.13027 2.88155 3.23176
239200 P 0 1 61.21169 0.67724 16.87553 1.16908 4.27954 0.10303 3.44045 6.13005 2.88158 3.23181
239201 P 0 1 61.21229 0.67722 16.87550 1.16903 4.27940 0.10303 3.44022 6.12985 2.88161 3.23186
239202 P 0 1 61.21284 0.67720 16.87548 1.16898 4.27926 0.10303 3.44000 6.12966 2.88163 3.23191
239203 P 0 1 61.21336 0.67719 16.87546 1.16893 4.27914 0.10303 3.43980 6.12949 2.88166 3.23196
239204 P 0 1 61.21383 0.67717 16.87544 1.16889 4.27903 0.10302 3.43961 6.12933 2.88168 3.23200
239205 P 0 1 61.21427 0.67716 16.87543 1.16884 4.27892 0.10302 3.43943 6.12919 2.88170 3.23203
239206 P 0 1 61.21467 0.67714 16.87541 1.16880 4.27883 0.10302 3.43927 6.12906 2.88172 3.23207
239207 P 0 1 61.21505 0.67713 16.87540 1.16876 4.27875 0.10302 3.43912 6.12894 2.88174 3.23210
239208 P 0 1 61.21539 0.67712 16.87539 1.16871 4.27867 0.10302 3.43897 6.12884 2.88175 3.23213
239209 P 0 1 61.21570 0.67711 16.87538 1.16867 4.27860 0.10302 3.43884 6.12874 2.88177 3.23216
239210 P 0 1 61.21599 0.67710 16.87537 1.16863 4.27854 0.10302 3.43872 6.12866 2.88178 3.23219
239211 P 0 1 62.01263 0.65112 16.78672 1.24215 3.99953 0.09683 3.23865 5.76885 2.91497 3.28855
239212 P 0 1 62.01345 0.65109 16.78664 1.24217 3.99928 0.09682 3.23840 5.76852 2.91501 3.28861
239213 P 0 1 62.01423 0.65107 16.78657 1.24219 3.99904 0.09682 3.23817 5.76821 2.91504 3.28867
239214 P 0 1 62.01496 0.65105 16.78650 1.24220 3.99882 0.09681 3.23795 5.76792 2.91507 3.28873
239215 P 0 1 62.01565 0.65102 16.78643 1.24221 3.99861 0.09681 3.23774 5.76764 2.91510 3.28878
239216 P 0 1 62.01630 0.65100 16.78637 1.24222 3.99841 0.09681 3.23754 5.76738 2.91513 3.28884
239217 P 0 1 62.01692 0.65098 16.78631 1.24223 3.99823 0.09680 3.23735 5.76713 2.91516 3.28888
239373 P 0 1 70.11525 0.34580 15.55799 0.16075 2.26734 0.07294 0.58072 3.21249 3.32401 4.36270
239374 P 0 1 70.11644 0.34577 15.55761 0.16079 2.26695 0.07293 0.58065 3.21200 3.32406 4.36280
239375 P 0 1 70.11764 0.34574 15.55723 0.16083 2.26656 0.07292 0.58059 3.21150 3.32410 4.36290
239376 P 0 1 70.11882 0.34571 15.55685 0.16086 2.26617 0.07291 0.58053 3.21101 3.32414 4.36300
239377 P 0 1 70.12000 0.34567 15.55648 0.16090 2.26578 0.07289 0.58047 3.21053 3.32418 4.36309
239378 P 0 1 70.12117 0.34564 15.55611 0.16094 2.26540 0.07288 0.58041 3.21004 3.32422 4.36319
239379 P 0 1 70.12233 0.34561 15.55574 0.16097 2.26502 0.07287 0.58034 3.20957 3.32427 4.36329
239380 P 0 1 70.12347 0.34558 15.55538 0.16101 2.26464 0.07286 0.58028 3.20909 3.32431 4.36338
239381 P 0 1 70.12461 0.34555 15.55501 0.16104 2.26427 0.07285 0.58022 3.20863 3.32435 4.36348
239382 P 0 1 70.12573 0.34552 15.55466 0.16107 2.26391 0.07283 0.58016 3.20816 3.32439 4.36357
239383 P 0 1 70.12684 0.34549 15.55431 0.16110 2.26354 0.07282 0.58010 3.20771 3.32443 4.36367
239384 P 0 1 70.12793 0.34546 15.55396 0.16114 2.26319 0.07281 0.58004 3.20726 3.32447 4.36376
239385 P 0 1 70.15099 0.35135 15.55098 0.20945 2.21809 0.06984 0.64064 3.17258 3.31749 4.31859
239386 P 0 1 70.15205 0.35133 15.55064 0.20952 2.21773 0.06983 0.64061 3.17213 3.31753 4.31865
239387 P 0 1 70.15309 0.35130 15.55030 0.20959 2.21737 0.06982 0.64058 3.17168 3.31756 4.31871
239388 P 0 1 70.15411 0.35127 15.54997 0.20966 2.21701 0.06980 0.64056 3.17124 3.31759 4.31877
239389 P 0 1 70.15512 0.35125 15.54965 0.20973 2.21667 0.06979 0.64053 3.17081 3.31762 4.31883
239390 P 0 1 70.15611 0.35123 15.54933 0.20980 2.21632 0.06978 0.64051 3.17039 3.31765 4.31888
239391 P 0 1 70.15708 0.35120 15.54901 0.20987 2.21599 0.06977 0.64049 3.16997 3.31768 4.31894
239392 P 0 1 70.15802 0.35118 15.54871 0.20994 2.21565 0.06976 0.64047 3.16957 3.31771 4.31899
239393 P 0 1 70.15895 0.35116 15.54841 0.21002 2.21533 0.06975 0.64045 3.16917 3.31774 4.31903
239394 P 0 1 70.15986 0.35114 15.54811 0.21009 2.21501 0.06974 0.64044 3.16877 3.31776 4.31908
239395 P 0 1 70.11203 0.35955 15.55798 0.28148 2.18083 0.06696 0.72192 3.15065 3.30686 4.26174
239396 P 0 1 69.73500 0.37703 15.66208 0.35330 2.24599 0.06721 0.83506 3.25974 3.28433 4.18026
239397 P 0 1 68.31778 0.42831 16.04015 0.41723 2.62069 0.07545 1.09966 3.77953 3.22023 4.00098
239398 P 0 1 68.31786 0.42832 16.04006 0.41747 2.62051 0.07544 1.09987 3.77936 3.22021 4.00089
239399 P 0 1 68.31791 0.42833 16.03998 0.41772 2.62034 0.07543 1.10009 3.77920 3.22020 4.00081
239400 P 0 1 68.31791 0.42835 16.03990 0.41797 2.62018 0.07542 1.10032 3.77905 3.22018 4.00071
239401 P 0 1 68.31788 0.42836 16.03984 0.41822 2.62004 0.07541 1.10056 3.77892 3.22016 4.00062
239402 P 0 1 68.31780 0.42837 16.03979 0.41847 2.61990 0.07540 1.10081 3.77880 3.22014 4.00051
239403 P 0 1 68.58381 0.42415 15.93064 0.55099 2.46643 0.06979 1.16337 3.60230 3.22268 3.98585
239404 P 0 1 68.58316 0.42418 15.93078 0.55108 2.46657 0.06979 1.16354 3.60250 3.22265 3.98576
239405 P 0 1 68.58247 0.42420 15.93093 0.55117 2.46672 0.06980 1.16372 3.60272 3.22262 3.98566
239406 P 0 1 68.58175 0.42423 15.93109 0.55126 2.46687 0.06980 1.16391 3.60295 3.22258 3.98556
239407 P 0 1 68.58099 0.42426 15.93125 0.55136 2.46704 0.06980 1.16411 3.60319 3.22255 3.98545
239408 P 0 1 68.58020 0.42429 15.93143 0.55147 2.46721 0.06980 1.16432 3.60344 3.22251 3.98534
239409 P 0 1 68.98512 0.41001 15.82724 0.53717 2.35970 0.06738 1.08646 3.45498 3.24019 4.03175
239410 P 0 1 68.98433 0.41004 15.82743 0.53728 2.35987 0.06738 1.08667 3.45523 3.24015 4.03164
239411 P 0 1 68.98351 0.41007 15.82762 0.53740 2.36004 0.06738 1.08688 3.45549 3.24011 4.03152
239412 P 0 1 68.98266 0.41010 15.82781 0.53751 2.36022 0.06739 1.08709 3.45575 3.24006 4.03140
239413 P 0 1 68.98180 0.41013 15.82801 0.53763 2.36040 0.06739 1.08732 3.45602 3.24002 4.03127
239414 P 0 1 68.98092 0.41017 15.82821 0.53775 2.36059 0.06739 1.08754 3.45630 3.23998 4.03114
239415 P 0 1 68.98003 0.41020 15.82842 0.53788 2.36077 0.06739 1.08778 3.45658 3.23993 4.03101
239416 P 0 1 68.97912 0.41024 15.82863 0.53801 2.36096 0.06740 1.08801 3.45686 3.23989 4.03088
239417 P 0 1 68.97820 0.41027 15.82884 0.53814 2.36116 0.06740 1.08825 3.45715 3.23984 4.03075
239418 P 0 1 68.97727 0.41031 15.82905 0.53828 2.36135 0.06740 1.08850 3.45743 3.23980 4.03061
239419 P 0 1 70.05004 0.37293 15.51816 0.51897 2.07305 0.06053 0.90724 3.06089 3.28513 4.15306
239420 P 0 1 70.04825 0.37299 15.51867 0.51912 2.07347 0.06054 0.90760 3.06149 3.28505 4.15281
239421 P 0 1 70.04643 0.37306 15.51920 0.51928 2.07389 0.06055 0.90796 3.06210 3.28497 4.15256
239422 P 0 1 70.04459 0.37312 15.51973 0.51943 2.07432 0.06056 0.90833 3.06272 3.28488 4.15231
239423 P 0 1 70.04272 0.37319 15.52028 0.51959 2.07476 0.06057 0.90871 3.06334 3.28480 4.15205
239424 P 0 1 70.04082 0.37326 15.52082 0.51975 2.07520 0.06058 0.90908 3.06398 3.28471 4.15179
239425 P 0 1 70.03891 0.37333 15.52138 0.51991 2.07565 0.06059 0.90947 3.06462 3.28462 4.15153
239426 P 0 1 70.03698 0.37340 15.52194 0.52007 2.07610 0.06060 0.90985 3.06527 3.28453 4.15126
239427 P 0 1 70.03503 0.37347 15.52250 0.52023 2.07656 0.06061 0.91024 3.06592 3.28444 4.15100
239428 P 0 1 70.03308 0.37355 15.52306 0.52039 2.07702 0.06062 0.91063 3.06657 3.28435 4.15073
239429 P 0 1 70.03112 0.37362 15.52363 0.52055 2.07748 0.06063 0.91101 3.06723 3.28426 4.15046
239430 P 0 1 70.02916 0.37369 15.52420 0.52071 2.07794 0.06064 0.91140 3.06789 3.28417 4.15019
239431 P 0 1 70.02719 0.37376 15.52477 0.52087 2.07840 0.06065 0.91179 3.06856 3.28408 4.14992
239432 P 0 1 70.02523 0.37383 15.52534 0.52103 2.07887 0.06066 0.91218 3.06921 3.28399 4.14966
239433 P 0 1 70.02329 0.37390 15.52590 0.52118 2.07933 0.06067 0.91256 3.06987 3.28390 4.14939
239434 P 0 1 69.80984 0.38238 15.57729 0.56744 2.11649 0.06110 0.97202 3.12856 3.27244 4.11243
239435 P 0 1 69.80816 0.38244 15.57778 0.56754 2.11690 0.06111 0.97235 3.12915 3.27237 4.11222
239436 P 0 1 69.80650 0.38250 15.57825 0.56764 2.11731 0.06111 0.97266 3.12972 3.27229 4.11201
239437 P 0 1 69.80487 0.38256 15.57872 0.56773 2.11771 0.06112 0.97297 3.13029 3.27222 4.11181
239438 P 0 1 69.80329 0.38261 15.57918 0.56781 2.11810 0.06113 0.97326 3.13084 3.27215 4.11161
239439 P 0 1 69.80175 0.38267 15.57963 0.56789 2.11849 0.06114 0.97355 3.13138 3.27208 4.11142
239440 P 0 1 69.80027 0.38272 15.58006 0.56796 2.11886 0.06115 0.97382 3.13190 3.27202 4.11124
239441 P 0 1 69.79883 0.38277 15.58048 0.56802 2.11922 0.06116 0.97409 3.13241 3.27196 4.11106
239442 P 0 1 69.79746 0.38282 15.58088 0.56807 2.11957 0.06117 0.97433 3.13290 3.27190 4.11090
239443 P 0 1 69.79615 0.38287 15.58127 0.56812 2.11991 0.06117 0.97456 3.13337 3.27184 4.11074
239444 P 0 1 69.79491 0.38291 15.58163 0.56815 2.12023 0.06118 0.97478 3.13381 3.27179 4.11060
239445 P 0 1 69.79375 0.38295 15.58198 0.56818 2.12054 0.06119 0.97498 3.13423 3.27174 4.11046
239446 P 0 1 69.79267 0.38299 15.58231 0.56820 2.12083 0.06120 0.97516 3.13463 3.27169 4.11034
239447 P 0 1 69.79166 0.38302 15.58261 0.56820 2.12110 0.06120 0.97532 3.13500 3.27165 4.11023
239448 P 0 1 69.79075 0.38305 15.58289 0.56820 2.12135 0.06121 0.97546 3.13535 3.27162 4.11013
239449 P 0 1 69.78993 0.38308 15.58315 0.56818 2.12158 0.06121 0.97558 3.13566 3.27158 4.11004
239450 P 0 1 70.05873 0.37376 15.50028 0.56578 2.04978 0.05947 0.93224 3.03674 3.28271 4.14052
239451 P 0 1 70.05733 0.37380 15.50074 0.56575 2.05017 0.05948 0.93244 3.03727 3.28265 4.14037
239452 P 0 1 70.05603 0.37385 15.50116 0.56571 2.05054 0.05949 0.93262 3.03777 3.28260 4.14024
239453 P 0 1 70.05483 0.37389 15.50156 0.56566 2.05088 0.05949 0.93277 3.03824 3.28256 4.14012
239454 P 0 1 70.05374 0.37392 15.50192 0.56559 2.05120 0.05950 0.93291 3.03867 3.28252 4.14001
239455 P 0 1 70.05277 0.37396 15.50226 0.56552 2.05150 0.05951 0.93302 3.03906 3.28248 4.13992
239456 P 0 1 70.05191 0.37398 15.50256 0.56544 2.05177 0.05952 0.93311 3.03942 3.28245 4.13985
239457 P 0 1 70.05116 0.37401 15.50282 0.56535 2.05201 0.05953 0.93317 3.03974 3.28242 4.13979
239458 P 0 1 70.05053 0.37403 15.50305 0.56525 2.05222 0.05953 0.93322 3.04001 3.28240 4.13975
239459 P 0 1 69.21319 0.40524 15.70899 0.69731 2.22147 0.06243 1.14099 3.29212 3.24124 4.01702
239460 P 0 1 69.21518 0.40516 15.70861 0.69678 2.22116 0.06243 1.14036 3.29162 3.24135 4.01734
239461 P 0 1 69.21721 0.40509 15.70822 0.69625 2.22084 0.06243 1.13974 3.29110 3.24146 4.01767
239462 P 0 1 69.21925 0.40501 15.70781 0.69575 2.22050 0.06242 1.13913 3.29057 3.24156 4.01799
239463 P 0 1 69.22130 0.40493 15.70740 0.69527 2.22015 0.06242 1.13852 3.29003 3.24167 4.01831
239464 P 0 1 69.22331 0.40486 15.70699 0.69482 2.21980 0.06242 1.13794 3.28948 3.24177 4.01862
239465 P 0 1 69.22529 0.40478 15.70657 0.69441 2.21944 0.06241 1.13738 3.28893 3.24187 4.01891
239466 P 0 1 69.22719 0.40471 15.70616 0.69404 2.21909 0.06240 1.13686 3.28839 3.24197 4.01919
239467 P 0 1 69.22900 0.40465 15.70576 0.69372 2.21873 0.06240 1.13638 3.28786 3.24206 4.01945
239468 P 0 1 69.23070 0.40458 15.70536 0.69346 2.21838 0.06239 1.13594 3.28735 3.24214 4.01969
239469 P 0 1 69.23227 0.40453 15.70499 0.69325 2.21805 0.06239 1.13556 3.28685 3.24222 4.01990
239470 P 0 1 69.23371 0.40448 15.70463 0.69310 2.21772 0.06238 1.13523 3.28638 3.24228 4.02008
239471 P 0 1 69.23501 0.40443 15.70429 0.69302 2.21740 0.06237 1.13496 3.28593 3.24234 4.02024
239472 P 0 1 69.23618 0.40439 15.70397 0.69299 2.21710 0.06237 1.13475 3.28551 3.24239 4.02037
239473 P 0 1 69.23720 0.40435 15.70366 0.69302 2.21680 0.06236 1.13458 3.28511 3.24243 4.02047
239474 P 0 1 69.23811 0.40432 15.70337 0.69311 2.21652 0.06235 1.13446 3.28474 3.24246 4.02055
239475 P 0 1 69.23890 0.40430 15.70310 0.69323 2.21625 0.06234 1.13439 3.28438 3.24249 4.02061
239476 P 0 1 69.23959 0.40427 15.70285 0.69340 2.21599 0.06234 1.13435 3.28405 3.24251 4.02064
239477 P 0 1 69.24020 0.40426 15.70260 0.69361 2.21574 0.06233 1.13435 3.28373 3.24253 4.02067
239478 P 0 1 69.24073 0.40424 15.70237 0.69384 2.21549 0.06232 1.13437 3.28342 3.24254 4.02067
239479 P 0 1 69.24120 0.40423 15.70214 0.69410 2.21525 0.06231 1.13442 3.28313 3.24255 4.02067
239480 P 0 1 67.89532 0.45152 16.03417 0.75085 2.56133 0.06996 1.41709 3.76461 3.18402 3.87114
239481 P 0 1 67.89367 0.45158 16.03442 0.75125 2.56160 0.06997 1.41765 3.76504 3.18393 3.87090
239482 P 0 1 67.89186 0.45164 16.03470 0.75167 2.56191 0.06997 1.41826 3.76552 3.18384 3.87064
239483 P 0 1 67.88991 0.45172 16.03501 0.75211 2.56225 0.06997 1.41889 3.76604 3.18374 3.87037
239484 P 0 1 67.88784 0.45179 16.03534 0.75255 2.56261 0.06998 1.41956 3.76661 3.18363 3.87008
239485 P 0 1 67.88567 0.45187 16.03570 0.75301 2.56300 0.06998 1.42025 3.76721 3.18352 3.86978
239486 P 0 1 67.88340 0.45196 16.03608 0.75347 2.56342 0.06999 1.42097 3.76784 3.18340 3.86947
239487 P 0 1 67.88106 0.45204 16.03647 0.75394 2.56385 0.06999 1.42171 3.76850 3.18329 3.86915
239488 P 0 1 67.87864 0.45213 16.03688 0.75442 2.56431 0.07000 1.42246 3.76919 3.18316 3.86882
239489 P 0 1 67.87615 0.45222 16.03730 0.75489 2.56478 0.07001 1.42323 3.76990 3.18304 3.86849
239490 P 0 1 67.87359 0.45232 16.03774 0.75537 2.56527 0.07001 1.42401 3.77063 3.18291 3.86815
239491 P 0 1 67.87098 0.45241 16.03819 0.75585 2.56577 0.07002 1.42480 3.77139 3.18278 3.86780
239492 P 0 1 67.86833 0.45251 16.03865 0.75633 2.56629 0.07003 1.42560 3.77217 3.18265 3.86745
239493 P 0 1 67.86562 0.45261 16.03913 0.75680 2.56682 0.07004 1.42642 3.77296 3.18252 3.86709
239494 P 0 1 67.86287 0.45271 16.03961 0.75728 2.56736 0.07005 1.42724 3.77377 3.18238 3.86673
239495 P 0 1 67.86009 0.45281 16.04010 0.75775 2.56792 0.07006 1.42806 3.77460 3.18224 3.86637
239496 P 0 1 67.47230 0.46601 16.13500 0.74329 2.68459 0.07288 1.49755 3.93099 3.16655 3.83084
239497 P 0 1 67.46877 0.46613 16.13564 0.74373 2.68538 0.07289 1.49854 3.93213 3.16638 3.83041
239498 P 0 1 67.37200 0.46834 16.18322 0.66976 2.75144 0.07516 1.46958 4.00933 3.16563 3.83555
239499 P 0 1 67.36826 0.46847 16.18396 0.67001 2.75238 0.07518 1.47050 4.01065 3.16546 3.83513
239500 P 0 1 67.36450 0.46861 16.18471 0.67027 2.75333 0.07520 1.47142 4.01197 3.16529 3.83471
239501 P 0 1 67.36074 0.46874 16.18546 0.67052 2.75428 0.07522 1.47234 4.01330 3.16511 3.83429
239502 P 0 1 67.35697 0.46887 16.18620 0.67077 2.75524 0.07524 1.47326 4.01464 3.16494 3.83387
239503 P 0 1 67.35320 0.46901 16.18695 0.67101 2.75620 0.07525 1.47418 4.01597 3.16477 3.83345
239504 P 0 1 67.34945 0.46914 16.18770 0.67125 2.75715 0.07527 1.47509 4.01730 3.16460 3.83304
239505 P 0 1 67.34570 0.46927 16.18845 0.67149 2.75811 0.07529 1.47599 4.01863 3.16443 3.83262
239506 P 0 1 67.34198 0.46940 16.18919 0.67173 2.75906 0.07531 1.47690 4.01996 3.16426 3.83221
239507 P 0 1 67.33828 0.46954 16.18993 0.67196 2.76000 0.07533 1.47779 4.02127 3.16410 3.83180
239508 P 0 1 67.33461 0.46967 16.19066 0.67218 2.76094 0.07535 1.47868 4.02258 3.16393 3.83140
239509 P 0 1 67.33097 0.46979 16.19139 0.67241 2.76188 0.07537 1.47955 4.02388 3.16377 3.83100
239510 P 0 1 67.32737 0.46992 16.19211 0.67262 2.76280 0.07539 1.48042 4.02517 3.16360 3.83060
239511 P 0 1 67.32380 0.47005 16.19282 0.67284 2.76371 0.07541 1.48128 4.02644 3.16344 3.83021
239512 P 0 1 67.32029 0.47017 16.19352 0.67305 2.76462 0.07543 1.48212 4.02770 3.16329 3.82982
239513 P 0 1 67.31681 0.47029 16.19422 0.67325 2.76551 0.07545 1.48296 4.02894 3.16313 3.82944
239514 P 0 1 67.31339 0.47041 16.19490 0.67346 2.76640 0.07546 1.48378 4.03016 3.16297 3.82906
239515 P 0 1 67.31002 0.47053 16.19557 0.67365 2.76726 0.07548 1.48458 4.03137 3.16282 3.82870
239516 P 0 1 67.30670 0.47065 16.19624 0.67385 2.76812 0.07550 1.48538 4.03256 3.16267 3.82833
239517 P 0 1 67.30345 0.47077 16.19689 0.67403 2.76896 0.07552 1.48616 4.03373 3.16253 3.82798
239518 P 0 1 67.30025 0.47088 16.19753 0.67422 2.76979 0.07553 1.48692 4.03487 3.16238 3.82763
239519 P 0 1 67.29710 0.47099 16.19816 0.67440 2.77060 0.07555 1.48767 4.03600 3.16224 3.82728
239520 P 0 1 67.29402 0.47110 16.19877 0.67457 2.77140 0.07557 1.48841 4.03711 3.16210 3.82695
239521 P 0 1 67.29101 0.47120 16.19938 0.67474 2.77218 0.07558 1.48913 4.03819 3.16197 3.82662
239522 P 0 1 67.28805 0.47131 16.19997 0.67491 2.77294 0.07560 1.48983 4.03925 3.16184 3.82630
239523 P 0 1 67.28516 0.47141 16.20055 0.67507 2.77369 0.07561 1.49052 4.04029 3.16171 3.82598
239524 P 0 1 67.28233 0.47151 16.20111 0.67523 2.77443 0.07563 1.49120 4.04131 3.16158 3.82568
239525 P 0 1 69.72499 0.38626 15.58719 0.61507 2.11843 0.06068 1.01154 3.13867 3.26636 4.09081
239526 P 0 1 69.72446 0.38628 15.58732 0.61516 2.11853 0.06068 1.01168 3.13883 3.26633 4.09073
239527 P 0 1 69.72394 0.38630 15.58745 0.61525 2.11863 0.06068 1.01181 3.13898 3.26631 4.09065
239528 P 0 1 69.72342 0.38632 15.58757 0.61534 2.11873 0.06068 1.01194 3.13913 3.26628 4.09057
239529 P 0 1 69.72292 0.38634 15.58770 0.61543 2.11883 0.06068 1.01207 3.13928 3.26626 4.09049
239530 P 0 1 69.72243 0.38636 15.58782 0.61551 2.11893 0.06069 1.01220 3.13943 3.26623 4.09042
239531 P 0 1 69.72194 0.38637 15.58794 0.61559 2.11902 0.06069 1.01232 3.13957 3.26621 4.09034
239532 P 0 1 69.72147 0.38639 15.58805 0.61567 2.11912 0.06069 1.01244 3.13971 3.26618 4.09027
239533 P 0 1 69.72101 0.38641 15.58817 0.61575 2.11921 0.06069 1.01255 3.13985 3.26616 4.09020
239568 P 0 1 69.49697 0.39653 15.50266 1.03138 2.01777 0.05541 1.22049 3.04599 3.23980 3.99299
239569 P 0 1 69.49687 0.39654 15.50269 1.03138 2.01780 0.05541 1.22051 3.04603 3.23980 3.99298
239570 P 0 1 69.49677 0.39654 15.50273 1.03138 2.01782 0.05541 1.22053 3.04607 3.23980 3.99297
239571 P 0 1 69.49666 0.39654 15.50276 1.03138 2.01785 0.05541 1.22055 3.04611 3.23979 3.99296
239572 P 0 1 69.49656 0.39655 15.50279 1.03138 2.01788 0.05541 1.22057 3.04614 3.23979 3.99295
239573 P 0 1 69.49646 0.39655 15.50281 1.03138 2.01790 0.05541 1.22059 3.04618 3.23978 3.99294
239574 P 0 1 69.49637 0.39655 15.50284 1.03138 2.01793 0.05541 1.22060 3.04621 3.23978 3.99293
239575 P 0 1 69.49627 0.39656 15.50287 1.03138 2.01795 0.05541 1.22062 3.04624 3.23978 3.99292
239576 P 0 1 69.49618 0.39656 15.50290 1.03138 2.01797 0.05541 1.22064 3.04628 3.23977 3.99291
239577 P 0 1 69.49609 0.39656 15.50292 1.03139 2.01799 0.05541 1.22066 3.04631 3.23977 3.99290
239578 P 0 1 69.49601 0.39657 15.50295 1.03139 2.01801 0.05541 1.22068 3.04634 3.23976 3.99289
239579 P 0 1 69.49593 0.39657 15.50297 1.03140 2.01803 0.05541 1.22069 3.04636 3.23976 3.99288
239580 P 0 1 69.49585 0.39657 15.50299 1.03140 2.01805 0.05541 1.22071 3.04639 3.23976 3.99287
239581 P 0 1 69.49578 0.39657 15.50301 1.03141 2.01806 0.05541 1.22073 3.04641 3.23975 3.99286
239582 P 0 1 69.49572 0.39658 15.50302 1.03141 2.01808 0.05541 1.22074 3.04643 3.23975 3.99285
239583 P 0 1 69.31646 0.40300 15.57791 0.97303 2.08500 0.05730 1.23675 3.13465 3.23441 3.98150
239584 P 0 1 69.31652 0.40300 15.57787 0.97307 2.08497 0.05729 1.23675 3.13461 3.23441 3.98150
239585 P 0 1 69.31658 0.40300 15.57784 0.97311 2.08494 0.05729 1.23676 3.13457 3.23441 3.98150
239586 P 0 1 69.31666 0.40300 15.57780 0.97315 2.08490 0.05729 1.23676 3.13453 3.23441 3.98150
239587 P 0 1 69.31674 0.40299 15.57776 0.97320 2.08487 0.05729 1.23676 3.13448 3.23441 3.98150
239588 P 0 1 69.31684 0.40299 15.57772 0.97324 2.08482 0.05729 1.23675 3.13442 3.23442 3.98151
239589 P 0 1 69.31694 0.40299 15.57767 0.97329 2.08478 0.05729 1.23675 3.13437 3.23442 3.98151
239590 P 0 1 69.31706 0.40298 15.57761 0.97334 2.08473 0.05729 1.23674 3.13430 3.23442 3.98152
239591 P 0 1 70.32180 0.36757 15.25847 0.99389 1.82224 0.05097 1.05431 2.76822 3.27455 4.08797
239592 P 0 1 70.32106 0.36760 15.25870 0.99393 1.82241 0.05098 1.05445 2.76847 3.27452 4.08789
239593 P 0 1 70.32034 0.36762 15.25893 0.99396 1.82258 0.05098 1.05459 2.76871 3.27449 4.08780
239594 P 0 1 70.31963 0.36765 15.25915 0.99399 1.82274 0.05098 1.05473 2.76895 3.27446 4.08772
239595 P 0 1 70.31894 0.36767 15.25936 0.99403 1.82290 0.05099 1.05486 2.76917 3.27443 4.08763
239596 P 0 1 70.29979 0.36843 15.27881 0.96023 1.83876 0.05154 1.04874 2.78869 3.27485 4.09016
239597 P 0 1 70.29916 0.36845 15.27899 0.96030 1.83890 0.05154 1.04888 2.78888 3.27483 4.09008
239598 P 0 1 70.29855 0.36847 15.27916 0.96038 1.83902 0.05154 1.04901 2.78907 3.27480 4.09000
239599 P 0 1 70.29798 0.36849 15.27932 0.96045 1.83914 0.05154 1.04913 2.78924 3.27477 4.08993
239600 P 0 1 69.54098 0.39513 15.53361 0.91555 2.04773 0.05675 1.17379 3.07717 3.24567 4.01360
239601 P 0 1 69.54197 0.39510 15.53327 0.91567 2.04743 0.05674 1.17365 3.07677 3.24570 4.01369
239602 P 0 1 69.54303 0.39506 15.53291 0.91580 2.04711 0.05674 1.17350 3.07633 3.24574 4.01379
