 Vistelius (1995)
SiO2 TiO2 Al2O3 Fe2O3 FeO MnO MgO CaO Na2O K2O
108325 P 0 1 71.29457 0.31292 15.16433 1.06936 2.25138 0.07359 0.67054 1.44796 3.67158 4.04378
108326 P 0 1 71.21568 0.31636 15.19015 1.08523 2.26641 0.07384 0.68090 1.46981 3.67036 4.03124
108327 P 0 1 71.13698 0.31979 15.21569 1.10076 2.28154 0.07411 0.69148 1.49178 3.66917 4.01869
108328 P 0 1 71.05850 0.32319 15.24095 1.11592 2.29676 0.07439 0.70228 1.51387 3.66801 4.00613
108329 P 0 1 70.98027 0.32656 15.26592 1.13066 2.31208 0.07469 0.71333 1.53607 3.66689 3.99353
108330 P 0 1 70.90229 0.32990 15.29063 1.14496 2.32751 0.07500 0.72464 1.55837 3.66580 3.98091
108331 P 0 1 70.85545 0.33119 15.30756 1.14654 2.33965 0.07569 0.73679 1.57166 3.66688 3.96858
108332 P 0 1 70.77812 0.33444 15.33182 1.15977 2.35531 0.07604 0.74872 1.59404 3.66590 3.95583
108333 P 0 1 70.70097 0.33765 15.35586 1.17247 2.37112 0.07642 0.76097 1.61655 3.66497 3.94303
108334 P 0 1 70.62391 0.34083 15.37972 1.18460 2.38711 0.07681 0.77358 1.63922 3.66407 3.93014
108335 P 0 1 70.54685 0.34398 15.40342 1.19615 2.40333 0.07722 0.78657 1.66208 3.66323 3.91717
108336 P 0 1 70.46965 0.34710 15.42701 1.20709 2.41981 0.07766 0.79998 1.68519 3.66242 3.90408
108337 P 0 1 70.39217 0.35021 15.45055 1.21742 2.43660 0.07812 0.81384 1.70859 3.66164 3.89087
108338 P 0 1 70.31422 0.35331 15.47406 1.22712 2.45374 0.07860 0.82819 1.73235 3.66089 3.87753
108339 P 0 1 70.20132 0.35797 15.50708 1.24330 2.47764 0.07917 0.84776 1.76695 3.65936 3.85944
108340 P 0 1 70.05322 0.36437 15.55054 1.25494 2.51334 0.07975 0.87316 1.81618 3.65647 3.83803
108341 P 0 1 70.02176 0.36398 15.56124 1.25996 2.51870 0.08100 0.88982 1.82070 3.65991 3.82293
108342 P 0 1 69.94064 0.36707 15.58479 1.26706 2.53757 0.08158 0.90669 1.84642 3.65920 3.80898
108343 P 0 1 69.87736 0.36927 15.60234 1.27844 2.54951 0.08215 0.92064 1.86433 3.65921 3.79674
108344 P 0 1 70.06678 0.36106 15.54724 1.27076 2.50090 0.08143 0.88663 1.79891 3.66332 3.82297
108345 P 0 1 69.97672 0.36445 15.57392 1.27628 2.52287 0.08211 0.90591 1.82781 3.66258 3.80735
108346 P 0 1 69.91208 0.36651 15.59313 1.28058 2.53821 0.08282 0.92227 1.84743 3.66285 3.79411
108347 P 0 1 69.81962 0.36995 15.61999 1.28486 2.56123 0.08354 0.94289 1.87763 3.66207 3.77822
108348 P 0 1 69.64911 0.37448 15.66698 1.31421 2.59267 0.08596 0.99093 1.92213 3.66474 3.73878
108349 P 0 1 69.54728 0.37857 15.69690 1.30388 2.62466 0.08655 1.01421 1.96096 3.66273 3.72426
108350 P 0 1 69.45065 0.38296 15.72408 1.29605 2.65457 0.08677 1.03263 1.99926 3.65971 3.71333
108351 P 0 1 69.37276 0.38480 15.74762 1.28265 2.68051 0.08803 1.06037 2.02663 3.66062 3.69602
108352 P 0 1 69.28096 0.38803 15.77202 1.28484 2.70376 0.08880 1.08351 2.05760 3.65978 3.68069
108353 P 0 1 69.19200 0.39253 15.79416 1.28952 2.72625 0.08869 1.09608 2.09176 3.65620 3.67282
108354 P 0 1 68.89180 0.40257 15.86905 1.30745 2.79628 0.09150 1.17607 2.18985 3.65425 3.62119
108355 P 0 1 68.82575 0.40474 15.88518 1.30932 2.81248 0.09213 1.19452 2.21209 3.65376 3.61003
108356 P 0 1 68.77853 0.40617 15.89654 1.31155 2.82351 0.09265 1.20855 2.22733 3.65363 3.60152
108357 P 0 1 68.72113 0.40781 15.91013 1.31535 2.83630 0.09335 1.22629 2.24522 3.65368 3.59073
108358 P 0 1 68.72935 0.40711 15.90795 1.31914 2.83203 0.09355 1.22671 2.23965 3.65468 3.58984
108359 P 0 1 68.76841 0.40522 15.89826 1.32388 2.81924 0.09356 1.21943 2.22252 3.65631 3.59317
108360 P 0 1 68.81153 0.40378 15.88746 1.32683 2.80679 0.09316 1.20691 2.20671 3.65681 3.60003
108361 P 0 1 68.82841 0.40273 15.88169 1.34395 2.79423 0.09331 1.20357 2.19414 3.65831 3.59966
108362 P 0 1 68.95840 0.39678 15.85048 1.33989 2.76100 0.09313 1.17958 2.14473 3.66258 3.61343
108363 P 0 1 69.18308 0.38762 15.79455 1.33129 2.70512 0.09208 1.13063 2.06488 3.66760 3.64314
108364 P 0 1 69.29888 0.38277 15.76360 1.33747 2.67139 0.09161 1.10526 2.02081 3.67059 3.65762
108365 P 0 1 69.47880 0.37481 15.71833 1.31727 2.63164 0.09119 1.07352 1.95973 3.67550 3.67921
108366 P 0 1 69.59666 0.36989 15.68536 1.32235 2.59769 0.09069 1.04835 1.91622 3.67838 3.69440
108367 P 0 1 69.68765 0.36686 15.66215 1.30265 2.58248 0.08982 1.02692 1.89174 3.67850 3.71123
108368 P 0 1 69.80089 0.36212 15.62948 1.30656 2.55014 0.08933 1.00344 1.85071 3.68119 3.72612
108369 P 0 1 69.98267 0.35494 15.56749 1.36258 2.47728 0.08806 0.95568 1.77433 3.68493 3.75204
108370 P 0 1 70.12706 0.34914 15.52151 1.37494 2.43327 0.08718 0.92350 1.72248 3.68749 3.77344
108371 P 0 1 70.01525 0.35330 15.54495 1.43831 2.43699 0.08773 0.93870 1.74338 3.68659 3.75480
108372 P 0 1 70.05146 0.35160 15.53228 1.44804 2.42319 0.08763 0.93106 1.72807 3.68776 3.75891
108373 P 0 1 70.14134 0.34773 15.50380 1.45252 2.39715 0.08725 0.91325 1.69614 3.68982 3.77100
108374 P 0 1 70.22592 0.34407 15.47660 1.45665 2.37266 0.08690 0.89672 1.66631 3.69176 3.78241
108375 P 0 1 70.30516 0.34062 15.45077 1.46042 2.34975 0.08658 0.88145 1.63855 3.69358 3.79312
108376 P 0 1 70.37902 0.33740 15.42638 1.46384 2.32842 0.08629 0.86743 1.61284 3.69529 3.80309
108377 P 0 1 70.44754 0.33440 15.40352 1.46690 2.30866 0.08602 0.85462 1.58914 3.69688 3.81231
108378 P 0 1 70.57496 0.32902 15.36191 1.46376 2.27550 0.08545 0.83122 1.54810 3.69934 3.83073
108379 P 0 1 70.63397 0.32642 15.34168 1.46599 2.25861 0.08524 0.82062 1.52806 3.70073 3.83867
108380 P 0 1 70.65719 0.32582 15.33463 1.46021 2.25484 0.08488 0.81479 1.52296 3.70023 3.84444
108381 P 0 1 70.70601 0.32364 15.31780 1.46165 2.24099 0.08473 0.80636 1.50651 3.70144 3.85087
108382 P 0 1 70.75018 0.32165 15.30250 1.46279 2.22852 0.08461 0.79891 1.49168 3.70257 3.85659
108383 P 0 1 70.78993 0.31984 15.28869 1.46366 2.21734 0.08451 0.79236 1.47839 3.70363 3.86164
108384 P 0 1 70.82550 0.31821 15.27632 1.46429 2.20739 0.08444 0.78668 1.46652 3.70462 3.86604
108385 P 0 1 70.68823 0.32351 15.32098 1.47928 2.23841 0.08533 0.81231 1.50575 3.70321 3.84300
108386 P 0 1 70.71241 0.32233 15.31274 1.47986 2.23155 0.08533 0.80878 1.49740 3.70405 3.84554
108387 P 0 1 70.73313 0.32130 15.30570 1.48026 2.22570 0.08535 0.80596 1.49022 3.70484 3.84754
108388 P 0 1 70.75063 0.32040 15.29980 1.48050 2.22078 0.08539 0.80379 1.48410 3.70559 3.84903
108389 P 0 1 70.76516 0.31962 15.29494 1.48061 2.21670 0.08545 0.80222 1.47896 3.70629 3.85006
108390 P 0 1 70.82983 0.31665 15.27628 1.46514 2.20501 0.08548 0.79500 1.46106 3.70836 3.85720
108391 P 0 1 70.84010 0.31605 15.27298 1.46472 2.20228 0.08556 0.79434 1.45742 3.70900 3.85754
108392 P 0 1 70.84809 0.31554 15.27051 1.46422 2.20021 0.08567 0.79413 1.45452 3.70961 3.85751
108393 P 0 1 70.85399 0.31512 15.26878 1.46365 2.19872 0.08578 0.79434 1.45229 3.71018 3.85716
108394 P 0 1 70.85798 0.31478 15.26773 1.46302 2.19777 0.08590 0.79492 1.45066 3.71074 3.85651
108395 P 0 1 70.86024 0.31451 15.26730 1.46234 2.19730 0.08604 0.79584 1.44960 3.71126 3.85558
108396 P 0 1 70.98773 0.30702 15.22040 1.48062 2.15449 0.08698 0.78375 1.39962 3.71917 3.86022
108397 P 0 1 70.98867 0.30680 15.22040 1.48011 2.15431 0.08713 0.78492 1.39893 3.71969 3.85905
108398 P 0 1 70.98828 0.30663 15.22088 1.47955 2.15450 0.08729 0.78635 1.39866 3.72019 3.85767
108399 P 0 1 70.98671 0.30652 15.22180 1.47895 2.15502 0.08745 0.78801 1.39876 3.72067 3.85611
108400 P 0 1 70.98405 0.30645 15.22311 1.47832 2.15585 0.08762 0.78987 1.39920 3.72113 3.85439
108401 P 0 1 70.98041 0.30642 15.22478 1.47764 2.15696 0.08779 0.79192 1.39996 3.72157 3.85253
108402 P 0 1 70.85568 0.31076 15.26650 1.49162 2.18462 0.08894 0.81812 1.43339 3.72132 3.82905
108403 P 0 1 70.84895 0.31085 15.26918 1.49102 2.18652 0.08913 0.82080 1.43508 3.72170 3.82676
108404 P 0 1 70.84154 0.31098 15.27211 1.49039 2.18861 0.08933 0.82360 1.43700 3.72206 3.82439
108405 P 0 1 70.85338 0.31068 15.27687 1.45052 2.20079 0.08950 0.82775 1.44251 3.72228 3.82572
108406 P 0 1 70.89807 0.30836 15.26577 1.43268 2.19529 0.08983 0.82606 1.43105 3.72459 3.82828
108407 P 0 1 70.96105 0.30257 15.24706 1.43175 2.17620 0.09225 0.83715 1.40234 3.73451 3.81513
108408 P 0 1 71.12933 0.29479 15.19262 1.41206 2.13778 0.09245 0.81589 1.35247 3.74056 3.83204
108409 P 0 1 71.00724 0.29943 15.22722 1.45243 2.15487 0.09291 0.83335 1.38010 3.73860 3.81384
108410 P 0 1 70.99855 0.29964 15.23065 1.45145 2.15745 0.09310 0.83628 1.38252 3.73886 3.81151
108411 P 0 1 70.47868 0.31986 15.40230 1.47658 2.28583 0.09616 0.94053 1.53640 3.73054 3.73313
108412 P 0 1 70.46571 0.32023 15.40678 1.47576 2.28945 0.09636 0.94450 1.54022 3.73067 3.73034
108413 P 0 1 70.45254 0.32062 15.41130 1.47496 2.29311 0.09655 0.94846 1.54412 3.73077 3.72757
108414 P 0 1 70.43920 0.32101 15.41585 1.47421 2.29681 0.09674 0.95241 1.54809 3.73085 3.72482
108415 P 0 1 70.42576 0.32142 15.42040 1.47351 2.30053 0.09693 0.95632 1.55211 3.73091 3.72212
108416 P 0 1 70.93928 0.29895 15.26792 1.38797 2.19512 0.09671 0.88284 1.40488 3.74670 3.77963
108417 P 0 1 70.92877 0.29927 15.27182 1.38702 2.19821 0.09686 0.88588 1.40797 3.74678 3.77741
108418 P 0 1 70.91851 0.29958 15.27562 1.38613 2.20122 0.09701 0.88881 1.41100 3.74684 3.77529
108419 P 0 1 70.90856 0.29989 15.27928 1.38528 2.20413 0.09714 0.89161 1.41395 3.74688 3.77328
108420 P 0 1 70.89899 0.30019 15.28279 1.38449 2.20693 0.09727 0.89427 1.41680 3.74690 3.77138
108421 P 0 1 70.88986 0.30048 15.28611 1.38377 2.20959 0.09738 0.89676 1.41953 3.74691 3.76960
108422 P 0 1 70.88126 0.30076 15.28924 1.38310 2.21210 0.09749 0.89908 1.42212 3.74691 3.76796
108423 P 0 1 70.87323 0.30103 15.29214 1.38249 2.21443 0.09758 0.90120 1.42454 3.74689 3.76647
108424 P 0 1 70.86585 0.30128 15.29480 1.38193 2.21658 0.09766 0.90311 1.42679 3.74686 3.76513
108425 P 0 1 70.85918 0.30151 15.29720 1.38143 2.21854 0.09772 0.90480 1.42884 3.74682 3.76396
108426 P 0 1 70.85328 0.30172 15.29932 1.38097 2.22027 0.09778 0.90625 1.43068 3.74676 3.76297
108427 P 0 1 70.84899 0.30409 15.29577 1.39775 2.21687 0.09572 0.88747 1.43513 3.74072 3.77748
108428 P 0 1 70.83874 0.30362 15.30292 1.38318 2.22454 0.09666 0.89885 1.43876 3.74294 3.76980
108429 P 0 1 70.83548 0.30376 15.30409 1.38283 2.22556 0.09667 0.89948 1.43987 3.74285 3.76940
108430 P 0 1 70.76503 0.30708 15.33540 1.34310 2.26080 0.09688 0.91721 1.47205 3.74015 3.76231
108431 P 0 1 70.76301 0.30720 15.33619 1.34238 2.26166 0.09686 0.91750 1.47294 3.74002 3.76224
108432 P 0 1 70.76197 0.30728 15.33665 1.34163 2.26229 0.09684 0.91753 1.47356 3.73989 3.76237
108433 P 0 1 71.28928 0.28622 15.12945 1.44126 2.08206 0.09325 0.79525 1.29263 3.74913 3.84148
108434 P 0 1 71.69432 0.26803 14.97661 1.44218 1.97173 0.09305 0.73475 1.17029 3.76216 3.88688
108435 P 0 1 71.69993 0.26786 14.97432 1.44219 1.97027 0.09297 0.73335 1.16886 3.76209 3.88816
108436 P 0 1 71.47862 0.27709 15.05771 1.45001 2.02689 0.09362 0.76930 1.23137 3.75688 3.85850
108437 P 0 1 71.48488 0.27691 15.05525 1.45001 2.02528 0.09352 0.76765 1.22976 3.75678 3.85996
108438 P 0 1 71.49222 0.27669 15.05237 1.44996 2.02339 0.09341 0.76577 1.22787 3.75669 3.86163
108439 P 0 1 71.50059 0.27644 15.04911 1.44984 2.02126 0.09330 0.76367 1.22571 3.75660 3.86349
108440 P 0 1 71.50991 0.27615 15.04549 1.44967 2.01889 0.09317 0.76137 1.22330 3.75651 3.86554
108441 P 0 1 71.52011 0.27583 15.04154 1.44943 2.01632 0.09303 0.75890 1.22067 3.75642 3.86775
108442 P 0 1 71.53112 0.27548 15.03727 1.44912 2.01356 0.09289 0.75626 1.21783 3.75633 3.87012
108443 P 0 1 71.54287 0.27511 15.03273 1.44875 2.01063 0.09274 0.75349 1.21481 3.75624 3.87263
108444 P 0 1 71.37489 0.28127 15.06591 1.56809 2.01181 0.09259 0.76335 1.23828 3.75215 3.85166
108445 P 0 1 71.38668 0.28089 15.06119 1.56847 2.00862 0.09243 0.76039 1.23506 3.75205 3.85421
108446 P 0 1 69.55514 0.34371 15.63452 1.73645 2.41614 0.10923 1.18893 1.73319 3.73846 3.54423
108447 P 0 1 69.54986 0.34396 15.63561 1.73856 2.41678 0.10921 1.18940 1.73458 3.73823 3.54382
108448 P 0 1 69.54522 0.34418 15.63652 1.74061 2.41728 0.10918 1.18972 1.73578 3.73802 3.54350
108449 P 0 1 69.54119 0.34438 15.63727 1.74260 2.41765 0.10915 1.18989 1.73681 3.73781 3.54326
108450 P 0 1 69.53772 0.34456 15.63788 1.74451 2.41791 0.10911 1.18993 1.73767 3.73762 3.54310
108451 P 0 1 68.92247 0.35553 15.78733 1.80855 2.53283 0.12245 1.43643 1.87819 3.74875 3.40746
108452 P 0 1 68.92075 0.35559 15.78733 1.81097 2.53240 0.12244 1.43633 1.87820 3.74870 3.40728
108453 P 0 1 68.91937 0.35564 15.78726 1.81330 2.53192 0.12243 1.43615 1.87811 3.74866 3.40715
108454 P 0 1 68.91830 0.35568 15.78713 1.81556 2.53139 0.12242 1.43590 1.87795 3.74862 3.40706
108455 P 0 1 68.91752 0.35571 15.78694 1.81773 2.53081 0.12240 1.43558 1.87771 3.74859 3.40701
108456 P 0 1 68.91700 0.35572 15.78670 1.81983 2.53020 0.12239 1.43520 1.87740 3.74857 3.40699
108457 P 0 1 68.91673 0.35573 15.78640 1.82185 2.52956 0.12237 1.43477 1.87703 3.74855 3.40700
108458 P 0 1 68.91669 0.35573 15.78607 1.82379 2.52890 0.12235 1.43429 1.87661 3.74854 3.40704
108459 P 0 1 68.91684 0.35573 15.78569 1.82565 2.52821 0.12234 1.43377 1.87614 3.74853 3.40710
108512 P 0 1 70.11801 0.40717 15.47792 0.99064 2.63397 0.05458 0.62045 1.99242 3.54354 4.16129
108513 P 0 1 70.12053 0.40700 15.47728 0.98994 2.63360 0.05459 0.62034 1.99156 3.54365 4.16150
108514 P 0 1 71.73625 0.34285 14.85864 0.95614 2.16459 0.04242 0.36479 1.43255 3.52485 4.57692
108515 P 0 1 71.72794 0.34317 14.86247 0.95562 2.16742 0.04249 0.36601 1.43544 3.52503 4.57441
108516 P 0 1 71.71923 0.34351 14.86649 0.95508 2.17038 0.04256 0.36728 1.43847 3.52521 4.57179
108517 P 0 1 71.71009 0.34387 14.87069 0.95451 2.17348 0.04263 0.36861 1.44165 3.52541 4.56906
108518 P 0 1 71.70052 0.34425 14.87507 0.95393 2.17672 0.04271 0.37001 1.44499 3.52560 4.56620
108519 P 0 1 71.69048 0.34465 14.87966 0.95332 2.18012 0.04279 0.37147 1.44848 3.52581 4.56321
108520 P 0 1 70.43207 0.39969 15.36206 0.93043 2.57178 0.04994 0.54406 1.90621 3.52734 4.27642
108521 P 0 1 70.43254 0.39958 15.36218 0.93001 2.57189 0.04998 0.54445 1.90595 3.52755 4.27587
108522 P 0 1 70.43301 0.39946 15.36231 0.92958 2.57201 0.05002 0.54485 1.90569 3.52777 4.27530
108523 P 0 1 70.43348 0.39933 15.36245 0.92914 2.57214 0.05006 0.54528 1.90542 3.52800 4.27470
108524 P 0 1 70.43393 0.39920 15.36260 0.92868 2.57229 0.05010 0.54573 1.90516 3.52824 4.27407
108525 P 0 1 70.43436 0.39907 15.36277 0.92821 2.57244 0.05014 0.54619 1.90490 3.52849 4.27341
108526 P 0 1 70.43476 0.39894 15.36297 0.92773 2.57262 0.05019 0.54669 1.90465 3.52874 4.27272
108527 P 0 1 70.43512 0.39880 15.36319 0.92723 2.57282 0.05024 0.54720 1.90441 3.52901 4.27200
108528 P 0 1 70.43542 0.39866 15.36343 0.92671 2.57305 0.05029 0.54775 1.90418 3.52928 4.27123
108529 P 0 1 70.43565 0.39853 15.36372 0.92618 2.57330 0.05034 0.54832 1.90398 3.52956 4.27042
108530 P 0 1 70.43579 0.39839 15.36404 0.92563 2.57359 0.05039 0.54893 1.90381 3.52985 4.26957
108531 P 0 1 70.43583 0.39825 15.36441 0.92507 2.57392 0.05045 0.54958 1.90367 3.53014 4.26867
108532 P 0 1 70.43574 0.39811 15.36484 0.92450 2.57430 0.05051 0.55026 1.90358 3.53045 4.26772
108533 P 0 1 70.43550 0.39798 15.36532 0.92390 2.57473 0.05057 0.55098 1.90354 3.53076 4.26671
108534 P 0 1 70.43509 0.39785 15.36587 0.92329 2.57523 0.05063 0.55175 1.90356 3.53109 4.26564
108535 P 0 1 70.43447 0.39772 15.36651 0.92267 2.57579 0.05070 0.55257 1.90365 3.53141 4.26450
108536 P 0 1 70.43361 0.39761 15.36723 0.92203 2.57643 0.05077 0.55344 1.90383 3.53175 4.26330
108537 P 0 1 70.43247 0.39750 15.36805 0.92138 2.57717 0.05084 0.55437 1.90412 3.53209 4.26202
108538 P 0 1 70.43100 0.39740 15.36898 0.92072 2.57801 0.05092 0.55536 1.90452 3.53243 4.26066
108539 P 0 1 70.42917 0.39732 15.37005 0.92004 2.57897 0.05100 0.55641 1.90506 3.53277 4.25921
108540 P 0 1 70.42690 0.39725 15.37126 0.91935 2.58006 0.05108 0.55754 1.90577 3.53312 4.25767
108541 P 0 1 70.42414 0.39721 15.37263 0.91866 2.58130 0.05116 0.55873 1.90666 3.53346 4.25604
108542 P 0 1 70.39536 0.38952 15.40514 0.89458 2.60479 0.05527 0.60740 1.90443 3.55336 4.19016
108543 P 0 1 70.39369 0.38957 15.40574 0.89468 2.60523 0.05529 0.60776 1.90497 3.55341 4.18968
108544 P 0 1 70.39129 0.38965 15.40655 0.89480 2.60587 0.05531 0.60821 1.90579 3.55343 4.18910
108545 P 0 1 70.00096 0.40688 15.52808 0.92902 2.70180 0.05731 0.66769 2.04356 3.55111 4.11358
108546 P 0 1 70.01113 0.40641 15.52507 0.92797 2.69940 0.05727 0.66624 2.03991 3.55123 4.11536
108547 P 0 1 70.02010 0.40600 15.52239 0.92696 2.69733 0.05723 0.66491 2.03675 3.55131 4.11702
108548 P 0 1 70.02761 0.40567 15.52011 0.92603 2.69565 0.05718 0.66372 2.03417 3.55133 4.11852
108549 P 0 1 70.03338 0.40545 15.51831 0.92521 2.69442 0.05714 0.66268 2.03228 3.55129 4.11985
108550 P 0 1 70.03717 0.40533 15.51705 0.92455 2.69367 0.05710 0.66182 2.03117 3.55117 4.12097
108551 P 0 1 70.03881 0.40534 15.51638 0.92411 2.69343 0.05705 0.66114 2.03088 3.55098 4.12188
108552 P 0 1 70.03829 0.40548 15.51629 0.92398 2.69365 0.05699 0.66061 2.03142 3.55069 4.12259
108553 P 0 1 70.03579 0.40575 15.51671 0.92427 2.69422 0.05694 0.66019 2.03268 3.55033 4.12313
108554 P 0 1 70.03171 0.40612 15.51753 0.92510 2.69495 0.05687 0.65983 2.03447 3.54989 4.12354
108555 P 0 1 70.02663 0.40657 15.51857 0.92659 2.69560 0.05680 0.65943 2.03651 3.54941 4.12388
108556 P 0 1 70.02108 0.40707 15.51967 0.92885 2.69597 0.05672 0.65894 2.03857 3.54891 4.12421
108557 P 0 1 70.01530 0.40761 15.52078 0.93192 2.69596 0.05664 0.65836 2.04052 3.54839 4.12452
108558 P 0 1 70.04490 0.40727 15.50962 0.93156 2.68743 0.05605 0.64875 2.03164 3.54651 4.13627
108559 P 0 1 70.03770 0.40791 15.51105 0.93616 2.68700 0.05597 0.64819 2.03373 3.54599 4.13631
108560 P 0 1 70.02929 0.40861 15.51280 0.94134 2.68660 0.05589 0.64773 2.03613 3.54546 4.13614
108561 P 0 1 70.01913 0.40941 15.51504 0.94699 2.68648 0.05581 0.64749 2.03909 3.54492 4.13566
108562 P 0 1 70.00690 0.41030 15.51787 0.95297 2.68678 0.05574 0.64751 2.04276 3.54435 4.13482
108563 P 0 1 69.99250 0.41129 15.52133 0.95918 2.68761 0.05568 0.64784 2.04722 3.54375 4.13360
108564 P 0 1 69.97601 0.41238 15.52541 0.96554 2.68898 0.05563 0.64847 2.05245 3.54313 4.13200
108565 P 0 1 69.95764 0.41355 15.53004 0.97195 2.69087 0.05559 0.64941 2.05840 3.54249 4.13006
108566 P 0 1 69.93768 0.41478 15.53514 0.97835 2.69325 0.05556 0.65061 2.06496 3.54185 4.12781
108567 P 0 1 69.91643 0.41607 15.54064 0.98467 2.69605 0.05554 0.65207 2.07205 3.54120 4.12529
108568 P 0 1 69.89424 0.41738 15.54643 0.99084 2.69922 0.05553 0.65374 2.07952 3.54056 4.12254
108569 P 0 1 69.87145 0.41870 15.55243 0.99678 2.70268 0.05553 0.65561 2.08727 3.53994 4.11960
108570 P 0 1 69.84845 0.42001 15.55853 1.00242 2.70638 0.05553 0.65764 2.09516 3.53935 4.11653
108571 P 0 1 69.82560 0.42128 15.56463 1.00768 2.71024 0.05555 0.65980 2.10305 3.53881 4.11336
108572 P 0 1 69.80328 0.42250 15.57065 1.01246 2.71419 0.05558 0.66207 2.11081 3.53832 4.11014
108573 P 0 1 69.78185 0.42363 15.57648 1.01670 2.71818 0.05562 0.66442 2.11832 3.53789 4.10690
108574 P 0 1 69.76163 0.42467 15.58206 1.02031 2.72215 0.05567 0.66683 2.12545 3.53755 4.10369
108575 P 0 1 69.74286 0.42559 15.58732 1.02324 2.72605 0.05573 0.66927 2.13211 3.53729 4.10053
108576 P 0 1 69.36284 0.44588 15.68929 1.03843 2.82783 0.05615 0.71309 2.28758 3.52632 4.05259
108577 P 0 1 69.33998 0.44694 15.69552 1.04020 2.83348 0.05625 0.71658 2.29637 3.52603 4.04866
108578 P 0 1 69.31833 0.44789 15.70150 1.04128 2.83914 0.05635 0.72016 2.30478 3.52583 4.04474
108579 P 0 1 69.29779 0.44875 15.70728 1.04170 2.84482 0.05647 0.72383 2.31283 3.52570 4.04082
108580 P 0 1 69.27823 0.44951 15.71286 1.04154 2.85054 0.05660 0.72759 2.32058 3.52564 4.03691
108581 P 0 1 69.37007 0.44476 15.68921 1.02487 2.83296 0.05638 0.71624 2.28711 3.52731 4.05108
108582 P 0 1 69.35423 0.44527 15.69402 1.02344 2.83829 0.05653 0.71983 2.29352 3.52742 4.04745
108583 P 0 1 69.37630 0.44408 15.68819 1.02744 2.82979 0.05653 0.71724 2.28267 3.52837 4.04938
108584 P 0 1 69.31625 0.44291 15.71146 1.04464 2.83778 0.05850 0.74669 2.29103 3.53632 4.01443
108585 P 0 1 68.97193 0.45864 15.80218 1.04430 2.93634 0.05984 0.80263 2.43318 3.53014 3.96081
108586 P 0 1 68.88571 0.46272 15.82375 1.04593 2.96001 0.06011 0.81611 2.46911 3.52833 3.94823
108587 P 0 1 68.86389 0.46333 15.82988 1.04347 2.96748 0.06034 0.82184 2.47803 3.52851 3.94323
108588 P 0 1 69.01196 0.45726 15.79104 1.05110 2.92134 0.05953 0.79354 2.41541 3.53039 3.96843
108589 P 0 1 68.99339 0.45771 15.79654 1.04840 2.92803 0.05976 0.79879 2.42294 3.53068 3.96376
108590 P 0 1 68.97511 0.45812 15.80197 1.04554 2.93472 0.05999 0.80410 2.43038 3.53099 3.95909
108591 P 0 1 68.81896 0.46532 15.84035 1.08436 2.95832 0.06075 0.82901 2.48251 3.52998 3.93042
108592 P 0 1 68.79998 0.46575 15.84586 1.08147 2.96514 0.06099 0.83468 2.49022 3.53031 3.92561
108593 P 0 1 68.78151 0.46613 15.85123 1.07841 2.97191 0.06124 0.84035 2.49773 3.53065 3.92085
108594 P 0 1 68.76360 0.46648 15.85644 1.07519 2.97859 0.06148 0.84601 2.50503 3.53101 3.91616
108595 P 0 1 68.74630 0.46679 15.86150 1.07183 2.98518 0.06173 0.85164 2.51209 3.53139 3.91155
108596 P 0 1 68.72967 0.46705 15.86638 1.06832 2.99166 0.06198 0.85723 2.51889 3.53179 3.90703
108597 P 0 1 68.71375 0.46728 15.87107 1.06468 2.99800 0.06222 0.86277 2.52542 3.53221 3.90260
108598 P 0 1 68.69857 0.46746 15.87557 1.06091 3.00421 0.06247 0.86824 2.53165 3.53264 3.89828
108599 P 0 1 68.68417 0.46760 15.87986 1.05703 3.01025 0.06272 0.87362 2.53757 3.53309 3.89408
108600 P 0 1 68.67056 0.46769 15.88394 1.05304 3.01614 0.06296 0.87891 2.54318 3.53355 3.89001
108601 P 0 1 68.65775 0.46775 15.88781 1.04895 3.02185 0.06321 0.88410 2.54848 3.53403 3.88607
108602 P 0 1 69.02416 0.44226 15.81130 0.98438 2.95148 0.06537 0.87255 2.39152 3.55491 3.90207
108603 P 0 1 69.01424 0.44218 15.81454 0.98020 2.95649 0.06562 0.87732 2.39545 3.55546 3.89849
108604 P 0 1 69.00492 0.44207 15.81760 0.97600 2.96136 0.06586 0.88198 2.39915 3.55602 3.89504
108605 P 0 1 68.99614 0.44194 15.82049 0.97181 2.96607 0.06610 0.88652 2.40265 3.55657 3.89172
108606 P 0 1 68.98779 0.44180 15.82324 0.96763 2.97066 0.06633 0.89093 2.40599 3.55710 3.88852
108607 P 0 1 68.97973 0.44167 15.82588 0.96352 2.97514 0.06656 0.89522 2.40923 3.55761 3.88545
108608 P 0 1 68.97180 0.44154 15.82845 0.95949 2.97954 0.06678 0.89940 2.41244 3.55810 3.88247
108609 P 0 1 68.96376 0.44144 15.83100 0.95560 2.98391 0.06699 0.90347 2.41570 3.55855 3.87959
108610 P 0 1 68.95538 0.44138 15.83359 0.95188 2.98829 0.06719 0.90746 2.41912 3.55894 3.87678
108611 P 0 1 68.94636 0.44137 15.83627 0.94840 2.99273 0.06738 0.91138 2.42282 3.55928 3.87401
108612 P 0 1 68.93640 0.44145 15.83913 0.94519 2.99729 0.06755 0.91526 2.42692 3.55954 3.87127
108613 P 0 1 68.92520 0.44162 15.84223 0.94231 3.00203 0.06772 0.91912 2.43154 3.55971 3.86852
108614 P 0 1 68.91247 0.44190 15.84563 0.93981 3.00701 0.06787 0.92299 2.43680 3.55978 3.86574
108615 P 0 1 68.89799 0.44231 15.84938 0.93771 3.01226 0.06801 0.92688 2.44279 3.55975 3.86291
108616 P 0 1 68.88160 0.44286 15.85352 0.93605 3.01783 0.06814 0.93080 2.44959 3.55960 3.86001
108617 P 0 1 68.86324 0.44355 15.85806 0.93483 3.02371 0.06825 0.93478 2.45721 3.55933 3.85704
108618 P 0 1 68.84293 0.44437 15.86299 0.93405 3.02991 0.06835 0.93879 2.46565 3.55895 3.85400
108619 P 0 1 68.82082 0.44533 15.86828 0.93368 3.03639 0.06843 0.94285 2.47486 3.55846 3.85090
108620 P 0 1 68.79713 0.44640 15.87388 0.93369 3.04311 0.06850 0.94692 2.48475 3.55787 3.84775
108621 P 0 1 68.77213 0.44756 15.87972 0.93402 3.05003 0.06856 0.95099 2.49521 3.55720 3.84458
108622 P 0 1 68.74614 0.44881 15.88573 0.93464 3.05706 0.06861 0.95504 2.50611 3.55646 3.84140
108623 P 0 1 68.71950 0.45012 15.89183 0.93549 3.06415 0.06865 0.95904 2.51731 3.55566 3.83825
108624 P 0 1 69.11971 0.43242 15.79478 0.93560 2.95037 0.06724 0.88854 2.35262 3.56466 3.89407
108625 P 0 1 69.09691 0.43360 15.80029 0.93676 2.95625 0.06726 0.89153 2.36197 3.56392 3.89151
108626 P 0 1 69.07458 0.43476 15.80566 0.93801 2.96195 0.06726 0.89437 2.37117 3.56317 3.88907
108627 P 0 1 69.05291 0.43591 15.81083 0.93932 2.96743 0.06726 0.89705 2.38011 3.56243 3.88675
108628 P 0 1 69.03209 0.43702 15.81576 0.94064 2.97265 0.06726 0.89957 2.38873 3.56169 3.88458
108629 P 0 1 68.93643 0.44317 15.83665 0.93966 3.00112 0.06670 0.90484 2.43425 3.55580 3.88139
108630 P 0 1 68.91738 0.44420 15.84106 0.94093 3.00586 0.06670 0.90708 2.44223 3.55511 3.87945
108631 P 0 1 68.89961 0.44517 15.84516 0.94216 3.01026 0.06669 0.90912 2.44970 3.55445 3.87768
108632 P 0 1 69.05984 0.43708 15.80735 0.95969 2.95421 0.06672 0.88736 2.37464 3.56110 3.89202
108633 P 0 1 68.87759 0.44581 15.85148 0.96692 3.00203 0.06714 0.91549 2.44885 3.55639 3.86830
108634 P 0 1 68.86436 0.44655 15.85449 0.96803 3.00520 0.06712 0.91692 2.45440 3.55588 3.86705
108635 P 0 1 68.85281 0.44720 15.85712 0.96904 3.00794 0.06711 0.91814 2.45925 3.55542 3.86597
108636 P 0 1 68.84300 0.44776 15.85933 0.96994 3.01025 0.06710 0.91914 2.46337 3.55503 3.86508
108637 P 0 1 68.08020 0.47275 16.04043 0.98586 3.21057 0.07383 1.11423 2.75022 3.55361 3.71830
108638 P 0 1 68.06870 0.47334 16.04275 0.98660 3.21338 0.07383 1.11587 2.75521 3.55320 3.71714
108639 P 0 1 68.05915 0.47383 16.04467 0.98722 3.21569 0.07383 1.11727 2.75932 3.55287 3.71614
108640 P 0 1 68.05163 0.47421 16.04620 0.98771 3.21751 0.07384 1.11842 2.76253 3.55263 3.71532
108641 P 0 1 68.04615 0.47448 16.04732 0.98809 3.21881 0.07385 1.11933 2.76483 3.55247 3.71467
108642 P 0 1 68.04275 0.47463 16.04803 0.98835 3.21960 0.07386 1.11999 2.76620 3.55240 3.71420
108643 P 0 1 68.04145 0.47466 16.04832 0.98848 3.21988 0.07388 1.12040 2.76663 3.55241 3.71391
108644 P 0 1 68.04223 0.47458 16.04820 0.98848 3.21963 0.07390 1.12056 2.76612 3.55252 3.71379
108645 P 0 1 68.04511 0.47438 16.04768 0.98835 3.21887 0.07392 1.12048 2.76467 3.55271 3.71384
108646 P 0 1 68.05004 0.47406 16.04674 0.98809 3.21760 0.07395 1.12016 2.76230 3.55299 3.71406
108647 P 0 1 68.05701 0.47364 16.04541 0.98770 3.21583 0.07398 1.11960 2.75902 3.55336 3.71446
108648 P 0 1 67.14548 0.50942 16.22340 1.04749 3.42650 0.07923 1.33218 3.12046 3.53900 3.57685
108649 P 0 1 67.14419 0.50925 16.22377 1.04761 3.42662 0.07933 1.33396 3.12014 3.53931 3.57582
108650 P 0 1 67.14448 0.50899 16.22387 1.04762 3.42636 0.07944 1.33560 3.11905 3.53970 3.57489
108651 P 0 1 66.86685 0.51262 16.27456 1.03678 3.50053 0.08387 1.45317 3.21491 3.54341 3.51330
108652 P 0 1 66.86973 0.51220 16.27422 1.03656 3.49964 0.08400 1.45467 3.21249 3.54393 3.51255
108653 P 0 1 68.33521 0.44282 16.00257 1.05059 3.09048 0.08288 1.19158 2.55175 3.59792 3.65420
108654 P 0 1 68.35525 0.44163 15.99847 1.05029 3.08490 0.08298 1.18983 2.54243 3.59905 3.65516
108655 P 0 1 68.37667 0.44035 15.99406 1.04991 3.07897 0.08310 1.18795 2.53252 3.60025 3.65621
108656 P 0 1 68.39934 0.43901 15.98939 1.04946 3.07272 0.08322 1.18595 2.52207 3.60151 3.65733
108657 P 0 1 68.42311 0.43760 15.98446 1.04894 3.06620 0.08335 1.18384 2.51115 3.60283 3.65851
108658 P 0 1 68.44782 0.43614 15.97932 1.04838 3.05942 0.08348 1.18164 2.49984 3.60420 3.65975
108659 P 0 1 68.47331 0.43464 15.97399 1.04779 3.05244 0.08361 1.17938 2.48820 3.60561 3.66102
108660 P 0 1 68.49942 0.43310 15.96851 1.04718 3.04528 0.08375 1.17706 2.47630 3.60706 3.66233
108661 P 0 1 69.00998 0.41186 15.85026 1.01309 2.92371 0.08145 1.07185 2.28678 3.61738 3.73362
108662 P 0 1 69.03931 0.41020 15.84350 1.01228 2.91572 0.08158 1.06895 2.27417 3.61888 3.73542
108663 P 0 1 69.06880 0.40853 15.83666 1.01150 2.90766 0.08170 1.06603 2.26151 3.62040 3.73722
108664 P 0 1 69.09830 0.40686 15.82978 1.01079 2.89955 0.08183 1.06312 2.24885 3.62192 3.73900
108665 P 0 1 69.28149 0.39637 15.78657 1.00318 2.85075 0.08272 1.04650 2.17139 3.63158 3.74946
108666 P 0 1 69.31102 0.39471 15.77944 1.00263 2.84252 0.08285 1.04362 2.15890 3.63312 3.75118
108667 P 0 1 69.34008 0.39308 15.77239 1.00222 2.83434 0.08299 1.04080 2.14659 3.63465 3.75285
108668 P 0 1 69.26065 0.39776 15.79081 1.02333 2.84595 0.08263 1.04638 2.17458 3.63115 3.74675
108669 P 0 1 69.28804 0.39621 15.78419 1.02336 2.83803 0.08276 1.04372 2.16279 3.63262 3.74826
108670 P 0 1 69.62686 0.37985 15.69919 0.97670 2.76733 0.08247 0.99423 2.04309 3.64258 3.78770
108671 P 0 1 69.65364 0.37837 15.69234 0.97686 2.75948 0.08259 0.99160 2.03190 3.64401 3.78921
108672 P 0 1 69.67937 0.37694 15.68572 0.97725 2.75179 0.08272 0.98909 2.02109 3.64540 3.79062
108673 P 0 1 70.04293 0.36162 15.58490 0.97000 2.65342 0.08135 0.92156 1.89044 3.65362 3.84017
108674 P 0 1 70.22291 0.35305 15.53689 0.85125 2.66829 0.08040 0.89847 1.85900 3.65236 3.87738
108675 P 0 1 70.14431 0.35600 15.55983 0.88333 2.67190 0.08122 0.91486 1.87607 3.65369 3.85879
108676 P 0 1 70.38595 0.34598 15.48835 0.89923 2.59400 0.08043 0.87065 1.78557 3.66013 3.88971
108677 P 0 1 70.40644 0.34487 15.48243 0.90089 2.58707 0.08054 0.86868 1.77710 3.66131 3.89067
108678 P 0 1 70.26549 0.35153 15.52162 0.95191 2.59972 0.08090 0.88686 1.81402 3.65939 3.86856
108679 P 0 1 70.28296 0.35056 15.51657 0.95439 2.59329 0.08101 0.88522 1.80637 3.66049 3.86915
108680 P 0 1 70.29905 0.34966 15.51189 0.95715 2.58709 0.08111 0.88374 1.79917 3.66154 3.86958
108681 P 0 1 70.31380 0.34883 15.50756 0.96021 2.58114 0.08122 0.88242 1.79241 3.66256 3.86984
108682 P 0 1 70.32722 0.34806 15.50359 0.96356 2.57542 0.08133 0.88126 1.78606 3.66354 3.86995
108683 P 0 1 70.33937 0.34735 15.49996 0.96720 2.56992 0.08144 0.88026 1.78012 3.66449 3.86990
108684 P 0 1 70.55455 0.33789 15.43555 0.95204 2.51665 0.08086 0.84578 1.70828 3.66955 3.89886
108685 P 0 1 70.56283 0.33736 15.43292 0.95625 2.51196 0.08098 0.84531 1.70368 3.67040 3.89830
108686 P 0 1 70.56997 0.33689 15.43061 0.96074 2.50747 0.08110 0.84499 1.69943 3.67123 3.89758
108687 P 0 1 70.57601 0.33646 15.42861 0.96548 2.50316 0.08122 0.84482 1.69550 3.67203 3.89672
108688 P 0 1 70.58103 0.33608 15.42688 0.97047 2.49903 0.08134 0.84478 1.69186 3.67281 3.89572
108689 P 0 1 70.58509 0.33575 15.42543 0.97570 2.49505 0.08146 0.84486 1.68851 3.67357 3.89457
108690 P 0 1 70.58828 0.33545 15.42421 0.98116 2.49122 0.08159 0.84508 1.68539 3.67432 3.89330
108691 P 0 1 70.55324 0.33653 15.43352 1.00725 2.48752 0.08209 0.85211 1.68898 3.67571 3.88305
108692 P 0 1 70.55533 0.33627 15.43257 1.01296 2.48393 0.08223 0.85249 1.68617 3.67643 3.88163
108693 P 0 1 70.55681 0.33604 15.43177 1.01886 2.48042 0.08236 0.85296 1.68352 3.67714 3.88011
108694 P 0 1 70.55779 0.33582 15.43111 1.02496 2.47697 0.08250 0.85350 1.68098 3.67785 3.87851
108695 P 0 1 70.55837 0.33562 15.43054 1.03123 2.47355 0.08264 0.85411 1.67854 3.67856 3.87684
108696 P 0 1 70.55868 0.33542 15.43003 1.03766 2.47015 0.08278 0.85476 1.67613 3.67927 3.87511
108697 P 0 1 70.55884 0.33523 15.42954 1.04425 2.46672 0.08293 0.85543 1.67374 3.67999 3.87335
108698 P 0 1 70.55900 0.33504 15.42902 1.05097 2.46324 0.08308 0.85610 1.67130 3.68071 3.87156
108699 P 0 1 70.55932 0.33483 15.42842 1.05780 2.45966 0.08323 0.85675 1.66876 3.68145 3.86978
108700 P 0 1 70.55997 0.33461 15.42770 1.06474 2.45596 0.08338 0.85734 1.66608 3.68220 3.86802
108701 P 0 1 70.56115 0.33436 15.42678 1.07176 2.45209 0.08353 0.85785 1.66320 3.68297 3.86632
108702 P 0 1 70.56308 0.33407 15.42561 1.07883 2.44799 0.08368 0.85824 1.66003 3.68377 3.86470
108703 P 0 1 70.56600 0.33374 15.42411 1.08593 2.44361 0.08382 0.85847 1.65652 3.68459 3.86321
108704 P 0 1 70.57019 0.33334 15.42219 1.09302 2.43890 0.08397 0.85848 1.65257 3.68544 3.86189
108705 P 0 1 70.57595 0.33288 15.41976 1.10007 2.43378 0.08411 0.85823 1.64810 3.68633 3.86077
108706 P 0 1 70.58362 0.33234 15.41672 1.10704 2.42818 0.08425 0.85765 1.64301 3.68727 3.85992
108707 P 0 1 70.59359 0.33169 15.41294 1.11388 2.42203 0.08437 0.85667 1.63719 3.68825 3.85940
108708 P 0 1 70.60626 0.33093 15.40828 1.12053 2.41522 0.08449 0.85522 1.63051 3.68928 3.85927
108709 P 0 1 70.62211 0.33004 15.40262 1.12693 2.40766 0.08459 0.85322 1.62285 3.69037 3.85961
108710 P 0 1 70.64164 0.32899 15.39577 1.13300 2.39925 0.08468 0.85056 1.61407 3.69152 3.86050
108711 P 0 1 70.66538 0.32777 15.38758 1.13866 2.38989 0.08475 0.84717 1.60403 3.69275 3.86203
108712 P 0 1 70.85766 0.31888 15.32579 1.13513 2.33747 0.08462 0.81898 1.53897 3.69896 3.88354
108713 P 0 1 70.76328 0.32454 15.35051 1.16590 2.35087 0.08365 0.82017 1.56735 3.69312 3.88062
108714 P 0 1 70.80070 0.32274 15.33784 1.16923 2.33883 0.08366 0.81464 1.55353 3.69455 3.88428
108715 P 0 1 70.84461 0.32068 15.32303 1.17169 2.32541 0.08363 0.80800 1.53790 3.69606 3.88900
108716 P 0 1 70.89550 0.31835 15.30588 1.17314 2.31050 0.08357 0.80016 1.52037 3.69764 3.89489
108717 P 0 1 70.91219 0.31733 15.29897 1.18320 2.30121 0.08371 0.79803 1.51159 3.69898 3.89480
108718 P 0 1 70.92002 0.31636 15.29595 1.19019 2.29554 0.08415 0.80010 1.50550 3.70095 3.89125
108719 P 0 1 70.81494 0.32266 15.32878 1.19215 2.32499 0.08314 0.80555 1.54473 3.69384 3.88921
108720 P 0 1 71.00658 0.31222 15.26489 1.20183 2.26614 0.08415 0.78677 1.47335 3.70423 3.89984
108721 P 0 1 71.09945 0.30835 15.23382 1.19440 2.24366 0.08377 0.77144 1.44554 3.70594 3.91361
108722 P 0 1 71.19828 0.30429 15.20046 1.18514 2.22032 0.08335 0.75524 1.41663 3.70761 3.92868
108723 P 0 1 71.31555 0.29807 15.15986 1.18690 2.18623 0.08393 0.74394 1.37588 3.71367 3.93597
108724 P 0 1 71.42275 0.29382 15.12304 1.17299 2.16260 0.08337 0.72637 1.34650 3.71502 3.95354
108725 P 0 1 71.77388 0.27846 15.00656 1.09796 2.09699 0.08301 0.68469 1.25480 3.72353 4.00011
108726 P 0 1 71.87217 0.27473 14.97071 1.08344 2.07606 0.08240 0.66870 1.22971 3.72422 4.01785
108727 P 0 1 72.10661 0.26503 14.87937 1.07505 2.01402 0.08156 0.63346 1.16308 3.72865 4.05316
108728 P 0 1 72.05865 0.26668 14.89490 1.09643 2.01798 0.08193 0.64011 1.17153 3.72900 4.04278
108729 P 0 1 72.15660 0.26310 14.85889 1.07478 2.00019 0.08125 0.62501 1.14910 3.72916 4.06193
108730 P 0 1 72.25179 0.25965 14.82370 1.05180 1.98374 0.08058 0.61058 1.12796 3.72913 4.08107
108731 P 0 1 72.34327 0.25636 14.78971 1.02780 1.96881 0.07991 0.59696 1.10827 3.72892 4.09999
108732 P 0 1 72.43021 0.25326 14.75725 1.00311 1.95548 0.07925 0.58422 1.09016 3.72854 4.11850
108733 P 0 1 72.48915 0.25115 14.73664 0.97798 1.95028 0.07885 0.57674 1.07970 3.72814 4.13136
108734 P 0 1 72.54616 0.24924 14.71619 0.95325 1.94557 0.07833 0.56871 1.07003 3.72722 4.14530
108735 P 0 1 72.52444 0.24991 14.73053 0.92822 1.96334 0.07869 0.57610 1.08086 3.72707 4.14084
108736 P 0 1 72.49530 0.25170 14.74419 0.91165 1.97970 0.07824 0.57788 1.09405 3.72388 4.14342
108737 P 0 1 72.55011 0.24981 14.72412 0.88791 1.97553 0.07774 0.57014 1.08465 3.72291 4.15708
108738 P 0 1 72.70308 0.24422 14.66189 0.85818 1.94627 0.07660 0.54735 1.05008 3.72232 4.19002
108739 P 0 1 72.74332 0.24287 14.64697 0.83676 1.94531 0.07618 0.54181 1.04427 3.72115 4.20135
108740 P 0 1 72.77634 0.24178 14.63481 0.81670 1.94587 0.07580 0.53727 1.04014 3.71991 4.21138
108741 P 0 1 72.80219 0.24096 14.62540 0.79817 1.94783 0.07545 0.53366 1.03761 3.71864 4.22010
108742 P 0 1 72.75085 0.24472 14.64214 0.80343 1.96034 0.07400 0.52893 1.05447 3.71153 4.22960
108743 P 0 1 72.76305 0.24441 14.63821 0.78802 1.96473 0.07374 0.52714 1.05492 3.71025 4.23553
108744 P 0 1 72.76829 0.24437 14.63695 0.77460 1.97021 0.07351 0.52616 1.05686 3.70895 4.24010
108745 P 0 1 72.76677 0.24459 14.63832 0.76324 1.97665 0.07331 0.52596 1.06021 3.70764 4.24332
108746 P 0 1 72.75869 0.24507 14.64222 0.75398 1.98395 0.07315 0.52649 1.06492 3.70632 4.24521
108747 P 0 1 72.89681 0.23979 14.58239 0.74233 1.94975 0.07232 0.50693 1.03000 3.70678 4.27291
108748 P 0 1 72.93652 0.23899 14.56282 0.73683 1.94109 0.07137 0.49675 1.02212 3.70387 4.28964
108749 P 0 1 72.91405 0.24007 14.57246 0.73377 1.94933 0.07127 0.49867 1.02935 3.70262 4.28842
108750 P 0 1 72.88159 0.24164 14.58622 0.72991 1.96095 0.07111 0.50135 1.03974 3.70080 4.28669
108751 P 0 1 72.84856 0.24317 14.60000 0.73067 1.97026 0.07106 0.50438 1.04913 3.69958 4.28321
108752 P 0 1 72.81072 0.24490 14.61563 0.73321 1.98002 0.07102 0.50791 1.05951 3.69838 4.27870
108753 P 0 1 72.76840 0.24682 14.63297 0.73744 1.99019 0.07100 0.51194 1.07083 3.69719 4.27322
108754 P 0 1 72.72190 0.24893 14.65185 0.74323 2.00074 0.07101 0.51641 1.08306 3.69601 4.26686
108755 P 0 1 72.67153 0.25120 14.67214 0.75045 2.01167 0.07103 0.52133 1.09612 3.69483 4.25970
108756 P 0 1 72.61761 0.25363 14.69366 0.75900 2.02293 0.07106 0.52665 1.11000 3.69367 4.25180
108757 P 0 1 72.64124 0.25285 14.68161 0.77476 2.00762 0.07088 0.52146 1.10004 3.69432 4.25522
108758 P 0 1 72.58323 0.25545 14.70450 0.78578 2.01882 0.07094 0.52718 1.11454 3.69320 4.24635
108759 P 0 1 72.52259 0.25817 14.72820 0.79776 2.03030 0.07101 0.53323 1.12968 3.69208 4.23697
108760 P 0 1 72.45960 0.26099 14.75258 0.81060 2.04205 0.07110 0.53958 1.14542 3.69095 4.22714
108761 P 0 1 72.39451 0.26390 14.77753 0.82418 2.05404 0.07119 0.54621 1.16170 3.68981 4.21693
108762 P 0 1 72.32756 0.26690 14.80292 0.83840 2.06627 0.07130 0.55312 1.17850 3.68866 4.20638
108763 P 0 1 72.25898 0.26996 14.82866 0.85318 2.07871 0.07141 0.56027 1.19577 3.68749 4.19556
108764 P 0 1 72.18898 0.27309 14.85466 0.86841 2.09135 0.07153 0.56766 1.21348 3.68631 4.18451
108765 P 0 1 72.11775 0.27628 14.88085 0.88403 2.10419 0.07166 0.57527 1.23159 3.68512 4.17327
108766 P 0 1 72.04547 0.27951 14.90714 0.89995 2.11720 0.07180 0.58309 1.25007 3.68390 4.16186
108767 P 0 1 71.97228 0.28278 14.93348 0.91611 2.13038 0.07195 0.59111 1.26890 3.68268 4.15033
108768 P 0 1 71.89833 0.28608 14.95982 0.93245 2.14370 0.07210 0.59933 1.28805 3.68145 4.13869
108769 P 0 1 71.82376 0.28941 14.98610 0.94890 2.15718 0.07226 0.60773 1.30750 3.68020 4.12696
108770 P 0 1 71.74866 0.29276 15.01230 0.96540 2.17079 0.07243 0.61632 1.32721 3.67895 4.11517
108771 P 0 1 71.67315 0.29612 15.03838 0.98192 2.18453 0.07261 0.62509 1.34719 3.67769 4.10333
108772 P 0 1 71.59731 0.29949 15.06431 0.99840 2.19839 0.07279 0.63404 1.36739 3.67643 4.09144
108773 P 0 1 71.55895 0.30057 15.07818 1.00990 2.20370 0.07336 0.64229 1.37528 3.67778 4.07998
108774 P 0 1 71.49785 0.30388 15.09732 1.02449 2.21444 0.07307 0.64576 1.39288 3.67502 4.07529
108775 P 0 1 71.42141 0.30725 15.12293 1.04056 2.22870 0.07328 0.65525 1.41361 3.67380 4.06322
108776 P 0 1 71.34486 0.31061 15.14835 1.05642 2.24308 0.07351 0.66495 1.43453 3.67259 4.05111
108777 P 0 1 71.26824 0.31397 15.17356 1.07205 2.25758 0.07375 0.67487 1.45563 3.67139 4.03896
108778 P 0 1 71.19160 0.31732 15.19857 1.08740 2.27220 0.07400 0.68501 1.47691 3.67022 4.02677
108779 P 0 1 71.11497 0.32064 15.22338 1.10244 2.28696 0.07426 0.69540 1.49835 3.66907 4.01453
108780 P 0 1 71.03835 0.32396 15.24798 1.11713 2.30186 0.07454 0.70604 1.51996 3.66795 4.00224
108781 P 0 1 70.96175 0.32725 15.27239 1.13145 2.31690 0.07484 0.71695 1.54173 3.66686 3.98989
108782 P 0 1 70.91607 0.32852 15.28902 1.13310 2.32872 0.07551 0.72866 1.55464 3.66790 3.97785
108783 P 0 1 70.83960 0.33175 15.31315 1.14648 2.34408 0.07584 0.74021 1.57665 3.66690 3.96532
108784 P 0 1 70.76306 0.33496 15.33714 1.15939 2.35965 0.07620 0.75211 1.59886 3.66594 3.95269
108785 P 0 1 70.68636 0.33815 15.36102 1.17179 2.37545 0.07657 0.76438 1.62131 3.66502 3.93996
108786 P 0 1 70.60941 0.34132 15.38482 1.18367 2.39152 0.07697 0.77706 1.64402 3.66413 3.92709
108787 P 0 1 70.53207 0.34448 15.40859 1.19499 2.40790 0.07738 0.79017 1.66705 3.66327 3.91409
108788 P 0 1 70.42001 0.34919 15.44213 1.21284 2.43101 0.07789 0.80835 1.70066 3.66168 3.89624
108789 P 0 1 70.34147 0.35234 15.46583 1.22299 2.44814 0.07836 0.82250 1.72456 3.66086 3.88295
108790 P 0 1 70.26206 0.35550 15.48964 1.23253 2.46574 0.07884 0.83720 1.74896 3.66006 3.86946
108791 P 0 1 70.22687 0.35544 15.50157 1.23883 2.47175 0.08001 0.85305 1.75493 3.66320 3.85435
