 Vistelius (1995)
SiO2 TiO2 Al2O3 Fe2O3 FeO MnO MgO CaO Na2O K2O
1 P 0 1 80.89708 0.04005 10.17221 0.61073 1.72207 0.01001 0.40048 0.55066 2.00240 3.59431
2 P 0 1 80.72654 0.10091 10.19173 0.17154 0.56509 0.02018 0.40363 0.35318 2.32089 5.14632
3 P 0 1 80.78439 0.05054 9.99697 0.16173 1.74871 0.02022 0.12130 0.14151 0.75811 6.21652
4 P 0 1 79.32477 0.03984 9.60064 1.14530 0.74694 0.09959 0.44816 0.66726 3.69485 4.23265
5 P 0 1 80.23916 0.08107 10.37698 0.64856 2.63478 0.04054 0.05067 1.26672 1.54033 3.12120
6 P 0 1 79.26304 0.22029 10.96425 0.12016 1.70221 0.03004 0.16021 0.61079 3.00391 3.92510
7 P 0 1 79.21714 0.04004 11.60276 1.00110 0.43047 0.06007 0.18020 0.37041 3.55391 3.54390
8 P 0 1 79.78004 0.13117 11.76471 1.26122 0.85763 0.05045 0.18162 1.16033 1.71527 3.09757
9 P 0 1 79.31869 0.08063 11.30820 0.38299 1.45132 0.02016 0.65511 0.33259 2.51965 3.93066
10 P 0 1 78.89982 0.10038 12.04577 0.18069 0.75286 0.02008 0.08031 0.41156 2.79060 4.71793
11 P 0 1 78.68885 0.15036 11.05654 0.42101 1.32318 0.03007 0.16038 0.58140 3.13753 4.45068
12 P 0 1 78.92300 0.01007 10.98138 0.49321 1.00654 0.03020 0.38249 2.09361 1.90237 4.17715
13 P 0 1 78.96062 0.01007 12.37788 0.24172 0.87622 0.01007 0.09064 0.18129 3.81710 3.43438
14 P 0 1 78.14377 0.05006 11.66400 0.70084 0.12014 0.03004 0.18022 0.75090 4.25511 4.10493
15 P 0 1 78.74445 0.19176 11.70771 0.36334 0.58539 0.03028 0.19176 0.61566 3.00767 4.56197
16 P 0 1 78.24692 0.23067 10.83141 0.24070 2.16628 0.05015 0.41119 1.12326 3.84114 2.85829
17 P 0 1 77.77445 0.09971 12.14478 0.43873 1.47572 0.02991 0.19942 0.39884 3.43005 4.00838
18 P 0 1 77.70472 0.06974 12.21359 0.00996 1.11576 0.01992 0.22913 0.96633 3.28751 4.38334
19 P 0 1 78.00120 0.04002 13.97559 0.02001 0.29012 0.01000 0.05002 1.33053 2.21088 4.07163
20 P 0 1 78.62257 0.06050 12.75587 0.09075 1.03862 0.09075 0.09075 0.58485 3.15620 3.50913
21 P 0 1 78.36751 0.12063 12.61560 0.11057 1.36711 0.01005 1.20627 0.38199 4.85525 0.96502
22 P 0 1 78.27004 0.09042 13.02994 0.66305 0.86397 0.01005 0.16074 0.45208 2.78280 3.67691
23 P 0 1 78.50948 0.09076 11.59742 0.15127 1.05889 0.02017 0.20169 0.40339 3.22711 4.73981
24 P 0 1 78.45549 0.15122 11.66448 0.03024 1.59290 0.01008 0.09073 0.94768 2.37927 4.67789
25 P 0 1 78.30901 0.09059 11.97786 0.99648 0.80523 0.02013 0.07046 0.26170 1.89230 5.57625
26 P 0 1 77.87788 0.04004 12.09209 0.45045 0.75075 0.02002 0.24024 0.89089 3.55355 4.08408
27 P 0 1 77.36769 0.10943 12.72384 0.15917 0.85555 0.02984 0.42778 0.52726 3.05412 4.74532
28 P 0 1 77.59257 0.06987 12.77573 0.07985 1.06797 0.02994 0.09981 0.87833 4.66114 2.74478
29 P 0 1 78.96180 0.17269 12.29175 1.05648 0.69078 0.04063 0.26412 1.21902 5.21130 0.09143
30 P 0 1 78.24335 0.05036 13.27558 0.23167 1.29936 0.02015 0.15109 0.50363 3.88799 2.33683
31 P 0 1 78.38547 0.18163 11.18063 0.25227 1.37235 0.02018 0.23209 0.60545 3.93542 3.83451
32 P 0 1 77.82569 0.15044 11.94464 0.68198 0.45131 0.07020 0.19055 0.91265 2.18634 5.58620
33 P 0 1 77.89495 0.18078 11.14794 0.62268 0.91393 0.05022 0.26112 0.78337 4.28844 3.85658
34 P 0 1 77.97326 0.14075 13.02905 0.07037 1.29687 0.04021 0.34181 0.85453 2.38263 3.87051
35 P 0 1 77.46254 0.04995 13.05694 0.74925 0.50949 0.02997 0.11988 0.32967 3.79620 3.89610
36 P 0 1 77.64871 0.12017 11.25576 0.74104 1.51212 0.01001 0.50070 0.05007 3.80533 4.35610
37 P 0 1 77.91177 0.03015 12.02894 0.60295 0.79389 0.01005 0.15074 0.50246 2.98462 4.98442
38 P 0 1 78.74264 0.07109 12.41113 0.61954 0.29454 0.03047 0.15235 0.32501 3.16880 4.18444
39 P 0 1 77.90955 0.09045 13.67839 0.19095 1.21608 0.01005 0.12060 0.62312 2.42211 3.73869
40 P 0 1 77.40937 0.08988 13.06302 0.32957 0.71907 0.05992 0.35953 1.03865 2.39688 4.53411
41 P 0 1 77.16049 0.06969 12.71406 0.53763 1.32417 0.00996 0.08961 0.16926 3.82318 4.10195
42 P 0 1 77.44549 0.15003 13.00260 1.19024 1.43029 0.03001 0.45009 0.87017 2.84057 2.59052
43 P 0 1 77.30950 0.12983 12.05433 0.69909 0.45940 0.00999 0.00999 0.65914 4.40427 4.26446
44 P 0 1 77.90862 0.04026 12.15781 0.82528 0.23148 0.03019 0.27174 0.57367 3.77415 4.18680
45 P 0 1 77.32268 0.06993 11.78821 0.57942 0.78921 0.00999 0.20979 0.28971 3.04695 5.89411
46 P 0 1 77.89855 0.23148 13.13406 0.62399 0.21135 0.01006 0.66425 0.38245 5.62601 1.21779
47 P 0 1 78.41428 0.12167 11.90307 0.36500 0.94292 0.02028 0.12167 0.39542 3.13292 4.58278
48 P 0 1 77.75767 0.06033 13.72549 0.92509 0.25138 0.05028 0.22122 0.35194 4.44444 2.21217
49 P 0 1 77.77442 0.12074 11.97304 0.85522 0.70430 0.02012 0.04025 0.40245 3.12909 4.98038
50 P 0 1 77.35056 0.01001 13.07700 0.89116 0.14018 0.12016 0.20026 1.21158 2.49324 4.50586
51 P 0 1 77.84944 0.07054 11.99234 0.20155 1.38063 0.05039 0.36279 0.22171 2.69072 5.17989
52 P 0 1 77.44135 0.70182 12.10146 0.78203 0.39102 0.02005 0.21055 0.59154 1.81472 5.94546
53 P 0 1 77.69393 0.12074 11.84224 0.76466 0.98601 0.02012 0.20123 0.55338 3.13915 4.67854
54 P 0 1 77.02514 0.10974 12.70950 0.78811 0.34916 0.02993 0.09976 0.48883 3.31205 5.08779
55 P 0 1 76.96909 0.07976 11.46560 0.73779 1.57527 0.00997 0.11964 0.21934 4.43669 4.38684
56 P 0 1 77.37343 0.01003 12.45113 0.29073 0.63158 0.02005 0.28070 0.54135 4.71178 3.68922
57 P 0 1 77.26818 0.04006 13.36872 0.02003 1.07150 0.02003 0.10014 0.56079 4.41618 3.13439
58 P 0 1 77.49096 0.08035 12.45480 0.65287 0.43190 0.04018 0.31137 0.67296 3.83688 4.02772
59 P 0 1 76.90161 0.07975 12.98973 0.69784 0.29907 0.02991 0.03988 0.47852 3.12033 5.36337
60 P 0 1 78.17187 0.13174 13.17390 0.50669 1.05391 0.02027 0.08107 0.27361 2.33077 4.25618
61 P 0 1 77.55102 0.15080 11.10888 0.86458 2.19162 0.03016 0.09048 0.12064 3.31758 4.57424
62 P 0 1 77.19720 0.09009 12.14214 0.69069 1.15115 0.03003 0.05005 0.56056 3.73373 4.35435
63 P 0 1 77.34203 0.13039 12.36710 0.19057 0.86259 0.03009 0.15045 0.77232 3.63089 4.52357
64 P 0 1 77.68262 0.01008 12.11083 0.49370 0.93703 0.03023 0.13098 0.90680 3.03275 4.66499
65 P 0 1 77.37856 0.20072 11.42112 1.27459 1.14412 0.04014 0.16058 0.05018 4.21517 4.11481
66 P 0 1 77.48291 0.10052 12.60555 0.95497 0.73382 0.02010 0.13068 0.18094 3.51830 4.27222
67 P 0 1 77.45177 0.13063 12.22870 1.41680 0.27130 0.01005 0.28135 0.37178 6.02894 1.80868
68 P 0 1 77.70495 0.10084 12.22144 0.47393 0.21176 0.01008 0.05042 0.70586 4.61833 3.90239
69 P 0 1 76.81954 0.07976 13.07079 1.35593 0.14955 0.00997 0.06979 0.14955 4.02792 4.26720
70 P 0 1 77.62217 0.23174 12.19144 0.71537 1.80353 0.05038 0.30227 1.34005 3.02267 2.72040
71 P 0 1 77.49723 0.08047 13.14757 0.69410 0.29172 0.02012 0.57338 0.56332 3.01781 4.11427
72 P 0 1 77.16662 0.11021 13.07484 0.66126 0.59112 0.32061 0.02004 0.58110 3.44655 4.02765
73 P 0 1 77.16662 0.04008 11.05100 1.50286 0.43082 0.01002 0.12023 0.56107 4.00761 5.10971
74 P 0 1 76.94306 0.19980 12.73726 1.16883 0.96903 0.04995 0.20979 0.98901 2.60739 4.12587
75 P 0 1 77.39471 0.09046 12.80531 0.36185 1.84943 0.03015 0.10051 0.50256 2.96512 3.89989
76 P 0 1 77.06165 0.15012 11.40913 0.24019 1.43114 0.03002 0.35028 0.33026 4.45356 4.54363
77 P 0 1 77.45473 0.17103 12.45473 0.50302 0.72435 0.02012 0.10060 0.42254 4.12475 4.02414
78 P 0 1 77.12654 0.09017 12.89450 0.59112 0.81154 0.02004 0.05010 0.59112 3.63691 4.18796
79 P 0 1 77.34351 0.05024 13.02120 0.26123 0.67316 0.01005 0.08038 0.30142 3.73757 4.52125
80 P 0 1 77.19386 0.09026 12.77705 1.40407 0.12035 0.03009 0.14041 0.19055 3.90131 4.15204
81 P 0 1 77.10107 0.11019 11.37934 1.11189 1.37233 0.03005 0.25043 0.07012 3.95673 4.61785
82 P 0 1 77.62203 0.18152 12.39411 0.70593 0.47398 0.02017 0.38322 0.88745 1.35135 5.98023
83 P 0 1 76.45773 0.01987 13.47969 0.52647 0.33774 0.00993 1.01321 1.64895 4.08265 2.42376
84 P 0 1 77.46351 0.11072 12.33015 0.34222 1.08707 0.01007 0.22144 0.28183 2.31505 5.83795
85 P 0 1 77.23806 0.20072 12.26415 0.67242 0.56202 0.10036 0.36130 0.38137 3.70333 4.51626
86 P 0 1 77.39113 0.12069 12.09896 0.54310 1.12642 0.07040 0.06034 0.36206 3.41949 4.80740
87 P 0 1 77.85310 0.06070 12.25212 0.01012 0.97127 0.01012 0.15176 0.18211 3.99636 4.51234
88 P 0 1 77.50025 0.13093 12.32753 0.38272 1.25894 0.02014 0.20143 0.82586 3.55524 3.79696
89 P 0 1 77.34218 0.10052 13.30921 0.54282 1.26659 0.02010 0.03016 0.39204 3.00563 3.99075
90 P 0 1 76.70222 0.09969 12.49128 0.62805 0.88725 0.03988 0.54830 0.89722 5.22381 2.48230
91 P 0 1 77.76205 0.09097 12.48357 1.00071 0.77833 0.01011 0.28303 0.10108 2.62812 4.86202
92 P 0 1 77.32207 0.17089 13.05790 0.65340 0.20105 0.02010 0.17089 0.07037 2.23160 6.10173
93 P 0 1 76.91231 0.13999 11.64884 1.75982 0.56994 0.01000 0.17998 1.04990 2.53975 5.18948
94 P 0 1 77.47557 0.13096 12.47104 0.06044 1.02750 0.02015 0.17125 0.45331 2.63927 5.55052
95 P 0 1 77.70816 0.05053 11.85327 0.60631 1.16209 0.02021 0.14147 0.57599 3.23363 4.64834
96 P 0 1 77.73734 0.08088 12.47599 0.34375 0.61672 0.02022 0.37408 0.56617 3.46780 4.31706
97 P 0 1 77.28187 0.19099 12.06273 0.34178 0.85444 0.03016 0.22115 0.82429 3.27704 4.91556
98 P 0 1 77.39629 0.18123 12.14257 0.28192 1.29883 0.03021 0.06041 0.84575 3.06081 4.70197
99 P 0 1 77.92195 0.06082 12.42777 1.12519 0.71972 0.02027 0.18246 0.23315 1.78409 5.52458
100 P 0 1 77.49546 0.03025 13.09740 0.04033 0.95785 0.02017 0.03025 0.82678 3.57935 3.92216
101 P 0 1 77.36286 0.04026 12.44087 0.61399 0.82536 0.05033 0.14092 0.44288 3.50277 4.57977
102 P 0 1 77.99087 0.11162 11.19229 1.55251 1.16692 0.02029 0.62912 1.52207 4.87062 0.94368
103 P 0 1 77.58708 0.06058 12.34730 0.01010 0.87834 0.01010 0.05048 0.18173 3.61434 5.25997
104 P 0 1 77.80478 0.09113 11.70514 0.19239 0.91130 0.03038 0.25314 0.91130 3.03767 5.06278
105 P 0 1 77.25719 0.10054 12.60808 0.60326 0.18098 0.01005 0.50271 0.65353 2.76493 5.31872
106 P 0 1 77.25490 0.13072 14.14781 0.21116 0.20111 0.01006 0.05028 1.05581 3.19759 3.74057
107 P 0 1 76.99940 0.18040 13.62999 0.47104 1.52335 0.02004 0.10022 0.35077 2.47545 4.24935
108 P 0 1 76.79160 0.01000 13.69315 0.39980 0.60970 0.01000 0.21989 1.35932 2.79860 4.10795
109 P 0 1 76.89690 0.09009 12.74274 1.36136 0.56056 0.07007 0.05005 0.79079 3.45345 3.98398
110 P 0 1 76.74326 0.02997 12.46753 0.44955 0.74925 0.00999 0.18981 0.82917 3.13686 5.39461
111 P 0 1 77.54896 0.04038 12.72966 0.64607 0.74702 0.02019 0.21199 0.29275 2.90733 4.85564
112 P 0 1 77.36153 0.18127 12.50755 0.33233 1.31923 0.04028 0.34240 1.07754 2.48741 4.35045
113 P 0 1 77.21926 0.12064 12.98884 0.47250 0.81432 0.03016 0.02011 0.73389 2.92551 4.67478
114 P 0 1 76.73327 0.03996 12.98701 1.20879 1.33866 0.02997 0.14985 0.11988 2.51748 4.87512
115 P 0 1 77.52321 0.11102 12.00040 0.24223 1.31207 0.02019 0.16149 0.54501 3.58296 4.50141
116 P 0 1 77.79016 0.16204 11.53535 1.40774 0.43549 0.01013 0.53676 0.51651 2.27871 5.32712
117 P 0 1 77.10384 0.10042 12.36192 0.54228 0.59249 0.02008 0.16067 0.64270 3.74573 4.72987
118 P 0 1 76.85454 0.24026 12.66393 1.00110 0.58064 0.06007 0.31034 0.22024 3.79417 4.27470
119 P 0 1 76.67033 0.19974 12.48377 0.61920 0.57925 0.00999 0.68910 1.39818 2.59662 4.75382
120 P 0 1 77.25443 0.25161 11.57407 0.87560 1.99275 0.01006 0.16103 0.97625 1.44928 5.45491
121 P 0 1 77.04046 0.04016 13.09106 0.23090 0.67262 0.03012 0.07027 0.48188 3.60406 4.73848
122 P 0 1 77.12103 0.15078 12.61560 1.06554 0.34178 0.03016 0.13068 0.91476 2.34218 5.28749
123 P 0 1 76.92770 0.12032 11.93222 1.33360 1.18319 0.02005 0.36097 0.29079 3.23874 4.59240
124 P 0 1 77.27181 0.19142 12.77453 0.09067 0.64477 0.01007 0.14104 0.51380 3.32460 5.03728
125 P 0 1 77.00030 0.07027 12.82000 0.94368 2.01787 0.01004 0.15059 0.38149 3.67433 2.93143
126 P 0 1 77.52173 0.15161 12.12856 0.88943 1.21286 0.03032 0.38407 0.70750 2.83000 4.14393
127 P 0 1 77.45128 0.10098 12.21852 0.61597 1.23195 0.02020 0.45441 0.45441 4.03918 3.41311
128 P 0 1 76.81522 0.10015 12.36855 1.03155 0.39059 0.01002 0.49074 0.88132 3.90586 4.00601
129 P 0 1 76.95936 0.08028 12.72454 0.74260 1.94681 0.01004 0.15053 0.40140 2.97040 4.01405
130 P 0 1 77.26174 0.06045 13.70139 0.35261 0.44328 0.07052 0.20149 0.80596 3.20371 3.89885
131 P 0 1 76.52695 0.08982 12.43513 0.95808 1.09780 0.01996 0.06986 0.54890 3.77246 4.48104
132 P 0 1 77.24388 0.10074 13.09560 0.30221 0.34250 0.01007 0.16118 0.80588 3.26383 4.67412
133 P 0 1 76.89299 0.07020 12.96761 0.90262 1.58460 0.01003 0.15044 0.38111 3.00873 4.03169
134 P 0 1 76.69835 0.04002 13.13657 0.27014 1.29065 0.03002 0.07004 0.94047 2.74137 4.78239
135 P 0 1 77.47347 0.17180 11.91511 0.08085 1.66751 0.02021 0.55584 0.88934 3.73926 3.48661
136 P 0 1 77.16702 0.15101 12.48364 0.62418 0.80540 0.02013 0.09061 0.30202 3.46320 4.89278
137 P 0 1 76.22837 0.13925 12.65168 0.84543 0.85538 0.30833 0.18898 0.82554 3.42152 4.53551
138 P 0 1 77.08249 0.10060 12.26358 0.88531 0.61368 0.06036 0.36217 0.44266 3.39034 4.79879
139 P 0 1 76.87908 0.14049 11.92173 0.82288 1.40492 0.02007 0.07025 0.11039 4.11440 4.51581
140 P 0 1 76.33284 0.13951 11.35027 1.61435 1.53463 0.01993 0.08969 0.20927 3.90633 4.80319
141 P 0 1 76.40136 0.05984 12.76681 0.04987 0.79793 0.01995 0.12966 0.99741 4.34869 4.42849
142 P 0 1 76.42422 0.21950 12.55113 0.02993 1.50653 0.01995 0.17959 0.08979 3.86112 5.11823
143 P 0 1 77.15552 0.06044 12.41942 0.60435 0.40290 0.07051 0.25181 0.40290 4.13981 4.49234
144 P 0 1 77.34249 0.02019 15.04443 0.57553 0.81785 0.32310 0.51494 0.50485 1.13086 3.72577
145 P 0 1 77.35354 0.12121 13.55556 0.18182 1.18182 0.04040 0.05051 0.17172 3.48485 3.85859
146 P 0 1 77.23651 0.10086 13.81745 0.25214 0.93797 0.05043 0.16137 0.28240 4.43772 2.72315
147 P 0 1 76.68736 0.07010 12.23713 0.50070 1.47206 0.04006 0.31043 0.47066 4.05568 4.15582
148 P 0 1 76.78733 0.15041 13.00511 0.74200 0.64173 0.04011 0.33089 0.11030 2.78753 5.40459
149 P 0 1 76.27490 0.11952 13.52590 0.81673 0.70717 0.00996 0.35857 0.64741 3.01793 4.52191
150 P 0 1 76.97798 0.07037 12.48618 0.40213 1.17623 0.02011 0.13069 0.44234 3.59908 4.69488
151 P 0 1 76.68503 0.23035 12.39860 0.67101 1.12168 0.05008 0.28042 0.45068 3.02454 5.08763
152 P 0 1 77.81279 0.12196 12.44029 1.26029 0.80293 0.07115 0.20327 0.34556 2.94745 3.99431
153 P 0 1 76.43007 0.00998 13.33733 0.19966 0.74873 0.01997 0.32944 0.64890 2.87511 5.40082
154 P 0 1 76.74419 0.11026 12.10906 0.48115 1.94467 0.02005 0.36087 0.61147 4.10986 3.50842
155 P 0 1 76.48117 0.11989 12.61864 0.75932 1.21890 0.02997 0.07993 0.47957 4.10630 4.10630
156 P 0 1 77.29200 0.17165 9.66276 4.03877 1.37318 0.03029 0.50485 1.00969 2.88772 3.02908
157 P 0 1 76.47118 0.11989 12.24898 0.27975 1.68848 0.05995 0.13987 0.68938 3.56679 4.73574
158 P 0 1 76.86282 0.04017 12.43222 0.65274 0.72304 0.04017 0.22093 0.87367 3.72565 4.42860
159 P 0 1 76.85511 0.15062 12.72216 0.48198 2.30947 0.03012 0.31128 0.92379 2.55046 3.66503
160 P 0 1 76.49410 0.09994 13.17210 0.92944 0.66960 0.00999 0.37977 0.36978 2.68839 5.18689
161 P 0 1 77.43828 0.06070 12.48482 1.01174 0.54634 0.03035 0.40469 0.18211 3.03521 4.80575
162 P 0 1 76.68872 0.20044 13.07877 1.34295 0.32071 0.07015 0.18040 0.31068 3.05672 4.75045
163 P 0 1 76.68103 0.12025 13.05742 1.08227 0.60126 0.02004 0.21044 0.49103 3.72783 4.00842
164 P 0 1 76.45119 0.06994 13.09821 0.28974 0.99910 0.03996 0.28974 1.12898 3.27705 4.35608
165 P 0 1 77.51216 0.14182 13.68517 0.19246 1.11426 0.05065 0.32415 1.31686 3.06929 2.59319
166 P 0 1 76.78876 0.09032 12.98545 0.32112 1.07376 0.01004 0.45158 0.45158 3.81335 4.01405
167 P 0 1 76.57126 0.05004 14.85188 0.53042 1.20096 0.01001 0.64051 1.29103 2.12170 2.73219
168 P 0 1 76.89988 0.20105 12.59550 0.38199 1.94009 0.02010 0.10052 0.21110 3.72939 3.92039
169 P 0 1 77.23372 0.06058 13.42756 0.22211 1.10045 0.02019 0.15144 0.67643 2.79657 4.31095
170 P 0 1 77.11694 0.13105 13.31653 0.11089 1.26008 0.06048 0.16129 0.78629 3.02419 4.03226
171 P 0 1 77.24932 0.05049 13.27880 0.93911 0.28274 0.02020 0.17167 0.17167 2.34272 5.49328
172 P 0 1 76.52296 0.05002 13.51405 0.20006 0.70021 0.06002 0.19006 0.56017 3.78113 4.42133
173 P 0 1 77.07809 0.11083 12.49370 1.05793 0.76574 0.01008 0.19144 0.07053 3.77834 4.44332
174 P 0 1 76.38542 0.03994 12.32152 0.93859 1.01847 0.01997 0.22966 0.29955 4.13380 4.61308
175 P 0 1 76.86897 0.11053 12.33923 0.68328 1.18569 0.04019 0.24116 0.44212 3.96905 4.11977
176 P 0 1 76.97726 0.05031 12.03461 0.83518 0.64399 0.02012 0.31193 0.21131 5.03119 3.88408
177 P 0 1 76.91534 0.20109 12.15564 0.33179 1.40760 0.02011 0.39212 0.93505 3.82063 3.82063
178 P 0 1 76.68170 0.08020 11.89975 0.48120 1.52381 0.03008 0.09023 0.98246 2.98747 5.24311
179 P 0 1 77.40336 0.09107 13.18559 0.13155 1.21433 0.01012 0.12143 0.46549 3.22809 4.14896
180 P 0 1 76.65865 0.15033 12.23692 0.20044 1.54340 0.04009 0.22049 0.51112 2.95650 5.48206
181 P 0 1 76.77173 0.04015 13.21020 0.13050 1.23469 0.04015 0.07027 0.83317 2.92110 4.74804
182 P 0 1 76.87745 0.13069 13.22007 0.47250 0.74394 0.05027 0.17091 0.32171 3.74987 4.26259
183 P 0 1 76.89291 0.23127 10.87984 0.58321 2.79537 0.02011 0.46254 1.27702 2.81549 4.04223
184 P 0 1 76.94475 0.08051 12.72014 1.16735 0.93590 0.04025 0.06038 0.60380 3.70333 3.74358
185 P 0 1 77.27916 0.20214 13.00788 1.18253 1.01071 0.04043 0.24257 0.18193 1.95068 4.90196
186 P 0 1 76.41179 0.09995 11.72414 0.34983 1.49925 0.02999 0.07996 0.60970 3.82809 5.36732
187 P 0 1 76.54185 0.03004 13.11574 0.41049 0.42050 0.01001 0.18022 1.03124 2.62315 5.63676
188 P 0 1 77.55682 0.23336 11.29261 2.07995 0.87256 0.01015 0.29424 0.67979 3.87581 3.10471
189 P 0 1 76.94786 0.10066 12.26092 0.88585 0.93618 0.02013 0.29193 0.82545 3.74472 3.98631
190 P 0 1 76.48354 0.07005 12.44871 0.66046 1.85130 0.02001 0.04003 0.42029 3.48244 4.52317
191 P 0 1 76.82951 0.06031 13.11821 0.34178 0.75392 0.02010 0.06031 0.60314 3.04584 5.16687
192 P 0 1 76.95328 0.13089 11.87072 0.73500 0.93637 0.03021 0.24164 0.52356 3.24205 5.33629
193 P 0 1 76.32315 0.61913 11.09447 0.61913 0.88876 0.02996 0.76892 1.00859 4.14420 4.50369
194 P 0 1 77.22312 0.09095 12.96483 0.04042 1.14188 0.05053 0.10105 0.60631 3.94099 3.83994
195 P 0 1 76.64995 0.19057 12.74824 0.44132 1.08325 0.04012 0.28084 1.60481 2.74824 4.21264
196 P 0 1 76.12312 0.12949 13.93565 0.98615 0.57775 0.00996 0.30880 0.77697 3.26726 3.88485
197 P 0 1 76.84031 0.13073 12.55028 0.30169 0.67377 0.02011 0.22124 0.53298 3.71078 5.01810
198 P 0 1 76.23229 0.24945 12.45260 0.87807 1.22730 0.01996 0.06985 0.63860 2.94352 5.28837
199 P 0 1 76.34656 0.08994 11.74178 2.08854 0.49965 0.00999 0.10992 0.34976 4.24703 4.51684
200 P 0 1 76.21708 0.09976 12.62969 0.09976 2.29449 0.01995 0.14964 0.59856 3.15243 4.73863
201 P 0 1 76.84571 0.06035 12.22088 0.71414 1.29753 0.03018 0.20117 0.28163 4.12392 4.22450
202 P 0 1 76.70683 0.10040 12.73092 0.12048 1.60643 0.04016 0.26104 1.20482 2.79116 4.43775
203 P 0 1 76.94632 0.12086 13.77782 0.31222 1.10787 0.03021 0.33236 0.58415 2.50781 4.28039
204 P 0 1 76.72223 0.10042 12.22133 0.14059 1.88793 0.02008 0.37156 0.42177 3.18337 4.93071
205 P 0 1 77.51395 0.10147 13.81025 0.29427 1.00457 0.01015 0.12177 0.19280 2.88179 4.06900
206 P 0 1 77.08144 0.10092 12.75608 0.92845 0.61560 0.04037 0.13119 0.27248 3.02755 5.04592
207 P 0 1 76.49474 0.17026 12.35854 0.45068 1.16174 0.03005 0.25038 0.48072 3.32499 5.27792
208 P 0 1 76.37236 0.09999 13.66863 0.21998 1.07989 0.07999 1.01990 2.10979 2.24978 3.09969
209 P 0 1 76.42879 0.13012 12.58132 0.76068 0.90081 0.05005 0.05005 0.13012 4.22380 4.74427
210 P 0 1 76.29896 0.09992 12.46003 0.12990 2.06835 0.00999 0.10991 0.80935 3.04756 4.96603
211 P 0 1 76.65127 0.19072 11.65429 0.39149 2.11805 0.03011 0.16061 0.81309 3.37282 4.61755
212 P 0 1 76.63589 0.24087 11.89281 1.25452 1.72621 0.04014 0.16058 0.17061 3.66319 4.21517
213 P 0 1 77.12352 0.22220 12.34219 1.09080 1.15140 0.05050 0.19190 0.12120 3.03000 4.67630
214 P 0 1 76.36764 0.08001 12.89129 0.30003 1.58016 0.03000 0.24002 0.16002 4.45045 3.90039
215 P 0 1 76.98669 0.15127 10.78056 0.10085 0.89754 0.05042 0.71601 2.24889 3.52965 4.53812
216 P 0 1 76.86034 0.19132 12.68754 0.97674 0.61424 0.03021 0.32222 0.20139 4.25939 3.85661
217 P 0 1 76.27661 0.20985 12.72110 0.38973 1.05926 0.02998 0.46967 1.14920 3.69741 3.99720
218 P 0 1 76.39876 0.15014 11.78060 0.04004 2.29206 0.02002 0.55050 0.85077 4.51406 3.40306
219 P 0 1 76.12968 0.13965 13.05736 0.72818 1.06733 0.02993 0.20948 1.74564 3.22195 3.67082
220 P 0 1 76.31237 0.06999 12.21878 0.76992 0.70993 0.02000 0.23998 0.38996 4.56954 4.69953
221 P 0 1 76.89673 0.06045 11.07305 1.07809 1.44081 0.03023 0.50378 0.53401 1.85390 6.52897
222 P 0 1 76.42464 0.01002 12.87932 0.93140 0.59089 0.01002 1.10165 0.57086 3.63545 3.84577
223 P 0 1 76.16291 0.09982 12.15812 0.72869 0.99820 0.02995 0.11978 0.66880 3.04452 5.98922
224 P 0 1 76.80693 0.15100 13.07630 0.39259 0.93618 0.02013 0.12080 0.70465 3.61385 4.17757
225 P 0 1 76.66801 0.11053 13.32395 0.08039 1.66801 0.04019 0.13063 0.12058 3.48674 4.37098
226 P 0 1 76.47589 0.19044 12.89967 0.81187 0.45104 0.01002 0.14032 0.25058 4.17961 4.59056
227 P 0 1 76.77601 0.04025 12.67861 0.11069 1.03643 0.05031 0.15094 0.42262 3.42121 5.31294
228 P 0 1 76.86883 0.05037 13.28833 0.15112 1.18880 0.02015 0.17127 0.45335 3.34475 4.46303
229 P 0 1 76.14532 0.02994 12.49626 0.30941 1.29753 0.00998 0.03992 0.45913 3.40353 5.80896
230 P 0 1 76.57866 0.10039 11.53499 0.81317 1.15450 0.04016 0.24094 0.73286 4.06586 4.73848
231 P 0 1 76.98052 0.12110 13.05884 0.30276 0.62569 0.03028 0.24220 0.79726 2.70461 5.13674
232 P 0 1 76.34635 0.04004 13.28328 0.25025 1.16116 0.03003 0.13013 0.90090 2.86286 4.99499
233 P 0 1 76.62011 0.13061 12.50879 0.91430 0.57269 0.02009 0.07033 0.32151 4.11936 4.72219
234 P 0 1 76.31342 0.10007 12.58881 0.88062 0.29020 0.01001 0.25018 0.56039 5.00350 4.00280
235 P 0 1 76.26763 0.01000 12.15122 0.99010 1.05011 0.03000 0.41004 1.48015 4.34043 3.27033
236 P 0 1 76.73880 0.07046 12.95420 1.01661 0.26170 0.01007 0.03020 1.05687 3.55310 4.30800
237 P 0 1 76.31632 0.16016 12.32232 1.17117 0.90090 0.01001 0.10010 0.16016 4.12412 4.73473
238 P 0 1 77.04123 0.09095 12.01496 1.07114 1.01051 0.01011 0.10105 0.60631 5.38601 2.66774
239 P 0 1 76.96346 0.20190 14.07228 0.50474 0.78740 0.02019 0.15142 0.49465 2.76600 4.03796
240 P 0 1 76.19428 0.07995 12.59244 0.84949 0.97941 0.02998 0.21987 0.45972 3.99760 4.59724
241 P 0 1 76.73880 0.08052 12.50126 1.04680 0.85556 0.02013 0.23150 0.27177 3.22094 5.03271
242 P 0 1 76.47708 0.07022 12.11756 1.00311 1.26392 0.05016 0.25078 0.16050 4.76477 3.84191
243 P 0 1 76.27814 0.16008 12.97649 0.51026 0.86043 0.07004 0.38019 1.26063 3.75188 3.75188
244 P 0 1 77.49543 0.06099 11.25229 0.47774 0.96564 0.03049 1.53486 0.24395 2.89693 5.04168
245 P 0 1 76.05268 0.17960 12.63221 0.69846 0.90800 0.01996 0.12971 0.70844 4.17082 4.50010
246 P 0 1 76.22762 0.03000 12.03120 0.74007 1.35014 0.02000 0.17002 0.50005 3.41034 5.52055
247 P 0 1 75.93146 0.09962 12.48257 0.47818 1.03606 0.01992 0.19924 0.44830 4.60251 4.70213
248 P 0 1 76.69551 0.48299 14.25840 0.43268 0.14087 0.03019 0.21131 0.61381 3.15959 3.97464
249 P 0 1 77.16918 0.22274 11.87608 0.83021 2.62225 0.09112 0.29361 0.28349 1.43768 5.17364
250 P 0 1 76.01756 0.09976 12.43017 0.24940 0.13966 0.01995 0.09976 2.79330 3.86073 4.28970
251 P 0 1 76.92308 0.15142 13.32526 0.29275 1.27196 0.02019 0.11104 0.65617 3.63416 3.61397
252 P 0 1 76.68310 0.11070 11.66348 0.68431 1.14723 0.02013 0.16101 0.27171 4.72980 4.52853
253 P 0 1 76.21524 0.13003 11.90238 0.85017 0.86017 0.01000 0.21004 0.32006 4.50090 5.00100
254 P 0 1 75.97208 0.30907 14.41675 0.20937 0.87737 0.04985 0.29910 0.79761 4.40678 2.66201
255 P 0 1 76.72171 0.09062 12.10230 0.55377 1.62102 0.02014 0.34233 0.63431 3.32259 4.59122
256 P 0 1 76.93084 0.07067 12.00404 0.51489 0.69662 0.04038 0.44422 0.77739 3.41242 5.10853
257 P 0 1 76.60601 0.02011 12.60682 0.53282 1.07570 0.03016 0.45240 0.52277 3.82025 4.33296
258 P 0 1 76.10867 0.06992 13.43388 0.78905 0.88893 0.05993 0.53935 0.55933 2.48702 5.06392
259 P 0 1 76.13670 0.08994 12.62117 0.76946 0.77945 0.02998 0.29979 0.69951 3.65744 4.91656
260 P 0 1 76.47827 0.23090 12.58910 1.07419 0.62243 0.02008 0.08031 0.05020 3.79480 5.05973
261 P 0 1 76.77114 0.09070 12.39544 0.40310 1.66280 0.03023 0.12093 0.11085 4.08143 4.33337
262 P 0 1 76.60131 0.16088 10.58824 0.12066 2.74510 0.03017 0.23127 0.35194 3.89140 5.27903
263 P 0 1 76.79435 0.09073 12.89315 0.96774 1.74395 0.01008 0.23185 0.60484 3.57863 3.08468
264 P 0 1 76.97827 0.15159 12.52148 0.89944 0.49520 0.10106 0.19202 0.81860 2.81961 5.02274
265 P 0 1 77.47152 0.15256 11.83889 2.30879 0.95606 0.12205 0.21359 0.92555 3.07160 2.93938
266 P 0 1 76.13716 0.03999 13.32600 0.26992 1.10967 0.02999 0.05998 0.64981 3.33900 5.03849
267 P 0 1 76.20572 0.07004 13.41805 0.43026 1.34080 0.03002 0.16010 0.48029 3.31199 4.55273
268 P 0 1 76.66600 0.37246 12.40185 0.77512 0.39259 0.04027 0.56372 0.65432 4.56010 3.57359
269 P 0 1 76.29496 0.15029 12.04288 0.66126 1.56297 0.01002 0.12023 0.81154 2.75523 5.59062
270 P 0 1 77.07490 0.05061 12.58097 1.04251 1.01215 0.01012 0.12146 0.52632 2.35830 5.22267
271 P 0 1 76.75638 0.08064 12.69025 0.80637 0.57454 0.03024 0.28223 0.96764 3.28596 4.52575
272 P 0 1 76.38680 0.07022 12.44859 0.07022 1.53476 0.02006 0.41127 0.74230 3.37045 4.94533
273 P 0 1 76.27968 0.21036 13.62316 0.93158 1.21206 0.03005 0.59100 2.18371 4.07693 0.86146
274 P 0 1 77.44101 0.14239 12.02197 0.50854 0.91538 0.02034 0.07120 0.75264 2.61391 5.51261
275 P 0 1 76.48418 0.21095 12.59669 0.64289 1.18533 0.01005 0.12054 0.27122 2.90306 5.57509
276 P 0 1 76.31553 0.13030 13.16027 0.93214 0.76175 0.04009 0.16037 0.22051 3.89897 4.38007
277 P 0 1 77.22110 0.23327 11.03448 2.23124 1.09533 0.08114 0.48682 0.53753 3.41785 3.66126
278 P 0 1 76.66130 0.11075 11.98147 0.42288 1.21828 0.02014 0.72493 0.24164 3.32259 5.29601
279 P 0 1 76.51256 0.57286 9.87940 0.25126 3.75879 0.10050 0.09045 1.81910 3.22613 3.78894
280 P 0 1 76.10717 0.08997 12.66620 0.29991 1.67950 0.01999 0.23993 0.63981 3.88883 4.36869
281 P 0 1 76.14284 0.12004 12.51375 0.23007 1.29039 0.03001 0.06002 0.82025 3.48104 5.31159
282 P 0 1 76.53328 0.11060 12.59803 0.48261 1.43776 0.05027 0.16087 0.33179 4.07199 4.22280
283 P 0 1 76.62573 0.13086 12.91524 0.11073 1.08718 0.06040 0.20133 0.35233 4.13731 4.37890
284 P 0 1 75.95290 0.10976 12.08342 1.18739 0.98783 0.01996 0.35921 0.31930 4.11096 4.86929
285 P 0 1 75.93775 0.12969 12.05108 0.85794 1.56624 0.04988 0.39904 0.78811 4.41939 3.80088
286 P 0 1 76.46172 0.08037 12.47740 0.19088 1.47679 0.06028 0.29134 0.69319 3.28511 4.98292
287 P 0 1 76.16093 0.20016 12.40993 0.90072 1.39111 0.03002 0.09007 0.62050 3.59287 4.60368
288 P 0 1 76.02398 0.07992 13.42657 0.54945 0.42957 0.01998 0.09990 0.79920 2.53746 6.03397
289 P 0 1 76.55936 0.40241 12.17304 0.26157 1.35815 0.11066 0.15091 0.25151 4.03421 4.69819
290 P 0 1 76.22959 0.15026 12.71161 0.80136 0.93158 0.03005 0.16027 0.17029 4.40749 4.40749
291 P 0 1 76.45168 0.11051 12.25638 0.32148 1.15531 0.03014 0.19088 0.54250 4.37010 4.57103
292 P 0 1 76.34430 0.08026 12.92135 0.14045 1.60514 0.03010 0.28090 0.52167 3.45104 4.62480
293 P 0 1 76.47473 0.10049 12.99367 0.59291 1.09537 0.02010 0.37182 0.62305 3.20571 4.52216
294 P 0 1 76.45936 0.07033 12.17723 0.13061 1.52718 0.08038 0.43203 0.38179 3.71747 5.02361
295 P 0 1 75.86998 0.55838 12.59348 0.25925 1.03699 0.00997 0.14957 1.00708 2.49277 6.02253
296 P 0 1 76.72449 0.14119 11.64784 2.69262 2.42033 0.02017 0.07059 0.46390 2.85397 2.96491
297 P 0 1 76.66264 0.01008 13.63362 0.88674 0.88674 0.06046 0.13100 0.95728 4.60500 2.16647
298 P 0 1 75.87514 0.10970 13.22429 0.18949 1.50593 0.01995 0.18949 0.80782 3.83963 4.23856
299 P 0 1 76.67036 0.14109 11.70009 1.61242 0.20155 0.04031 0.34264 0.17132 4.03104 5.08919
300 P 0 1 76.68112 0.17139 12.88436 0.67547 0.97792 0.02016 0.19155 0.43351 3.22613 4.73838
301 P 0 1 75.87789 0.02993 13.07861 0.28931 1.23703 0.03990 0.19952 0.73823 3.19234 5.31724
302 P 0 1 76.31949 0.14048 11.71985 0.64218 1.22416 0.01003 0.35119 1.17399 3.31126 5.10737
303 P 0 1 76.25827 0.11029 12.68298 1.11289 0.92240 0.02005 0.36094 0.41107 3.50912 4.61199
304 P 0 1 76.07522 0.12002 13.00260 0.12002 2.07041 0.01000 0.36007 0.48010 3.02060 4.74095
305 P 0 1 76.84147 0.18187 12.39770 0.06062 1.55603 0.02021 0.35364 0.34354 3.05143 5.19349
306 P 0 1 76.70970 0.12104 12.37644 0.62538 1.04902 0.07061 0.54468 0.52451 3.44967 4.52895
307 P 0 1 76.73292 0.01009 11.62345 0.22198 1.29149 0.21189 0.60539 0.69620 3.69287 4.91373
308 P 0 1 75.92611 0.17973 12.05192 1.51772 1.65751 0.02996 0.19970 0.56915 3.27509 4.59311
309 P 0 1 77.15880 0.05074 12.78539 0.45662 1.19736 0.04059 0.21309 0.81177 2.74987 4.53577
310 P 0 1 76.16186 0.20032 12.70032 0.52083 0.79127 0.03005 0.32051 0.73117 3.83614 4.70753
311 P 0 1 76.95577 0.10120 12.15464 0.75903 0.65783 0.04048 0.55662 1.13349 4.18986 3.45107
312 P 0 1 76.94020 0.08095 12.56703 0.60710 1.63918 0.11130 0.63746 0.72852 2.29687 4.39138
313 P 0 1 76.17998 0.13027 12.96723 1.27267 0.65137 0.02004 0.21044 0.25053 4.00842 4.30905
314 P 0 1 76.05042 0.18007 13.28531 1.08043 0.08003 0.07003 0.43017 0.62025 3.60144 4.60184
315 P 0 1 76.02521 0.14003 13.13263 0.50010 0.75015 0.01000 0.20004 0.68014 3.74075 4.82096
316 P 0 1 76.45875 0.06036 12.24346 0.35211 1.57948 0.02012 0.02012 0.48290 4.35614 4.42656
317 P 0 1 76.15994 0.26055 13.01734 1.18248 0.58122 0.02004 0.08017 0.22046 3.90821 4.56960
318 P 0 1 75.96961 0.15994 10.75570 0.83966 1.98920 0.01999 0.07997 0.89964 5.78768 3.49860
319 P 0 1 76.56659 0.03022 12.91558 0.47350 0.47350 0.01007 0.10075 1.04775 3.30445 5.07757
320 P 0 1 76.12179 0.13021 12.25962 0.84135 1.05168 0.05008 0.13021 1.10176 4.10657 4.20673
321 P 0 1 76.45875 0.14085 12.47485 0.84507 0.80483 0.03018 0.13078 0.46278 4.02414 4.62777
322 P 0 1 77.18871 0.22344 13.07130 0.63985 0.48751 0.01016 0.15235 1.01564 3.37193 3.83912
323 P 0 1 76.40495 0.11059 12.66714 0.52277 1.24661 0.02011 0.15080 0.74394 3.05620 5.07691
324 P 0 1 76.03041 0.06002 12.51501 0.42017 1.00040 0.02001 0.20008 0.55022 3.80152 5.40216
325 P 0 1 76.31288 0.07029 12.45105 0.57235 1.22502 0.10041 0.32132 0.11045 4.21729 4.61894
326 P 0 1 76.83753 0.08088 12.49621 1.43565 0.51562 0.03033 0.37408 0.99080 2.81064 4.42827
327 P 0 1 76.55888 0.10074 12.40052 0.84618 1.07787 0.03022 0.40294 0.40294 4.63383 3.54588
328 P 0 1 76.38191 0.05025 13.06533 0.31156 1.22613 0.02010 0.42211 0.21106 2.38191 5.92965
329 P 0 1 76.50493 0.15100 12.17032 0.93618 0.93618 0.04027 0.43286 0.32213 3.67425 4.83189
330 P 0 1 75.86345 0.15971 13.54562 0.22959 1.46736 0.06987 0.59892 0.41925 3.91296 3.73328
331 P 0 1 76.64918 0.16139 13.03208 0.02017 2.40065 0.04035 0.90781 1.14989 3.91366 1.72483
332 P 0 1 76.52332 0.05036 13.40518 0.23164 0.57408 0.01007 0.07050 0.20143 4.79404 4.13939
333 P 0 1 76.58502 0.27215 11.90404 1.51194 1.44139 0.04032 0.08064 0.05040 3.77986 4.33424
334 P 0 1 76.31579 0.19084 12.32423 0.35155 1.23544 0.07031 0.14062 0.37164 4.40940 4.59020
335 P 0 1 75.90410 0.13986 13.23676 0.90909 1.11888 0.05994 0.14985 0.64935 3.19680 4.63536
336 P 0 1 75.98000 0.20000 11.99000 2.16000 0.72000 0.04000 0.29000 1.14000 3.63000 3.85000
337 P 0 1 76.14513 0.24055 11.23584 0.45104 1.51348 0.03007 0.01002 0.38088 4.10945 5.88353
338 P 0 1 76.17567 0.04011 13.01514 0.45122 1.89512 0.07019 0.20054 0.42114 3.48942 4.24145
339 P 0 1 77.05650 0.19272 13.02363 0.09129 1.51131 0.05072 0.33472 1.06502 3.57034 3.10376
340 P 0 1 76.60347 0.05042 12.88826 0.60508 0.93788 0.03025 0.08068 0.43364 3.63050 4.73981
341 P 0 1 76.02843 0.05005 13.83245 0.27024 0.61055 0.04004 0.16014 0.61055 3.88350 4.51406
342 P 0 1 76.69628 0.07068 13.12601 1.37318 0.65630 0.04039 0.25242 0.16155 3.83683 3.78635
343 P 0 1 75.89170 0.08992 12.77850 0.34969 1.09901 0.00999 0.30972 0.95914 3.79658 4.71576
344 P 0 1 76.65758 0.19174 12.21112 1.31194 0.58533 0.05046 0.36331 0.17156 3.78444 4.67252
345 P 0 1 76.17329 0.07020 12.58524 0.55154 1.00281 0.04011 0.43121 0.94264 3.34938 4.85359
346 P 0 1 75.89687 0.19986 12.11152 0.98931 1.38903 0.05996 0.10992 0.49965 4.34696 4.39692
347 P 0 1 76.03364 0.19021 12.90419 0.38042 1.32145 0.03003 0.28031 0.61067 3.25358 4.99550
348 P 0 1 76.18379 0.05016 12.55016 0.70225 0.96308 0.01003 0.04013 0.27087 4.51445 4.71509
349 P 0 1 75.65252 0.17932 13.18988 0.94640 1.64375 0.06974 0.07970 0.21917 3.73580 4.28372
350 P 0 1 75.74307 0.11969 13.70437 0.48873 1.23678 0.01995 0.14961 0.73808 2.66308 5.13664
351 P 0 1 76.31394 0.02010 13.10421 0.23113 0.79389 0.01005 0.19094 1.12552 3.25595 4.95428
352 P 0 1 76.03124 0.10012 12.41490 0.31037 1.56187 0.03004 0.21025 1.20144 3.25390 4.88586
353 P 0 1 75.99840 0.12011 13.11180 1.02092 0.43039 0.02002 0.15014 0.92083 4.28386 3.94355
354 P 0 1 77.07065 0.12180 12.43402 0.19285 1.58343 0.14210 0.21315 0.71052 3.96874 3.56273
355 P 0 1 76.44216 0.14094 13.76221 0.69465 0.42283 0.04027 0.54364 1.02688 3.20145 3.72496
356 P 0 1 75.85173 0.09991 13.88750 0.08992 1.68848 0.02997 0.14987 0.81926 3.38695 3.99640
357 P 0 1 76.52454 0.10080 12.24675 0.16127 1.95545 0.03024 0.20159 0.33263 4.06209 4.38464
358 P 0 1 75.92759 0.24002 12.75128 1.13011 0.43004 0.01000 0.36004 0.22002 4.15042 4.78048
359 P 0 1 76.73102 0.08087 13.15071 0.22238 1.27363 0.03032 0.05054 0.56606 3.36602 4.52845
360 P 0 1 76.16133 0.23076 12.89255 1.07354 0.62205 0.02007 0.10033 0.05017 3.87278 4.97642
361 P 0 1 76.34517 0.08046 13.66791 0.71407 0.93533 0.02011 0.14080 0.74424 4.49563 2.85628
362 P 0 1 76.73102 0.03032 11.58395 1.53644 0.43465 0.01011 0.24260 0.73790 4.44759 4.24543
363 P 0 1 76.11551 0.08022 12.38344 0.81219 0.67181 0.02005 0.43116 0.38103 2.28617 6.81841
364 P 0 1 76.25075 0.08037 12.77878 0.24111 1.44665 0.03014 0.17079 0.75347 3.76733 4.48061
365 P 0 1 76.33511 0.26149 11.69667 1.62929 1.07613 0.03017 0.23132 0.11063 3.92236 4.70683
366 P 0 1 76.92308 0.21283 14.77653 1.14523 0.56755 0.01013 0.27364 0.25337 4.10459 1.73305
367 P 0 1 76.35815 0.18109 12.95775 0.86519 0.72435 0.08048 0.29175 0.50302 4.16499 3.87324
368 P 0 1 76.35577 0.12074 10.84616 2.40467 1.73056 0.12074 0.02012 0.32196 4.28615 3.79314
369 P 0 1 76.30970 0.02011 12.85068 0.20111 0.88487 0.01006 0.15083 0.82453 3.44897 5.29915
370 P 0 1 76.10069 0.21061 12.87734 0.88256 1.07311 0.02006 0.04012 0.13038 4.41280 4.25233
371 P 0 1 76.49194 0.12097 12.76210 0.31250 1.62298 0.03024 0.09073 0.59476 3.35685 4.61694
372 P 0 1 76.40721 0.12083 12.27470 0.28195 2.08438 0.02014 0.15104 0.65452 3.40348 4.60175
373 P 0 1 76.57685 0.34312 11.46433 0.98900 3.31012 0.10092 0.18165 0.93854 2.56333 3.53214
374 P 0 1 76.53823 0.08069 12.37644 2.51160 1.10954 0.24208 0.22191 0.50434 4.88199 1.53319
375 P 0 1 76.02445 0.01002 13.04479 0.34065 0.69131 0.11021 0.63120 0.98187 4.09779 4.06773
376 P 0 1 76.15941 0.06023 13.14997 0.11042 1.60610 0.02008 0.11042 0.54206 3.35274 4.88858
377 P 0 1 76.26659 0.23120 12.92722 0.41214 1.52795 0.03016 0.22115 0.54282 3.32730 4.51347
378 P 0 1 76.48719 0.10083 13.27889 0.55455 0.85703 0.03025 0.16132 0.91752 2.31902 5.29341
379 P 0 1 75.67837 0.19952 13.30806 0.74820 1.35674 0.05986 0.23943 0.32921 3.69114 4.38947
380 P 0 1 76.51034 0.17146 13.15179 1.00857 1.04892 0.02017 0.37317 0.45386 2.04740 5.21432
381 P 0 1 75.95114 0.15018 11.36364 1.15138 1.09131 0.05006 0.38046 0.31037 4.78574 4.76572
382 P 0 1 76.20291 0.20090 13.27976 0.86389 0.76344 0.05023 0.48217 0.56253 3.47564 4.11853
383 P 0 1 76.50797 0.01009 13.35485 0.40347 1.08937 0.17147 0.10087 0.32278 4.47852 3.56062
384 P 0 1 76.10113 0.18060 12.69188 0.73242 1.21401 0.03010 0.25083 0.10033 3.86275 4.83596
385 P 0 1 76.26181 0.10054 11.75347 1.48804 1.55842 0.04022 0.46250 0.68369 3.00623 4.64508
386 P 0 1 76.61380 0.47480 10.14244 2.73765 1.30316 0.02020 0.10102 0.87888 2.78816 4.93989
387 P 0 1 75.96154 0.17027 12.56010 1.85296 0.64103 0.04006 0.13021 0.27043 3.75601 4.61739
388 P 0 1 75.93112 0.12014 13.51622 0.56067 1.62195 0.01001 0.18022 0.55066 3.06368 4.44533
389 P 0 1 76.50560 0.04035 12.47856 0.89781 0.64562 0.01009 0.37325 0.20176 3.59124 5.25572
390 P 0 1 76.07343 0.08026 12.64045 0.92295 2.30738 0.01003 0.05016 0.14045 3.27047 4.50441
391 P 0 1 75.96674 0.01002 13.13364 0.71128 0.79142 0.01002 0.05009 1.01182 3.95712 4.35784
392 P 0 1 75.99719 0.10022 13.89056 0.29064 0.70154 0.03007 0.99218 3.37743 4.25937 0.36079
393 P 0 1 76.57812 0.04040 13.86729 0.92920 0.44440 0.01010 0.03030 0.22220 3.63600 4.24200
394 P 0 1 76.54720 0.09086 12.73094 0.56537 1.30237 0.02019 0.04038 0.27259 4.59364 3.83645
395 P 0 1 76.65555 0.09099 12.87029 1.37499 0.56617 0.07077 0.05055 0.79871 3.49813 4.02386
396 P 0 1 76.07103 0.16053 12.53135 0.48159 1.65546 0.06020 0.16053 0.55182 4.01324 4.31424
397 P 0 1 76.11686 0.17067 11.96667 1.05411 1.22478 0.03012 0.22086 1.12439 3.25269 4.83887
398 P 0 1 76.36986 0.01007 13.45689 0.54392 0.93674 0.06044 0.44319 0.98711 2.37712 4.81467
399 P 0 1 76.09394 0.17061 12.53513 0.47170 1.61582 0.04014 0.46166 0.50181 3.79366 4.31554
400 P 0 1 76.13739 0.11048 12.62428 0.12052 1.50648 0.04017 0.13056 1.83790 2.73175 4.76047
401 P 0 1 76.02286 0.11031 13.53791 0.14039 1.09306 0.02006 0.17048 0.66185 3.62014 4.62294
402 P 0 1 75.70401 0.05992 14.18015 0.20971 0.68904 0.02996 0.22968 0.85880 3.22548 4.81326
403 P 0 1 76.60435 0.17180 12.70339 1.11167 0.93987 0.04042 0.05053 0.70743 4.04245 3.62809
404 P 0 1 76.48840 0.12109 12.91625 0.87790 1.00908 0.01009 0.08073 0.17154 2.14934 6.17558
405 P 0 1 76.34972 0.12087 12.70145 0.57413 0.82595 0.03022 0.08058 0.65471 4.12973 4.53263
406 P 0 1 76.12735 0.13056 13.12644 0.08035 1.17505 0.07030 0.20086 0.42181 4.16792 4.49935
407 P 0 1 78.50854 0.13465 13.51631 0.20715 1.76075 0.03107 0.31072 1.46038 0.88037 3.19006
408 P 0 1 75.83792 0.10005 12.74637 0.45023 1.43072 0.02001 0.36018 0.85043 3.31166 4.89245
409 P 0 1 75.84067 0.06005 12.23979 0.10008 1.94155 0.01001 0.06005 0.30024 3.53283 5.91473
410 P 0 1 76.32189 0.05036 13.65696 0.24172 0.99708 0.02014 0.19136 0.31222 3.24303 4.96525
411 P 0 1 76.48365 0.01009 12.45458 1.12031 0.73678 0.02019 0.29269 0.77715 3.34073 4.76383
412 P 0 1 76.56092 0.16165 13.49768 0.06062 1.12144 0.01010 0.40412 0.28289 3.17236 4.72823
413 P 0 1 76.31420 0.20141 12.49748 0.08056 1.88318 0.05035 0.43303 0.73515 3.27291 4.53172
414 P 0 1 76.43736 0.17147 13.47589 0.45390 0.32278 0.03026 0.48416 0.96833 3.05628 4.59956
415 P 0 1 75.46306 0.23900 12.44772 0.63732 1.66302 0.16929 0.63732 0.57757 3.98327 4.18243
416 P 0 1 75.88383 0.14021 12.93941 1.20180 1.44216 0.14021 0.18027 0.08012 4.23635 3.75563
417 P 0 1 76.37335 0.09072 12.59954 0.54430 1.62282 0.05040 0.20159 0.77613 2.47959 5.26157
418 P 0 1 75.48072 0.08967 13.82883 1.41477 1.38488 0.02989 0.71735 0.27897 3.16828 3.60666
419 P 0 1 76.45871 0.17161 12.19463 0.41389 1.58490 0.03028 0.08076 0.38361 3.93701 4.74460
420 P 0 1 75.64167 0.10986 12.49376 1.09857 0.81894 0.00999 0.09987 0.41945 4.85369 4.45421
421 P 0 1 75.98315 0.17055 12.41974 0.52167 1.43459 0.03010 0.12039 0.84270 3.46108 5.01605
422 P 0 1 76.09001 0.07032 12.74864 0.55254 1.72795 0.02009 0.16074 0.44203 4.37010 3.81756
423 P 0 1 75.88418 0.42080 12.64402 0.06011 1.44274 0.03006 0.22042 0.79150 3.74712 4.75904
424 P 0 1 75.57374 0.07982 12.77190 1.28717 1.35701 0.03991 0.25943 0.17960 3.84155 4.60986
425 P 0 1 76.32772 0.06047 12.99002 1.02791 1.17908 0.04031 0.33256 0.31241 3.67832 4.05119
426 P 0 1 76.00602 0.12042 11.89162 0.79277 1.00351 0.03011 0.40140 0.47165 4.16458 5.11791
427 P 0 1 76.86764 0.13195 13.66220 0.80187 0.73082 0.01015 0.20300 0.21315 3.60333 3.77588
428 P 0 1 76.15648 0.17096 13.29445 0.41231 0.83467 0.03017 0.25141 0.85479 3.43926 4.55551
429 P 0 1 76.11820 0.24123 11.61926 0.66338 3.72902 0.09046 1.28656 0.83425 5.01558 0.40205
430 P 0 1 75.50105 0.06980 13.85981 0.45867 0.83757 0.02991 0.15954 0.72789 3.80895 4.54681
